# data in one-minute intervals
-4.320929848380896665e-01
-6.801960495180959798e-01
-1.603117596852124682e-01
4.504445786293098664e-01
5.061696013854948273e-01
1.350775669679871449e-01
5.412093006257919781e-01
4.848470247672223010e-01
3.388503865068587806e-01
3.364053663723176046e-01
6.116326891078680550e-01
2.120669230389467808e-01
2.731797794866643869e-01
-1.399271984343372910e-01
3.460840338887842260e-01
6.809859776757586081e-02
-3.481813339600635382e-02
4.009176825063154315e-01
1.417141176011741943e-01
1.781397528694390539e-02
-8.264004727405321882e-02
-1.168091082764314004e-01
3.696784408788404419e-01
2.463777211131820966e-01
-3.225610401958036166e-01
-3.887509945566282599e-01
-3.523668454085576024e-02
2.799688619460727335e-01
5.050009030042713620e-01
3.469631564840800486e-01
1.493893202466656522e-01
-2.146765524736318487e-01
6.591198410505963445e-02
4.781691124208767296e-01
4.238834035302174175e-01
4.137099413320250996e-01
6.876156014104798375e-01
7.934305211159144167e-02
2.003692636480801648e-01
1.210881488341925966e-01
-3.050603884644472741e-01
-1.345798865637535258e-01
-6.916992714935922271e-01
-8.276199720180111852e-01
-6.090472923489315127e-01
-3.106822605330357701e-01
-3.188735746542453731e-01
-3.213697755847954030e-01
-5.828356265018564963e-01
-6.110043716854830498e-01
-5.104698665893756537e-01
-6.944033295736395939e-01
-1.246328579821995713e-01
-3.716028612079200766e-01
-4.043512694917928418e-01
2.895927688968489844e-01
7.343585313742784053e-04
-3.082823609122576913e-01
1.592996307126851863e-01
1.177900434080889625e-01
3.415337805784579572e-01
2.568988624061842030e-01
2.035592353593014547e-01
9.547914041537144958e-02
1.384990409950483947e-01
-1.626411105040345972e-01
-1.307914547768800617e-01
1.458921352154184115e-01
3.987722321308628803e-02
2.223992964864394961e-01
3.175510242728346033e-01
1.524651380131436529e-01
2.225612355429678058e-01
1.667970275540549552e-01
-1.250642245009584153e-01
1.093346270030137041e-02
5.493326205276435892e-02
-3.006504554450991629e-01
-9.394155986069932518e-02
-7.108605739820370029e-02
-8.472330980924071275e-03
4.555571860337327417e-01
8.543902802074484493e-01
5.353006285460233382e-01
1.752937628950242133e-01
6.194362625720619547e-02
4.098957433619197788e-02
2.405511858693566152e-01
-1.876300372008716799e-01
-4.438717669669337701e-02
-1.612021804728077101e-01
-1.398726281935500360e-01
2.609699683439661300e-01
1.519340152830460922e-01
-5.144333640117001311e-02
-7.823016120314258900e-03
1.607985584702225079e-01
5.292019706485951991e-01
6.735019813410846323e-01
5.157413072613913352e-01
-5.328755928591866198e-02
-4.500581113712826542e-01
-2.250615446342414394e-01
-3.824354464837320666e-01
-2.330481324657597553e-01
1.094450062783860859e-02
1.226154622013931467e-01
-1.136927488108521039e-02
-1.286462878088321937e-01
-3.009375211834109387e-01
-4.358933354507739666e-01
-1.205309876415036896e-01
-1.041635160815410632e-01
-1.592894332975699490e-01
-3.321632368911718869e-01
2.225656318062518013e-01
1.305879711961959178e-01
-3.790884486233662976e-02
-3.267248930806342933e-01
-5.620669578141591211e-02
-3.006423499212251826e-01
-1.719152754190963750e-01
1.055127325987273851e-01
-3.469888037830132655e-03
8.891743281992129863e-03
2.545987607780850204e-01
2.612500407779175943e-02
3.301080324009407208e-01
3.896442790966063718e-01
3.058933561433751711e-02
-1.675112910645222830e-01
-8.293528830482271852e-02
-4.001496687098326510e-01
1.400413227026667540e-01
-2.024356319288652117e-01
-1.833449827728709514e-01
-2.724498120141733912e-02
1.246854295800513268e-01
-1.311860394609995484e-01
-2.818383142845398703e-01
-8.153517976910101828e-02
-2.482992809677360135e-01
-8.124441726351716575e-02
-2.597017531739516105e-01
-8.447404049712292640e-01
-9.782163652422732891e-01
-3.887019530802421907e-01
-4.271775736628759534e-01
-1.954377817820872609e-01
-3.921903680328029385e-01
-5.933118017573451031e-01
-7.230026675228632405e-01
-6.216278506025463280e-01
1.648244352887492659e-01
-1.626781985587107404e-01
-7.771991861450150418e-02
1.822099913857167797e-01
8.158561948569127698e-02
5.665186708698316531e-01
6.187824286157591613e-01
5.173998024887976888e-01
6.272441508555443024e-01
5.298971094956320682e-01
5.888161175448359819e-01
4.210518885509552112e-01
4.080555870839395194e-01
9.555090134263360957e-02
2.723742740924022243e-01
-3.330457585991236646e-02
7.881628616664630715e-02
-6.107194336989536509e-01
1.299340607298757333e-01
4.073520030996389818e-01
4.296794010804825398e-02
9.544209410004785010e-02
-8.467989699799285952e-02
4.444927843663790817e-02
1.630269574005237809e-01
1.805534209971548509e-01
-1.162188487549562291e-02
-7.170983114182266638e-02
1.438189545322990891e-02
-7.181752793883453001e-02
-5.417225866695870445e-02
8.787128093171872947e-03
5.366459916271510561e-02
6.829543867744093666e-02
3.113240092677171944e-01
5.268161495501946234e-01
7.356289773563713386e-01
1.568682121304162680e-01
7.283150522394531146e-02
2.618595624024639551e-02
-2.037837161079378845e-01
-3.745020933339548441e-01
-2.057469399045373792e-01
-4.293396672451505608e-03
1.552761279269327388e-01
1.811917303136258706e-01
1.523299408087850637e-01
-4.868963524019228467e-02
5.999651616450429881e-01
1.541793904585930797e-01
7.578425123819763909e-02
8.520730536078011119e-02
-2.308533232201263330e-01
-3.866971435303140914e-01
-4.030465238444391196e-01
-4.082842030187940896e-01
-3.527601554794368433e-01
3.523450664255850517e-02
-4.145611618229491646e-01
1.721432037949879312e-01
4.254562746152411035e-01
1.542715556646073460e-01
-6.816607168327933897e-01
-6.517663476284557555e-01
-3.333352249266903766e-01
-5.333181045485085869e-01
-5.038457336608217485e-01
-6.016230959611724716e-01
-4.290298470502069139e-01
-2.599471424939261976e-01
-4.141212730555928756e-01
-5.146348743483998289e-01
-4.045078338281440922e-01
-3.926429234802927132e-02
-1.788975654345947575e-01
1.568420939856573493e-01
-4.146238960087470470e-03
-1.792721032430774353e-01
2.506933571581800857e-01
9.572938415717564820e-02
-1.433753981523298304e-01
1.302600546385953573e-01
1.338476889612314202e-01
1.627834952915256095e-01
3.879714969403613156e-01
8.376646893880406175e-01
3.576931459412616143e-01
9.125911712783149055e-01
7.741955851999827720e-01
6.479356752741151082e-01
4.839165550214796219e-01
4.017224761018227397e-02
-1.339879482561465163e-01
-1.224878700327596904e-03
2.805149978529097865e-01
3.013361876434110867e-02
-1.900254046595613311e-01
-1.499564324999218545e-01
-1.412621477625913618e-03
-4.128228668783323618e-02
-2.767236603756435542e-01
7.084243513966878569e-02
-1.053651798964535535e-01
-6.721082346839334087e-02
4.835432821600871289e-02
7.744789111400950284e-03
1.972310900267760514e-01
-9.066704017415828931e-02
-2.499232930587343415e-01
-1.401452912844943777e-01
3.864291453704129520e-01
2.039034427127647819e-01
1.169369149598273178e-01
-3.849257461099130084e-02
-3.038106483123129697e-01
-2.243320262862495140e-01
-8.772289767202866295e-02
3.020367482211184229e-01
2.291311662893613099e-01
-1.345518923584976823e-01
2.813221120288011620e-02
1.181163305613121967e-02
-1.328971454829642462e-01
1.039714078414472401e-02
2.170528677786167926e-01
2.298381775787552150e-01
3.639057504493176110e-01
4.389103996811195008e-01
5.121829065391323432e-01
2.486009102695150297e-01
2.350651391750530894e-01
4.660183360846011369e-01
5.092094631487283918e-01
1.932628842104541222e-01
3.026916693881845366e-01
2.432919660564905329e-01
7.120481583953004456e-01
7.373009587935352993e-01
5.240383859876578398e-01
4.383151527578888484e-01
6.565345978063511501e-01
3.596359332408045062e-01
2.968645227300619749e-01
2.353248778491818516e-01
8.242913497067401174e-01
6.396403168768264313e-01
5.492605866771728129e-01
6.879464682887853622e-01
6.576156991510889727e-01
6.471276245415598094e-01
4.252132618206343473e-01
4.375567307068570777e-01
5.178056768066920945e-01
5.309620827561648548e-01
3.518529100373358753e-01
3.605764023643442950e-01
3.725448557240536029e-01
3.452969268879474973e-01
-1.454258622220458985e-01
2.227701423406238113e-01
3.050262427038416546e-01
6.117444472668742000e-02
6.948055693233638752e-02
3.027989144716044523e-01
6.367249930234681887e-01
3.639256959100413691e-01
8.556557426852050563e-01
4.263818575117705456e-01
5.716304335412991655e-01
4.900979125973332629e-01
4.595904415250707253e-01
5.840174751271819398e-01
4.311601803025058577e-01
3.421690753609958335e-01
5.363205773986919889e-01
1.445109363590637297e-01
1.913942051368206776e-01
3.516340696852234271e-01
3.645182167383511501e-02
1.631471799300503733e-01
1.452470112107585587e-01
3.648329746988561162e-01
6.646480270039922811e-01
5.505989518567298013e-01
1.756494780744201067e-01
4.691369107278625106e-01
3.938581975805074964e-01
-4.709552490895451554e-03
-3.479317092101236186e-02
-2.561554354633742148e-01
-2.165436697688932211e-01
5.253913653614955374e-03
2.455188115450873398e-01
1.151046751978042487e-01
3.922282797106476093e-01
-2.292932006485067231e-01
4.952296243188661611e-04
7.906071137235244628e-02
1.859856289319490597e-01
3.319772492393036067e-01
5.750562417817663974e-01
1.222480132498599409e-01
3.586863260101097461e-01
4.048249827446511739e-01
1.100073612186689836e-01
2.524520362889830505e-01
3.230477670889809194e-01
5.405764942471741677e-03
-9.067506910482005245e-02
-4.953337924543736032e-02
3.066138653448989906e-02
1.505516742924748741e-01
2.089752478826697752e-03
-1.030870114828212475e-01
-3.312956033492877456e-02
3.131789138112583970e-02
1.773983931141253079e-01
2.513707789982951857e-01
2.245302814053453944e-01
3.514644491331193055e-01
5.376043958799718858e-01
3.969195334328675662e-01
5.226551229377611740e-01
5.021282323845278617e-01
1.900219747624899425e-01
-2.374257398002456443e-01
-1.517658906220978043e-01
5.380486711338707817e-01
3.270184770215241454e-01
3.858288904182059498e-01
5.785947852397967939e-01
3.459086497991722964e-01
1.992773114709822102e-01
3.608810910515514725e-01
5.575514234238320155e-01
6.722895634785441832e-01
2.578644096421747745e-01
3.425136472247575746e-03
4.717100544043549837e-01
3.633906552609585394e-01
5.839743066900052182e-02
1.497744553279557744e-01
-5.886752590251462941e-02
5.476861491149798145e-01
5.973733187539393974e-01
1.536980930077598007e-01
6.603768667827349947e-01
5.930626925114971248e-01
4.636947853276873199e-01
5.092041199020802544e-02
1.455198741160186326e-01
4.611819154471995530e-01
6.207057370687998343e-01
-2.999144427995800721e-02
5.205687276793476981e-01
3.286696794968537727e-01
4.462249185194022694e-01
7.554935456867756249e-01
8.318750741667548798e-01
6.944690107440796289e-01
4.135206169165290824e-01
1.353261469069544642e-01
1.915016081275091597e-01
3.929037875736514085e-01
4.168168638662516634e-01
3.146409745172965566e-01
1.442444615698648125e-01
8.756485249821645278e-02
4.530402597905770073e-02
5.536794132045795847e-01
3.770275834714140184e-01
3.668926550224944627e-01
4.110842842713677836e-01
3.592855005652795253e-01
1.121110315405579073e-03
4.923249707147844823e-02
5.975716763986559377e-01
5.663229226672417127e-01
4.649200804148196919e-01
2.823173942268241698e-01
5.913944130558961287e-01
7.386491739696521286e-01
3.926423242300130512e-01
4.205130829902494205e-01
1.455612993943577460e-01
2.555308644001491256e-02
3.755308126570540139e-01
2.391457965738510993e-01
3.415614140975079538e-01
2.607209137899282325e-01
3.721104070006047704e-01
1.033234609134856541e-01
-2.458973943960241770e-01
-1.119810675202884409e-01
-6.020558770835100076e-02
1.078362611558944667e-01
6.221146337221295647e-02
-3.093290560705700409e-01
-6.401981139368387308e-02
-3.187380799772423501e-01
-2.741360280842739527e-01
-2.273712835620877171e-01
1.340047649097769744e-02
1.474619656390822042e-01
4.953485494375872711e-01
3.045667769822801296e-01
4.598866270410107426e-01
1.801282040998772593e-01
1.537788230223966213e-01
3.249617731976603419e-01
1.049893778167787228e-01
-3.082159541230552469e-01
-6.296778047806392276e-02
-1.169337849090894971e-01
-4.431808102380630499e-01
2.312449708609402854e-02
-3.885569724051723406e-01
-4.553320141365971296e-01
-1.388559559039711788e-01
2.029602329793116500e-01
2.629462572568477818e-01
5.146326461796874030e-01
4.257509635552049823e-03
8.567560667483481440e-02
-2.259872075725165852e-01
-2.257614521990117251e-01
1.197428515233396190e-01
-1.330138220476957504e-02
2.504048505611914943e-01
1.625218839135880167e-01
1.363410082593507489e-01
-1.780111570318084271e-02
-9.488042897453895230e-02
-1.393188612066422194e-01
-4.054319108753049461e-01
-4.451396851966257229e-01
-2.938866452372506655e-01
-1.688087988241990245e-01
-4.673270253972057198e-01
7.731943096850228681e-02
-2.619093349496897510e-02
6.471316585031054724e-02
4.418993481405746881e-01
2.979708956746854875e-01
5.791242080287397620e-01
5.877703093219871500e-01
3.540180712046950284e-01
2.166173603252907753e-01
6.444168195742256966e-01
2.598534584691170601e-01
9.185518651626461972e-02
2.141541707771586200e-01
6.421434647939665286e-02
3.136235704397788426e-01
3.245025634213644095e-01
2.074465579997118170e-01
2.066571037184617710e-01
6.860304162995707611e-02
1.996545565633721375e-01
-3.069031810968925189e-01
-3.553108786839541677e-01
-7.453052200721859144e-01
-9.568427350283533750e-01
-9.181931152961630982e-01
-6.411134597069404473e-01
-3.420056270456114378e-01
-4.189865829714086165e-01
6.569757052970730260e-02
2.303737343158497042e-01
-8.245281538574480984e-02
1.349210170598249582e-02
3.538272800236719889e-02
5.263986815279761977e-01
2.693400154175859193e-02
7.905709750879873210e-02
3.525617528985483529e-02
2.954113359262932614e-01
1.287608373031250836e-02
2.146480317686602080e-01
5.708120042535506922e-02
3.289331518827972034e-01
1.372228570036307105e-01
3.493038608947532375e-02
-2.775188795992800661e-01
-2.175221046819729998e-01
9.477954755360629147e-02
1.539384688777305776e-01
8.757390283996481506e-02
2.059399926920474633e-01
-1.018848696132979847e-01
1.812531971454415802e-01
2.921902742531201080e-01
1.422883079003794404e-01
5.822849288967071324e-01
4.195443322382642615e-01
1.830929258385957659e-02
5.791086913553761262e-01
2.729049169441784550e-01
1.770547211567946866e-01
2.355820494909122986e-01
4.158287946287005932e-01
6.915952877257205422e-01
8.238760928101647174e-01
-1.744366594647939845e-03
1.195371506374024867e-01
5.752775047722809010e-01
3.657088463921596699e-01
2.710064227764974465e-01
-1.075305286386116776e-01
6.080294423770447182e-02
2.373925253656777867e-02
-1.891405239772546432e-01
-2.110196700354393384e-01
-1.868738618711888455e-01
-1.340888869809359063e-01
-4.893938941140037191e-02
-1.018399042141410749e-01
1.115065387368419786e-01
-2.651660677232988705e-01
-3.842376624568155097e-01
-1.100099672316639660e-01
2.830818184668015269e-01
1.651649814812256867e-01
5.103733916072994425e-01
-1.292603749438678024e-03
-4.283132255234517460e-02
-7.370812791593436830e-02
6.916976519205690621e-02
4.033008705688206907e-01
6.497372113495231138e-01
7.649282770816125954e-01
2.344618885943247633e-01
1.881382432591065523e-01
3.696954503540270109e-01
7.749773578229662840e-01
3.411002557579669303e-01
1.950021853819538797e-01
3.600691702296854313e-01
3.854309281706740919e-01
9.959793331241639791e-02
3.742175049585656499e-01
4.840597519642990121e-01
6.029845937750043516e-01
5.056045498821803985e-01
8.425009454909627715e-01
3.188044515522377997e-01
3.554700924523517686e-02
2.255245559733678740e-01
1.181975033176123069e-01
1.096524527417610806e-01
-3.209871461970439932e-01
2.116266266448648542e-02
4.362363101554259104e-02
2.195244390787800814e-01
4.112241417968069412e-01
-9.055758585501257063e-02
-1.248817121851994727e-01
-5.149684837798478299e-01
-2.939405033171514914e-01
-3.926720825917605628e-01
3.032676671881388147e-02
1.198228922190114620e-01
-1.992163378421485664e-01
-1.518556327842266185e-01
-3.211311276967981909e-02
-6.190443432356546039e-01
-2.351398063527024851e-01
-3.207993316774627734e-01
-5.446071751448479104e-01
-3.840146361777614925e-01
-5.944223030852771039e-01
-7.584682594416847223e-01
-5.403400950823661342e-01
-4.510019851121485623e-01
-6.474784203876124966e-01
-5.959889874837748236e-01
-6.971397951738445009e-02
-1.554304467520481181e-01
-2.883101362978298028e-04
-6.371345623276584158e-01
-5.707128845527186245e-01
-9.066043329940724760e-02
-3.507083689128451254e-01
-4.065828453933427733e-01
-1.807410959823828878e-01
-2.909789120023888453e-01
1.218047524985593072e-01
-1.581752993089557621e-02
-2.077736352420081756e-01
-3.022891759982887505e-01
-1.621176740741691047e-01
-7.106961153300697109e-01
-4.381618252485636189e-01
-2.096627269121523196e-01
1.598463752254951353e-01
-1.419953237854723604e-01
7.016624474274305023e-02
-3.434480620311423094e-01
-2.827505951598109912e-01
-9.101127616197567105e-02
-1.517322590546252292e-01
-9.430573751624825307e-02
-1.433484990593199560e-01
-1.431134108426024287e-01
-3.553559949123984846e-02
-2.317234461469193096e-01
-1.592201939724088855e-01
-3.879384046679690834e-01
7.382294504520195422e-02
1.332218571855357248e-01
-2.156175806468040579e-01
-4.983801718230841393e-01
-4.244040672906085887e-01
-2.043085672581456402e-01
-5.964314079274540825e-01
-3.718254247075004071e-01
7.660544443197989106e-02
2.325114106170785566e-01
1.126444142081553523e-01
-2.859242444998979504e-01
-1.645904566857243623e-01
-2.886394969909486519e-01
-5.071372932880794382e-01
-1.493730972700652304e-01
-4.106144370984329273e-01
-4.589648126483796275e-01
-4.262060479606212815e-01
-3.751413973654470491e-01
-4.650702090444892162e-02
-1.934031239693991822e-01
2.608528297819484032e-01
1.421958181770927032e-01
-3.329085992441962322e-02
-1.571791836638963547e-01
-3.539930263796911558e-02
-4.694221192751237837e-01
-3.235540011684148037e-02
2.826025689571304636e-02
8.764337977631399268e-02
3.772144360051499778e-01
2.084672673317135572e-01
3.708047080037084053e-01
-1.257588674775790907e-02
-7.834504826244359510e-02
-7.567094954170905385e-03
7.847317400948446153e-02
2.046545406591991079e-01
4.335720501143485728e-01
1.256129341942387456e-01
-1.918342046841467474e-01
1.795984629567984048e-01
3.935214855439320147e-02
2.878550051766641804e-01
1.832478687187152899e-01
2.225743333936155977e-01
7.638857898569682003e-01
1.019396933180038767e+00
4.804402617995812141e-01
4.839587218686440262e-01
1.788930388345805478e-01
1.368970219957822976e-01
-5.105587787620816109e-02
-1.464308524355237007e-01
1.508684104424509176e-01
4.681502607752335843e-01
4.314297482966971686e-01
1.670604078699947370e-01
3.140126764150968919e-01
4.998796251138331592e-01
1.166609320282322310e-01
1.903142616358618477e-01
7.198563705295245585e-01
2.290362180589081698e-01
4.990091331269732033e-01
2.496469595740382907e-01
6.296513145942674861e-01
6.437212748955118968e-01
3.516423263686178635e-01
-3.860907225370414225e-02
8.157071864136655748e-02
4.475082951689181576e-01
-3.088033507371438363e-02
4.588818350032257687e-01
6.155546686344632867e-01
7.381925588967770402e-01
6.699302213239158865e-01
4.815945457098058657e-01
7.196797215289792993e-01
1.809834952230132687e-01
2.358112457899525782e-01
5.927699153121781528e-01
1.882936415331157576e-01
7.483504605783530828e-01
6.413102371539374236e-01
9.930094698413062526e-02
1.863549137308615489e-01
-1.816301983576310008e-01
-8.378862509398453395e-02
4.234177460954297589e-01
2.277179140480296293e-01
8.125163458195191479e-01
6.870511892852296798e-01
9.670074026030720526e-01
7.511973369816925539e-01
6.065169587701215725e-01
8.245010490876197862e-01
4.814359732441523820e-01
5.238745406957484585e-01
6.890983503795224951e-01
6.924951408172790313e-01
1.038398696556270817e+00
9.756325095942518510e-01
7.787001917414339003e-01
4.543339927526341415e-01
6.143970923955804908e-01
8.484263010167024666e-01
6.934236167575301701e-01
4.301548125957898594e-01
1.129515689481680046e-01
4.319851349557638498e-01
6.160598245810481322e-01
1.184998645937680450e-01
1.421814466562450717e-02
2.665330474303184705e-01
2.126044782092990637e-01
1.720497547878435951e-01
2.631381312140406714e-01
7.203743801356442267e-02
4.407122657505974650e-01
2.708934533166038605e-01
1.356557879440908332e-01
9.295343492413137357e-03
-1.110557119218392730e-01
-2.168818760231733811e-01
2.137882384268624258e-01
1.894386296114208279e-01
-8.081638220203278544e-02
-6.708797788595079192e-02
-2.265621672193897096e-01
-4.278905507654921087e-02
-1.150100100765363981e-01
-3.896746073191755810e-01
-3.735314808847455259e-01
-7.147041790344810241e-01
-2.086039323538558254e-01
7.811632136132572179e-02
-1.411347697048280503e-01
-1.701145732198234561e-01
-2.034057684672781752e-01
9.775475848474336760e-02
-1.858603519057153985e-01
1.684782511301192442e-01
1.159653197827652249e-02
2.490828862790199494e-01
3.330026903513193526e-01
1.208067534453270836e-01
1.860281814851513782e-02
1.648431244825435127e-01
4.841854245656012495e-02
2.243168633255424385e-02
1.063662250445237822e-01
-8.515868601800537230e-02
1.319135812638431993e-01
-1.229495359609345667e-01
-1.221645429828466245e-01
-7.379360291053582710e-02
7.436641697762459702e-03
-1.519537902145862325e-02
3.438430772208759256e-01
-1.734097259117969858e-01
1.944571490876732811e-02
-4.928778819165810510e-01
-4.118157207479095638e-01
-2.463130951991340245e-01
-1.777129741243708150e-01
2.772673263445486758e-02
-3.876548601662527793e-01
-5.781533510596903458e-01
-5.229749182183181938e-02
1.304055796330249040e-01
-1.779870573634288466e-01
-3.384054535419970811e-01
-2.633329050675101701e-01
-2.922305970767814509e-01
-1.950421312321949929e-01
-8.176416338251996443e-03
4.314626320217022221e-02
-2.821890231899927826e-01
6.706685318402058615e-02
4.022947446428824514e-01
-1.275091880235403596e-01
-2.153230583731891024e-01
-5.241431553426367795e-02
1.409144624275337765e-01
4.630320571476769786e-01
2.366454289003192268e-01
1.238380843463967873e-01
5.154563165629727842e-03
-2.283692829996405438e-01
-5.585453366459030428e-02
1.245513332537186331e-02
-2.637787018929682592e-01
-4.012313624693679137e-01
-5.935520978277791793e-01
-1.277202066035372230e-01
-3.969231019590411386e-02
-3.433915633705756920e-01
-3.637041452043429102e-01
-2.150464214516778494e-01
1.333554130320382947e-01
1.298586804297607311e-01
-2.894140593199737155e-01
-4.501742887890687328e-01
-1.562219831191918040e-01
-1.576974706127380887e-01
1.203233329098672422e-01
-4.820309403390369424e-02
-1.938048067525761087e-01
-6.654243851255386977e-02
-2.627900762317755268e-01
2.089462895499445694e-01
2.110742730740831907e-01
-4.478788765066780281e-02
-7.869007583877232759e-02
2.482609908066141791e-01
-2.420125508980398299e-01
-7.440709756744320891e-02
-2.851402403540687081e-01
-2.349285126254601896e-01
1.575558543441454721e-03
-1.536131889241338089e-01
-1.026536124174999148e-01
-2.230870340371866531e-02
1.701312324356805614e-02
-2.488057298521581251e-01
-3.712982742204425923e-01
-2.461578270151665582e-01
-6.902911635442846028e-02
3.809428032574028733e-01
2.081561631964062298e-01
1.590823187462605814e-01
-4.683441216156566944e-02
-5.652200536381232210e-01
-1.115490407310149312e-01
5.044570378437376011e-03
-3.112935454983649375e-02
-1.679328061754178369e-01
2.294319148131836461e-01
-8.598204327955603909e-02
-4.871310605185014131e-02
-2.735650824115844482e-01
-3.020657223525003432e-01
-1.772837276680614693e-01
-5.591132199295971716e-01
-1.520726322637629968e-01
-2.057307183575834142e-01
-3.323794258908949750e-01
-3.611750726973864123e-02
-7.637641579427022209e-02
-1.029787184143856824e-02
3.721973931805953040e-01
4.858745221707885253e-01
2.342521450225601432e-01
4.546942909105234493e-02
-2.906169088311700843e-01
-2.515112666155084470e-02
4.094922027458378425e-03
-1.956636681497157804e-02
1.499391842730420366e-01
1.158790117351742033e-01
6.296712561260689456e-02
-3.908517780760268484e-02
-5.102222305780025335e-01
-4.067207182346228023e-01
-4.931639910514176717e-01
-6.537953932958431302e-01
-4.567190304733431683e-02
-2.290092116232669839e-01
-2.135274262088771857e-01
1.275901754059640403e-01
-1.999615643477023474e-01
-1.549973983447984205e-01
-5.594664377815239398e-01
-2.182563845071676389e-02
-3.256965163243527028e-01
-4.601260085941733524e-01
-2.102312652851716368e-01
-3.461433162151076881e-01
-3.509154201652942007e-01
-7.608227171694892377e-01
-4.044027157535420303e-01
-1.132472300657033359e-01
-2.353273138897773731e-01
-4.222046543158257115e-01
-5.117640849826359251e-01
-5.338991045453356232e-01
-8.558171180888411722e-02
-7.219361087445392601e-04
1.730145875496997276e-01
2.546379690699686060e-01
-9.251707311222638619e-02
3.161329048575622219e-02
7.754777746019766993e-02
1.516614058981196056e-01
3.621481147857393279e-01
1.529040357253070182e-03
3.161072959477532751e-01
6.682064282315416381e-01
2.054288836570387355e-01
-1.008796305228742696e-01
1.415299176958294547e-01
-2.201858898495935302e-01
-1.964906747136733189e-01
-2.279116741493637799e-01
-5.118588572473475873e-01
-1.043988219174398352e-01
-1.170332713777923334e-01
-1.812367035923299063e-01
-2.025828873042195555e-01
-6.634860309448446791e-02
-2.298034899034546441e-01
-2.182817583124661842e-01
-4.605185049253126550e-01
-7.005127050526980259e-01
-2.033910301001178589e-01
-9.079152937405994550e-02
1.547479818608666069e-01
8.031178961302588848e-02
3.816742963708288916e-01
1.430055819989053956e-01
2.725460977903878534e-01
6.888402853381255797e-01
5.194693734891224768e-01
3.685863685195729378e-01
3.837132114026521879e-01
3.296214561485734107e-01
7.323189606549435071e-01
2.279685239733970636e-01
2.432496433841980776e-01
2.765662574451699385e-01
-8.956087635658142171e-03
-6.290753921420882966e-02
1.224560948063176287e-02
3.856556396490242178e-01
7.083764548520361803e-02
-4.041058576968215577e-01
-1.890933146888958138e-01
-3.732796406369493641e-02
-4.534082807796132042e-01
-1.718146197908904937e-01
5.162422269991873147e-01
3.718043660943832762e-01
2.085761876642176216e-01
4.991433116297301631e-02
3.173995480477139197e-01
1.147787270401408044e-01
-1.637683565992995374e-02
-6.491075717581001880e-02
1.058485010935884428e-03
-2.031750495622292041e-01
-3.815079252414612099e-01
-1.737355126986850629e-01
-4.695166046901440016e-01
-2.261917264985659898e-02
-2.324719204031077124e-01
-4.697485286581048469e-01
-1.625679402910273352e-01
-9.417192970461610302e-02
-1.861461333981708766e-01
-3.016149076661881479e-01
-2.372520895107837202e-01
-3.333133552706227243e-02
1.282367613418310404e-01
-1.353379880775680000e-01
-3.521778837596669653e-01
-2.159648661845775808e-01
-7.934751087903828617e-03
1.343868314370762762e-01
-3.829186466754928853e-02
1.019811285709325138e-01
2.509983401415146198e-01
4.725255038025758525e-01
-1.301210298587917036e-01
-9.431525600881424110e-02
1.973016836930895912e-01
3.128080466891838829e-01
4.329844579179321640e-01
3.851801006359721335e-01
7.615073231405143916e-01
6.416996651794866224e-01
3.310470314714784590e-01
4.202824462488483070e-01
4.150595155214620857e-01
4.917777360249692142e-01
4.966110763908275771e-01
1.922783853052030811e-01
4.478843800859992341e-01
1.871413419219019880e-01
-1.544791744835339597e-01
-1.630878832517742016e-01
1.389838955128628872e-01
1.204096060157879428e-01
5.397219909391579584e-01
1.938001611388735085e-02
2.460046118270188820e-01
8.518067420619208907e-02
-4.818046042263366413e-01
5.371821535495733269e-01
5.222467963285740700e-01
5.714520042336256322e-01
2.847904984288564534e-01
4.544224289220720192e-01
4.909785219480384821e-01
2.163112230809745573e-01
-9.754353644703207815e-02
7.257979279258551519e-02
8.060460400754113630e-01
6.324431631566401757e-01
2.480338076847590778e-01
7.742511261762349828e-02
2.481173239043001078e-01
-3.097291996270954972e-01
-1.553258841468665719e-01
1.410873589058127819e-01
7.089423921581738952e-01
5.999524369571895138e-02
-3.188156717643103044e-01
-2.977529789230297097e-01
1.911474872483195364e-01
1.836900532467428127e-01
-3.991466001160633853e-02
8.056719334107106945e-02
-2.635642609976922568e-01
-2.427483876745245919e-02
-3.007034458784025310e-01
-8.801485302265071864e-02
3.925139922240748064e-02
-2.619630829916373416e-01
-4.135392271497593808e-01
-3.452707617305822430e-01
-4.647119806110732720e-01
-3.024981703394413191e-01
-1.202644762319992205e-01
6.738421228125310303e-02
-5.221844550114900230e-01
-4.555724960187653161e-01
-5.087341699066566525e-01
1.380860209690633160e-02
-2.274771105062547427e-01
-1.182410391470578442e-01
-1.682546479205445922e-01
-3.472051885433258267e-01
-1.921316065309270349e-01
-9.285105614684706354e-02
-2.712030527337914165e-01
-3.142411010114036785e-01
-2.260788476075057396e-01
-2.298859988176768787e-01
-3.494843501293114496e-01
-2.780838101171488885e-01
-1.917255162461287479e-02
-2.626087880741044267e-01
-7.805821757261095784e-02
-3.187786573830630327e-02
-6.139125613143063542e-02
-3.524774187218715493e-01
-5.616563084911104786e-01
-5.430609770347709642e-01
-6.056320036339598589e-01
-3.221775739669213712e-01
-2.258203029224674363e-01
-8.415665426479236599e-02
-6.528664801251727878e-01
-1.618944849986609646e-01
-4.164782134669275382e-01
-5.433032604727274784e-01
-3.147479215154054821e-01
1.140863908478665090e-01
-8.230090838452086208e-03
-1.038975422158050083e-01
-2.800242396109720033e-01
9.690432066953620638e-02
1.308776100100534912e-01
-1.713128398813107411e-01
-8.212763730681092722e-02
-4.532590852249842595e-01
-3.731286505393277553e-01
2.984580044630063753e-02
-3.251893555993676244e-01
-3.905551862300198351e-01
-4.595239546039893708e-01
-2.343125094906139405e-01
-4.149871660363917414e-01
-4.432351393272647710e-01
-4.597444773545096841e-01
-4.742956967045361405e-01
-6.215124815924658597e-01
-5.348171149127032287e-01
-4.769408504260443382e-01
-6.864380562532766961e-01
-6.031614430370703106e-01
-4.126956319350183477e-01
-6.647786654674826545e-01
-4.808202145395957805e-01
-3.944716472848596167e-01
-3.489601610069060222e-01
-6.890525456125295989e-01
-5.713802777793439702e-01
-3.104144462019121642e-01
-2.714936685611588629e-01
-4.910618065375151053e-02
-1.754248716191526558e-01
-4.141529237564013366e-01
-3.756350293442858312e-01
-3.593049047539846885e-01
-9.481836579983815572e-02
-5.289582863101330856e-01
-6.361643068864132333e-01
-1.427097660285265857e-01
-2.036646451467823693e-01
1.090406501741915807e-01
-1.404237971582917577e-01
1.043264593815282498e-01
-3.583563556404260608e-01
-2.129042524270748915e-01
-2.225406632572086152e-01
-5.002459976478039749e-01
-3.735134014874446629e-01
-3.416738580691289773e-01
-6.847452659752031323e-01
-8.925230866369469052e-01
-8.421413925211408413e-01
-2.005920321917635252e-01
-5.178691541861715208e-01
-2.246561001650412281e-01
-3.610203076209479445e-01
-6.529550792270065740e-01
-7.318010169004806054e-01
-3.930025255331568990e-01
-5.111656288956508698e-01
-6.089125523680954943e-01
-5.932610918449778836e-01
-8.962595314588315265e-01
-3.829601576490228032e-01
-3.105114604085630337e-01
-9.761494975488506087e-01
-4.476292972650283697e-01
-8.474083444651729913e-01
-4.367065613437341454e-01
-1.579275823149634272e-01
-1.854905403928297780e-01
-2.358125922868463398e-01
-9.229656401253186759e-01
-8.384735707264895366e-01
-3.549968181026428304e-01
1.459105534277392313e-01
-1.536920313681079953e-01
-6.227906509944086677e-01
-3.541475286762062469e-01
-9.129278714152165575e-02
5.151600032470226020e-01
1.631324937527371122e-01
-8.618878914883458531e-02
2.573872364657993628e-01
3.292433888185992141e-01
2.781684086973329473e-01
-1.605339972611062871e-01
-4.627297488459909403e-01
-4.167787139388650641e-01
-1.590571395223666362e-01
-9.898384777694933800e-02
-4.031785379078974274e-01
5.315235329240181050e-02
-9.188736877310606233e-02
2.149888927392046289e-02
-2.246610396962208656e-01
-4.588793619656989647e-02
2.708111067937084560e-01
5.795047025966830745e-01
6.282843968809467272e-01
1.997950591135899678e-01
3.108872056785351723e-01
-1.957243348935044647e-01
-7.174944865049660836e-02
4.169504091468884677e-01
5.349089673577448467e-01
5.820155946197538288e-01
4.561166371947122378e-01
9.117534593032321499e-01
7.010257702289092174e-01
7.931428659264639913e-01
7.234684057885868436e-01
4.380978193790033837e-01
-1.935836959288993533e-02
3.177219686410251431e-01
7.810733105247644747e-01
1.946223502918690285e-01
-1.168567634211811340e-01
1.682926272569852666e-01
1.018894963677190041e-01
1.908070252594313565e-01
2.676394177284017739e-01
2.819462534776484564e-01
2.676209443568943191e-01
7.516268102788610517e-03
-1.562077132677158753e-01
-3.533633494490616145e-01
1.727026228175219114e-01
-8.010917956098269344e-02
3.301659140515599278e-01
2.244255841932298046e-01
-1.162766736697345843e-01
-9.045680492107106840e-02
-1.201757933234194886e-01
1.330027731530825652e-01
3.205347048320085768e-01
4.128471449243964475e-01
-1.639541634947567494e-01
1.468646591341122021e-01
-1.742908535421376359e-01
1.176105603982399300e-01
9.775239286288336937e-02
3.889056023461711087e-01
5.718797914385394948e-02
2.665247262665298433e-01
1.025603184300039467e-01
3.701184114961098004e-01
5.700474574392722094e-01
2.472559303107633721e-01
7.514275307265784187e-01
5.872327464409197173e-01
9.162121198120709575e-01
6.783368874700388407e-01
5.347158339829738427e-01
3.118027015270736224e-01
2.277541750356214256e-01
4.334897913301671291e-01
5.518493975501138626e-01
7.602175783997389136e-01
1.011522733707076682e+00
3.449837686417258631e-01
2.646194993125774442e-01
1.188779699667613377e-01
8.958750289548546297e-02
2.172887213963976827e-01
2.478454794615342904e-01
5.711391415485630452e-01
8.516266177187936659e-02
2.513530737309838115e-01
4.816024528101922053e-01
4.621741847575830398e-01
9.644754268735304670e-02
-1.747142463011058244e-01
1.445572006928399211e-01
1.342680944814524380e-01
2.435734167015631835e-01
8.816844939698169348e-02
2.587679983369713388e-01
-6.812588429269469947e-02
-2.939930486610407012e-01
5.364087262758940712e-04
-5.481775451744640149e-02
-1.121834049455583925e-02
2.682064162715389610e-01
2.978212828909482801e-01
-8.284897879350372474e-02
-4.674313310890236273e-01
6.405764665576904604e-02
2.504145601454334930e-02
2.532776485612491246e-01
-3.769552378229585332e-01
-1.738190114781449358e-01
-6.459542612357910274e-02
-3.506629164358622264e-01
-2.345757050170541869e-01
-3.980950025142084292e-01
-1.102896550550494237e-01
-3.056654117740588081e-02
2.171687970170124438e-01
-5.251331259039261623e-02
-4.342335555716453355e-01
-2.160035675797296051e-01
-2.160740958265305045e-01
6.430344753440250805e-02
-1.020759422491781115e-01
1.329897813622629987e-01
3.111031017951375044e-01
7.133561422485368286e-02
3.518241615038339432e-01
2.564734486212199571e-01
4.809219341161027894e-02
2.471977747824696259e-01
2.880633336303515257e-01
8.339039636126044375e-02
-2.175335463255637647e-01
-3.177117978771990536e-01
-1.362628134047201844e-01
-3.515161970795245283e-01
-1.783601413829925542e-01
-3.538035622670958336e-02
-4.526906734833735513e-02
-6.881915919660790137e-02
2.708550928091366661e-01
2.080954761420947541e-01
1.194232482475715007e-01
2.445917815444278998e-01
2.155745792241579306e-01
2.515924702025670867e-01
6.426304780190166266e-01
2.272061583958593367e-01
-7.481699852658610372e-02
-4.555580567478618725e-01
-3.482966978030111460e-01
-2.607447157363455004e-01
2.169913392217643899e-01
-1.204964230171538253e-01
-2.553879285114008663e-02
-1.001976765983644407e-01
1.518604970202594440e-01
5.340308278442954526e-01
3.748309043763938808e-01
-2.574351869385194114e-02
3.634414789207054408e-01
-2.130239110583190820e-01
8.064523096069377284e-02
1.842779305269759416e-01
-4.099014006111604824e-01
-2.351018707306177027e-02
-1.173020730564973413e-01
-1.120131083475298800e-01
5.489309333974657507e-02
5.186792187022108980e-01
8.226861462844190509e-01
5.047026119185796800e-01
5.841658776087071958e-01
7.420741617758959130e-01
5.813833732078335093e-01
2.332330584595506962e-01
5.822183350201073360e-01
4.376364675759565337e-01
-2.344877023463362853e-01
-3.767549366612494843e-01
1.070682181487097456e-01
9.570836675123030324e-02
-1.239496203510920408e-01
-4.270355537145843761e-02
-4.665717546316939246e-01
2.019239830988087681e-01
-2.291867109008014769e-01
1.377156931051533029e-01
-2.775809803013732369e-01
1.969997979333823132e-02
7.749725344349675527e-02
-2.714250095248103567e-01
1.344566368139855916e-01
-6.815098665204001593e-02
-2.450708647194016210e-01
-5.275812509775372749e-01
-3.889371001222884927e-01
-6.976397484268072047e-01
-3.461319155562745942e-01
-3.318696457120859922e-01
-4.851827228841626427e-01
-2.354671356779355351e-01
1.101752498582787981e-01
-3.637594245787716118e-02
-3.254074402739961513e-01
-1.092642927455462626e-01
-3.267275574640277069e-01
-5.970703931830177724e-02
1.408665182177288311e-01
-1.687809665585675856e-01
-8.581876966212161062e-03
-3.513923067671603784e-01
-3.757247922637108051e-01
-3.416010252908660561e-01
-3.190872856727638984e-01
3.812169626613544082e-01
1.318343201446615376e-01
2.625727484670525302e-01
2.575309987947450863e-02
2.182268614398182871e-01
1.966138349014111969e-03
1.765642203304370050e-01
3.062647043924672796e-01
2.311792783444092947e-01
5.650730526619351934e-01
1.284874385397578589e-01
4.392013384488347993e-01
2.170364823960992465e-02
1.646721394142629802e-01
1.879095690026086063e-01
5.986793121845242205e-02
5.031625090605738870e-02
-5.230818969834721138e-02
-1.120692998385081074e-01
1.500204407283510510e-01
9.494662473208009823e-02
5.541736356325339258e-02
-2.213013853881807547e-01
-1.527090390428867961e-01
-3.034671613871757767e-01
-5.379778477573742002e-02
1.611268910440636498e-02
5.599848447549243130e-02
1.304083739272124398e-01
2.143711889951505772e-02
1.466881132013552191e-01
-1.016030805126327541e-01
-1.920094872496765914e-01
1.521304503066710778e-01
2.359330025392729624e-01
-1.002548420531718630e-02
3.307745433516521838e-01
5.534967353649576649e-02
4.437841474822287191e-01
2.102057942922878619e-01
8.080087834493977772e-02
1.098648862290704520e-01
-4.557684856704584675e-01
-2.236195102684630232e-01
2.711866671604397649e-01
3.136403554094809865e-01
5.714826612542065476e-01
4.390178861692221601e-01
2.813768335596528725e-01
3.935722108870089997e-01
2.309559061338139208e-01
4.951270872494589192e-01
4.389502905302984370e-01
3.717622947499709118e-01
3.676447967554371532e-01
1.431325992806528058e-01
7.318548988344918127e-02
-4.066824905176987248e-01
-1.105659413590933948e-01
-5.184689795136818713e-01
-6.247467632709352570e-01
-6.023335188367936466e-01
-7.202691100783693567e-01
-9.478744979661704040e-01
-6.076742021267239613e-01
-5.351563942097179449e-01
-4.553821552316553167e-01
-1.112503746103344210e-01
7.420151252014424437e-02
7.353596701609835251e-02
-1.502326916820591329e-01
-4.920128521686353840e-02
2.694722587010137116e-02
-3.590189638856779858e-02
-7.670198682145232261e-02
-2.631806413629426133e-01
-3.834199533320199471e-01
3.666458570478122597e-02
1.763651708375741922e-01
-1.454824977402069570e-02
6.355939120982097290e-02
-1.316071912904838090e-02
1.449617690163731709e-01
9.299446349230783282e-02
9.624439197769558973e-02
3.412653844038218143e-01
3.139769770799544779e-01
3.443189582789520364e-01
2.738977520591046599e-01
2.365575263101087344e-01
1.114977866654063843e-01
3.473179028194568474e-01
4.765995623215990573e-01
2.680464377640524032e-01
6.604724819277029146e-01
4.164518831199793270e-01
4.241922783778295236e-01
6.880847654231359023e-01
6.682939225027161312e-01
4.295872764020828294e-01
5.287887856865750580e-01
1.250803151922992573e-01
2.559997502704184358e-01
1.304433916251783801e-02
2.604978805744151762e-02
3.248791911276039529e-02
-7.778829452017754775e-02
-9.306620168565071793e-02
-6.353666991519182350e-01
-4.260168075695878742e-01
9.888159574537869201e-02
-6.850270258112286514e-01
-4.316941600792284506e-01
-1.407326805870140751e-01
-4.934104493845322542e-02
-1.510344154262636268e-02
-1.709807022454942760e-01
1.588689451047174406e-01
-1.880088807552038332e-01
-4.382389021676815211e-01
-6.698332720630387760e-01
-2.530264593707338694e-01
-5.096525284281909762e-01
-2.799975127689146581e-01
-4.111836291120819498e-01
-4.715830648150139415e-01
-6.185362364269266777e-01
-5.139539175197924692e-01
-1.870573292314273717e-01
-2.878502983965963158e-01
-5.103888626404610995e-02
-3.031068239983574983e-02
-1.996972210337183695e-01
-5.249226688264444496e-01
-3.116555488907655214e-01
-2.515981446161766888e-01
-2.318399678531713748e-01
-3.201622809870801611e-01
-3.812934266306491349e-01
-6.018940908978319682e-01
-1.737274259035503088e-01
-1.947730369752012358e-01
-1.618026963723676326e-01
-2.300482053640810765e-01
1.544117741230572327e-01
1.616777152879409207e-01
-4.981338296588059267e-01
-6.456646162319723548e-01
-3.380973233120904697e-01
-3.546200941378201965e-01
-7.289156689699929359e-01
-4.171318468480484931e-01
-2.860656722319014356e-01
-4.999260475114938318e-01
-5.544748507554640993e-01
-4.908187883269103380e-01
-3.739305293503752403e-01
-5.962551002931153477e-01
-2.857415210658733606e-01
-4.188382574876673564e-02
3.530904747271294553e-01
-2.120198376202497015e-01
-3.914714111524933426e-01
-7.510183684207071275e-01
-5.608605268734185856e-01
-1.747937100503144103e-01
-9.350649963770960027e-02
-4.485877407219882596e-01
-6.406588630979233034e-01
-5.238953560981802759e-01
-3.284091634694272926e-02
-3.663079363005731781e-01
-5.734007993507119760e-01
-7.450779752862715100e-01
-2.919314545801036664e-01
-1.030449947657802873e-01
-3.611900371188712100e-01
-5.873497170284787128e-01
-6.176464263219597767e-02
-1.627037912236707629e-02
-3.146213071388649363e-01
-3.732881690853480650e-01
-2.747644695542161286e-01
-1.753111721385002264e-01
-3.259604418473099896e-01
-3.720699803759997537e-01
-6.438063328978073097e-01
-4.826606862121888275e-01
-6.102839245882299979e-01
-2.972491086042338138e-01
-5.315766391492744436e-01
-2.232662397303795121e-01
-2.024218506027671005e-01
-2.117158220497104282e-01
-3.755941017836745277e-01
-2.536145906473054601e-01
-1.579011468897096454e-02
2.465903114846699773e-01
-5.419256161493398588e-02
9.218136796051498716e-02
-2.933814322902917882e-01
-2.178632218030982781e-01
-3.648850126355844825e-01
-4.109146848235352145e-01
-3.718584910905512464e-01
3.053220841319143064e-02
6.524114024878252538e-02
-1.946132491062689887e-02
1.596142157810798712e-01
2.264434339866875090e-01
-4.953714368999218715e-02
4.200919428645310399e-02
-1.817150267796819318e-01
-6.464445729546567376e-01
-2.662024363088570933e-01
1.925722165078575798e-01
2.627684212254876583e-01
9.091780842612905492e-03
1.581878037318539820e-01
2.628731921375219160e-01
2.892621789554640777e-01
2.233195077388059058e-01
-8.589847185851125222e-02
3.594659632768461566e-01
3.991559017264610654e-02
-2.732379099656276344e-01
-2.800498426681237163e-01
-3.019029101710323792e-01
5.220315833756182522e-02
-1.782983059418652150e-01
1.019850004991936232e-01
-1.319624924170241520e-01
-2.601453673263287580e-01
8.128947648363468725e-02
7.792757265793891219e-02
1.685053634855275539e-01
9.715459363427168815e-02
-3.705251768207296764e-02
2.153134635655974960e-01
7.521798581999744604e-02
6.546433831336605225e-02
1.063687200550442469e-01
2.267290512691368456e-02
8.692377647024443835e-03
-5.172769910580911068e-01
-3.717739575891481629e-01
-3.556300290597698699e-01
-5.027292990441317722e-01
-5.068897490578461174e-01
-8.383170329089954798e-02
-1.232631381872885123e-01
3.820474560859892788e-01
1.583885124650940002e-01
1.178657015418720089e-01
2.441637605466448757e-01
-2.575225259879125317e-01
6.894359896013188549e-02
-5.707371209306068977e-02
-4.008065163193095803e-01
-3.544552815105642823e-02
4.421765797933974347e-03
-2.680823852828676662e-02
1.580248683325857217e-01
-1.397297607088603122e-01
-2.937294704984450000e-01
-2.094825427429087006e-01
-1.202389051885007915e-01
-3.017906226537262482e-01
-3.315569306415126483e-01
-5.473233366964463942e-02
-2.422488142962763158e-01
-3.841544389597363884e-01
1.320354381754640649e-01
-1.643796817530878140e-01
-1.590595977385916293e-01
3.354822758580526254e-01
1.169801792058709905e-01
-9.292830405692277529e-02
-3.746898712518476615e-01
-2.254334073080489220e-01
-5.293920809387026027e-01
-1.786748780778263934e-01
-2.730667527834675923e-01
-2.515679129493891830e-01
-3.301128641848191658e-01
1.645839963586704091e-01
1.540149918448589228e-01
1.443484007739009034e-01
-6.381855056004173687e-02
1.313130251505481294e-01
1.491394568302537305e-01
-2.958045416310198239e-01
1.049350791209221201e-01
-2.787350496739802175e-01
-4.658558889149420901e-02
-2.733782327712571542e-02
-1.748381102515343954e-01
3.210946496986134130e-02
-2.941222486792714474e-01
-3.274107814770187419e-01
-2.538633866623752899e-01
-4.539350968657078766e-01
-4.457483901737646081e-01
-6.495748125071759693e-01
-2.868746163180636022e-01
-7.869722235912344210e-01
-6.890308667354894112e-01
-3.873781194137475015e-01
-2.061878299710519225e-01
-7.535520823138067148e-02
-2.300126585295801385e-01
-1.730887807374303922e-01
-1.484147839379749423e-01
1.243762080809780318e-01
3.443844720641689450e-02
5.341075451151565678e-01
-5.581560812249448250e-02
3.827313376146385671e-01
1.099250336383651716e-01
5.358294686997229217e-01
-1.334820717726971362e-02
1.291365006496265067e-01
3.327222841582332374e-03
-1.052485785437692889e-01
-5.465171644832022002e-01
-6.092255144510055898e-01
-3.598704840534080462e-01
-5.602291391395105569e-01
-4.796361973968166770e-01
-8.362483336897937880e-01
-4.558476181047100839e-01
-5.125927339561118234e-01
-4.873596845773041086e-01
-8.445403856231147310e-01
-8.420175813434805923e-01
-6.627546610444587927e-01
-8.673113867255948239e-01
-6.306560107775720514e-01
-1.005163812204824758e+00
-8.277940181442643430e-01
-9.250861418931473068e-01
-5.874892631202834892e-01
-7.617678323505291393e-01
-5.848373422218001716e-01
-7.867935565574365464e-01
-8.054244324145900524e-01
-8.565328201906250438e-01
-6.715539920172362010e-01
-6.804756590561984453e-01
-6.575714776817157547e-01
-1.050855131951848459e-01
-7.170666950078421475e-01
-3.501970619192855128e-01
-9.563463702116261622e-01
-8.232273362900174307e-01
-4.220977254450052341e-01
-5.489962659833584890e-01
-3.618070134606169441e-01
-6.653725591337430467e-01
-5.918930548244253353e-01
-2.402403043591387274e-02
-4.236999147754378914e-01
-3.485008862947354680e-01
-2.895406838085048395e-01
-2.813196444361561466e-01
-8.609285528271187760e-02
-7.741261213350038306e-02
-3.966050598302139352e-01
-4.789633069528110298e-01
