# data in one-minute intervals
2.423776555819736611e-01
-1.155035123141482239e-01
-1.359143684897631543e-01
2.917279119669447529e-01
-5.820782200486622482e-02
-1.503347229742409315e-02
2.283372399807737096e-01
4.855562250524001477e-01
2.838129798166577622e-01
2.598671992683077026e-01
5.685109934865810732e-01
6.646907951778857626e-01
4.527105927161521604e-01
2.404858924009858345e-01
3.620006702662886822e-02
-1.343559779103060958e-01
1.277644926830067695e-01
8.649062913158872545e-02
3.580233082657211519e-01
3.650024071887814081e-01
3.180988757350440288e-01
-2.323131235316697185e-01
-2.643884571787189497e-01
-3.872639468385726813e-01
2.479814037527197298e-02
-1.162650465825330881e-01
-4.396936219826813042e-01
-2.045745100594015820e-01
-3.043572384352561944e-01
-2.136224702815104071e-01
-2.676864860318852735e-01
-2.372588458642271581e-01
4.507889518296596121e-01
1.442149402681320303e-01
4.280001999812906299e-01
2.737823083589833173e-01
3.808512467514098554e-01
-4.370206186050589608e-02
-2.540762226319848716e-01
-3.155141560064645412e-01
-2.710340341197580161e-01
-1.179992210729292612e-01
-1.840499480110777963e-01
1.915670737684009584e-02
-4.258980613715327990e-01
-3.827161404217960805e-01
-1.958498688991685277e-01
1.391799464735229107e-02
1.074825695750847299e-01
-1.489836551169428092e-01
4.010597385001671289e-02
-1.061804390756861394e-01
-6.066854072340619602e-02
1.185993263934385644e-01
-2.189198861363648441e-01
9.423750140818000498e-02
-2.787932922702577865e-01
-2.242337363048088061e-01
-2.497645553072767519e-02
-1.385229781269372434e-02
-1.119685070298403889e-01
-2.794163580653819534e-01
-1.317139208323576671e-01
-7.581144693750458963e-01
-4.441551693215100571e-01
-6.495825934950798519e-01
-2.831410468184130669e-01
-3.750569773875175317e-01
-7.111163388438607180e-01
-3.048325575576514290e-01
-4.533632167510788791e-01
-6.281632419604442630e-01
-5.879286759095916359e-01
-3.890660270694125122e-01
-4.119998916187223026e-01
-4.267755698634371764e-01
-4.796079161485751752e-01
-8.625526789966906360e-01
-4.117799110978451194e-01
-1.699604492866274574e-01
1.450100080397440615e-02
-6.615208570391237219e-02
-8.926839922207431555e-02
-1.218655068518238183e-01
-4.356812556911918710e-01
-5.988850763085261653e-01
-6.869390404265219852e-01
-2.200667756124217167e-01
-9.383024124218533601e-02
-2.418865450861263089e-01
-7.829917884796096239e-02
2.861837892986581616e-02
4.207004855917604869e-01
4.079870878667119505e-01
2.821775612051055093e-01
-6.898881208280679966e-02
-3.508720719951590600e-02
3.024685905068869585e-01
-1.984209031993485195e-01
1.645525125993353432e-01
3.865923426708923333e-02
1.114094857416201290e-01
-9.102503941046545533e-02
-3.802362986207195594e-01
1.820629664623663047e-01
1.601373164711201447e-01
-1.672007634211564731e-01
-3.951678112790171088e-02
1.681277006483208880e-02
7.606474075724812926e-03
-1.815600981677953710e-02
4.610765074276681474e-01
1.037142241217242355e-01
-6.017814372151985419e-02
4.477251312258832550e-01
-1.247080670833786674e-02
3.760889053163640749e-02
3.083598491145257414e-01
1.905172948361266994e-01
-7.489763125163126367e-02
1.212753038737537925e-02
1.497985178222054625e-01
5.943325890704078684e-01
4.386323628150827214e-01
7.510756488017993060e-02
7.889287026818568582e-02
2.786796999157546972e-01
4.394477432578703935e-01
4.592303145481408944e-01
2.119357275722613676e-01
2.183393724991423424e-01
3.570790524858553083e-01
4.810200449034019443e-01
3.789304159219483714e-01
-4.010599380569749295e-01
-6.118161931058835323e-01
8.973736271917617802e-02
-6.418848708557251502e-03
4.617012035107901369e-01
3.016931977860909386e-01
4.617895107718065772e-01
6.953906075029613332e-01
4.257098823959874490e-01
1.387371222003602189e-01
4.123450075615977400e-02
-3.233195046592743371e-02
-4.727204427848555324e-01
5.225812752436324871e-02
-2.277200943606145223e-01
9.289761825085682267e-02
-5.725479773552143159e-02
1.181696257070097844e-01
1.554562252505184428e-02
6.408823470210849305e-01
4.958149276416807805e-01
6.584280676806630872e-01
4.721340009848037367e-01
7.243068391181473054e-01
3.282280643387290309e-01
3.606647959501085299e-01
-9.752770165334291586e-02
2.760974285868918465e-01
4.522083851129287541e-02
3.914710081263086949e-01
3.970230927962591361e-01
3.660989901420780290e-01
3.896297719385500846e-01
5.107884902662421789e-01
4.793789008010293506e-01
5.031474077980776505e-01
2.816270258716960240e-01
-1.024278008061563217e-01
2.667501154783555872e-01
4.881154892691073888e-02
1.768502336651403550e-01
4.271086079585800221e-01
1.317768501727667740e-01
-8.795690353288380947e-02
-1.555873086380662185e-01
1.759084279617328661e-01
9.602324882023692554e-02
4.950623720756110874e-02
4.454790770771772657e-01
2.307534925210535659e-01
9.118159356289250173e-02
2.736550969936016320e-01
4.275885143343989836e-01
5.312920654011187294e-01
5.561262424293423878e-01
6.302054263234847520e-01
1.354121903490153045e-01
5.200908537186395286e-02
5.974783013545553745e-01
3.074148496307507750e-01
1.683309848565255340e-01
-5.419182103209905371e-02
5.272482419215879235e-02
1.695018647846485184e-03
2.708203082795055949e-01
2.008075805615789633e-01
5.093539576737436958e-01
1.284482037190829151e-01
1.617367505022723195e-01
5.750001511082385441e-01
5.089114979426409002e-01
1.573268707268574984e-01
-1.036376076555547698e-01
6.052728839163647873e-02
-3.549002933032139873e-01
-3.214829022569570260e-01
-8.875702119101852583e-02
-6.338010496646692693e-02
-3.173886940339262219e-01
-1.285047118689452983e-01
-1.561136063842922250e-01
-2.464424905658924303e-01
-2.674745995393812414e-01
-5.383316671921060115e-01
-2.848798132431369923e-01
-7.454675565612826071e-01
-6.297618004548840576e-01
-5.282793664552219992e-01
-3.700204376691702546e-01
-8.520339144673574339e-01
-1.068488159386729919e+00
-6.604878075654049274e-01
-6.314600091714624996e-01
-3.052485636648780143e-01
-5.360418095597352384e-01
-1.092146025591097386e-01
-4.041496335976388354e-01
-3.987698945481164547e-01
-6.632699004091061612e-01
-5.026884232844456291e-01
-5.696280243689937350e-01
-1.464618346065407473e-01
-3.312265695341334859e-01
-3.141945024882051851e-01
-9.796915298970240715e-02
-1.724837628435291481e-01
-3.036467000553301487e-02
-1.303840056732200881e-01
-1.992647837167420832e-01
-3.595997814797696202e-01
-2.680629199899619564e-01
9.363654288395456549e-02
5.022841978490115711e-01
2.448668174100394890e-01
2.513179996631356161e-01
2.275292461623316942e-01
2.612469915734817461e-01
1.672102311749949430e-02
-6.060036853510548938e-02
-5.456177541618623117e-02
-5.527466199707731231e-01
4.104627800685077543e-02
-2.767147520816960471e-01
-1.249842824603318026e-01
-2.448901846379630820e-01
-3.715443592279738527e-01
-3.003137931794570004e-01
-4.240982979434629319e-02
-1.737335330806390188e-01
-4.966505793130155944e-01
-3.733093797433333361e-01
-3.099820258856269065e-02
-3.722241063978106168e-01
-4.803516608724637260e-01
6.887397013650527200e-02
-2.554181273648860051e-01
-1.131868737034737588e-01
-1.485723814227823680e-01
-1.604178396923112704e-01
-1.181952514622869599e-01
-3.480280293746820797e-01
-7.148005542841601168e-01
-1.394937780863895194e-01
-2.445394265848619963e-01
-1.655161619188800504e-01
-2.254638114251825420e-01
-5.302813670702946069e-01
-1.339243365869391966e-01
-3.702632501323993020e-01
-3.168873585753889666e-01
2.594352910984597943e-02
-3.664912157333997667e-01
-2.148174361875779259e-01
1.795970449055524915e-02
4.101110263233089803e-01
3.096049204317110615e-01
2.010023490977161931e-01
4.340536350826637024e-01
-7.105923486816362322e-02
-1.230018969580553428e-01
5.476952972764712740e-03
-2.414842992984555237e-01
-7.643914778223939721e-02
1.801967503729463294e-01
1.315246855788096414e-01
7.156981932608003083e-02
-4.352627932652641252e-01
-3.591192553162227408e-01
-2.048728531776736472e-01
-4.201349868972536483e-01
-3.659529722847323918e-01
-1.690226914767538891e-01
-3.557740240323314374e-01
-2.906854087445285284e-01
8.117606033805309373e-02
-4.254983488537205094e-01
-3.941580754546771259e-01
-1.270863161923623252e-01
-6.103820775428884376e-02
5.859646846450185242e-02
-1.261971979637857011e-01
2.434037475628670344e-01
2.603453221687751853e-02
-3.230922783748287341e-01
-3.509923507231346718e-01
-4.300875779316429282e-01
-3.580964220393657027e-01
-4.341893251987231084e-01
-3.189826827519262609e-01
-2.582231441134151262e-01
-4.591311984734880447e-01
-5.484364449325029867e-01
-3.576690084399812841e-01
-6.645198840497709147e-01
-6.056458252652008323e-01
-6.614403920948885851e-01
-2.294299411483549933e-01
-2.452852609372289383e-01
-6.776400163161873380e-02
7.363492272022835461e-02
2.366366102399030946e-01
1.241148403900649150e-01
1.828808136387978789e-01
6.289187362671508352e-02
4.347025511081402671e-01
3.794270727128308263e-01
3.730611355911406246e-01
4.347865195046192732e-01
7.019271347020350493e-01
1.471414484632379560e-01
2.409347473402670137e-01
2.733827862191426372e-01
3.612810930372158114e-02
3.478086451158688419e-01
2.615968701344538461e-02
-2.040672442108938389e-01
-3.197593401450736228e-01
-2.651020344566590858e-01
-2.294868841792362668e-01
-2.521550132724274529e-01
2.231865830416278895e-01
-1.929088731137136026e-01
-3.951257495280715015e-01
-1.522523072082717643e-01
7.478803622536270290e-02
-3.266031710802521637e-01
-8.733890248809852985e-02
-3.774735085835095871e-01
-2.198406787405786100e-01
-9.519463284442671036e-02
-9.272207193135088010e-01
-3.643193651258165300e-01
-4.080141408788883206e-01
-1.771117284563518968e-01
-3.377717955525279536e-01
4.081949726499021353e-02
-2.496241333121242689e-01
7.410427122961585344e-02
-2.467136561875314382e-01
-1.973183844853848845e-01
-2.621952543739428099e-01
-4.577889608433701740e-01
-2.631252674874310360e-01
-2.686549592971602674e-01
-7.212481459290442931e-02
-5.480433665674613319e-01
-6.737235499516537329e-01
-3.064243656136328431e-01
-2.631587869790959489e-01
-8.635682508552910974e-02
-1.285926684108569251e-01
-2.259467090411293178e-01
-1.273586773292328111e-01
-3.763860432390435662e-01
-5.412683844562063973e-01
-3.370685321186626116e-01
-2.440315147071824842e-01
-1.725415575326458006e-01
3.616470475653603134e-01
1.276079360371289995e-01
-8.920795541848232368e-02
-1.050552893317098641e-01
1.296311208331307405e-02
-2.302615023826002638e-01
-2.920754139427889085e-01
-2.126253051055246313e-02
-8.975351809048537355e-02
2.300739997205281384e-01
4.658331412219877121e-01
-5.334696487911000547e-03
-3.553952625735157939e-02
3.206332263101327462e-02
-2.624647184016262735e-01
-3.854887401173168748e-01
-7.279100644565910105e-01
6.397116789077411658e-02
-4.353498669294347811e-01
-2.055488362254653811e-01
-9.187050170324126408e-02
3.352566613187955569e-01
5.244361190902617764e-01
3.430179347123273326e-01
4.170969143999008200e-01
4.149317652482348850e-01
-1.819154416815044473e-01
1.057861603873052891e-01
-2.209797715131127382e-01
-8.832018689625899255e-02
-6.581568446838421960e-02
7.096779822878074295e-02
-3.343468863981699513e-02
2.539866859863403326e-01
3.922698704791362512e-01
5.634077500484968581e-01
4.973228248194708212e-01
6.974706371146447426e-01
3.879831177822878896e-01
4.536511982243653929e-01
4.232500231860086837e-01
5.162059129609547492e-01
4.568058226502096919e-01
-1.508319292354285968e-01
-2.996981505219208919e-01
-2.220202037295042688e-02
-4.311027885617242372e-01
-1.010322625430179810e+00
-5.211240851520008155e-01
5.403053082101260535e-02
1.900405532280802223e-01
2.077531378786232896e-01
3.861841066377808551e-01
3.611579604834003199e-01
5.707279412688310849e-01
3.434004096793610850e-01
2.424548505495015549e-01
6.948017556179353349e-01
4.866797338979643728e-01
5.910266543866301570e-01
2.445190985803975259e-01
6.101425536364516594e-02
3.893723873000651259e-01
6.259478560121986557e-02
3.595435943153300062e-01
5.209535458315673884e-01
1.640565404424345342e-01
3.115680965822821835e-01
2.734559059615141452e-01
1.031765135226748592e-01
4.756510370610264604e-02
4.682834398132468268e-01
5.422942612160969178e-01
4.726557849768827646e-01
4.808328154735230786e-01
7.061855784380317580e-01
1.420182662476543803e-02
-2.757035369070857667e-01
1.549191665761186776e-01
5.183125489995744628e-01
2.021566577857522237e-02
-9.572239827744379037e-02
6.932582728384685533e-02
2.804769032411622565e-01
1.580885459787771631e-03
1.378922176906839381e-01
2.855415223254985646e-01
-2.181118974655240489e-02
2.256940447451494525e-01
5.606340490248340469e-02
5.309485045430800687e-01
1.925506714808565834e-01
2.470476468010039395e-01
1.790194138043522398e-01
1.190097698906284751e-01
4.597901948539742656e-02
-1.737193231820250705e-01
6.001474491600097827e-02
-9.083758299048458329e-02
-1.109685378854823046e-01
-1.692187580287465298e-01
-3.484615397721108065e-01
-4.048079044940386395e-01
-2.864878733276928213e-01
8.939205195121100248e-03
1.019558271479014122e-01
2.405479668799841708e-01
3.008926215930316506e-01
6.677029535201466359e-01
2.653704960511074074e-01
8.146482269181203328e-01
1.810900861369316994e-01
6.928749192662639889e-01
4.886133314141634099e-01
-1.052153031420316603e-01
3.650584010759502784e-01
2.617373489782537921e-01
1.437498794903448174e-01
-1.503098555690355886e-01
-5.407429436761965191e-02
9.703100675294085153e-02
2.389643120734637194e-01
2.018557634320234662e-01
1.221895194822933545e-01
-1.605533187198816547e-01
8.057213366034533808e-02
1.029520000443331779e-01
5.218711535252997663e-02
1.861556793978782487e-01
8.324468858756883805e-02
3.144729185317133441e-02
2.889789109372425946e-01
3.983395566793664355e-01
2.977935839474853408e-01
2.391346977552886721e-01
-7.853397468763850808e-02
2.863874528179571888e-01
5.075036509608796265e-02
-7.237687408047284443e-02
2.940728392703564897e-02
2.676539606174500596e-01
1.243590535163662525e-01
1.782466726836433313e-01
-1.985314336409574679e-02
-5.865814050033704707e-02
-9.208460862745201925e-02
-3.154357335259290185e-01
-2.477030110294416165e-01
1.920397817691552045e-01
2.420527284469714269e-01
-1.295380218254008065e-01
2.782250339074002765e-01
3.981131528819026322e-02
2.998210417254026927e-02
-4.275787230868563493e-02
-2.455210700611733521e-01
-4.797366040279875121e-01
-4.319409414548997517e-01
-8.069870150128024555e-01
-4.543074736924705981e-01
-5.833384838246364890e-01
-7.239535140069346397e-01
-6.228045850772578884e-01
-4.811548891881299861e-01
-4.230279083760588588e-01
-1.901485242842893553e-01
-6.386393523596215482e-01
-5.778728234471068870e-01
-3.989376872470953850e-01
-3.800562147224411103e-01
-3.237981973973069749e-01
-2.211601317571947056e-01
1.804959706451063697e-02
2.334645645703464223e-01
2.708230951639202799e-01
1.062500090005923103e-01
1.992540761507171077e-01
-3.516568500952812482e-01
-5.811755353494637427e-02
-1.179422250052306609e-01
-5.326900737379386408e-01
-2.538492508663406366e-01
1.119443058789742207e-01
1.062375060159715112e-01
1.128797742127713305e-01
-1.637531901522053246e-01
-3.440187640386739854e-01
-1.108422407616724836e-01
-1.228924288620371202e-01
-2.746707249721397348e-01
1.142860816982780997e-01
6.588682460652109385e-02
5.432242289584998662e-02
1.209757923667757612e-01
-1.142354678420758399e-02
1.073231700607994374e-02
-2.669483480091675021e-01
-3.505524782755964960e-03
1.066251045673368147e-01
1.009893997267134191e-01
5.299121188452255490e-04
-4.314267144695394518e-01
-7.722637381731837225e-01
-3.954246171731762849e-01
-5.177280901754787168e-01
-5.543465344781882687e-01
-7.796634880713604332e-01
-7.373966687046722424e-01
-6.037896573624930152e-01
-3.448424907488389368e-01
-6.254908445413854823e-01
-4.593020228597068932e-01
-4.328787662680965709e-01
-1.958769550640475088e-01
-3.079661971669142018e-01
-2.965500309980571014e-01
-3.968473642297919435e-01
-3.465757970301064361e-01
-5.586631186484102285e-01
-6.043408145849634705e-01
-1.538947222195164166e-01
-1.402900526509749946e-01
-3.787535678442953690e-01
-5.113718238273747829e-01
-4.500336919914381673e-01
-2.197295014308889016e-01
-3.742196811524883815e-01
-4.128822406197393824e-01
-4.058848128311562942e-01
-3.100099005939929708e-01
-2.110422967323092314e-01
-3.386837936596604481e-01
-5.662053883992383962e-01
-5.352186925393386252e-01
-3.399008391345734736e-01
-4.148502553528149450e-02
-1.304806070995682965e-01
-1.638857115771750680e-02
-2.000318786145241501e-01
-3.367702608474065773e-01
-5.099283414063682240e-01
-6.702396274446141382e-03
5.941652038670275360e-02
-1.650027949041120712e-01
-9.854171932770607045e-02
-5.630146452056457029e-01
-4.784406550264554969e-01
-8.173171874156424099e-01
-6.696010349176063636e-01
-1.003783893475642452e+00
-9.699728848958376615e-01
-6.044990416988244020e-01
-1.562918515818071119e-01
-5.186758178609945924e-01
-3.548603651771048417e-01
-2.933614781276979167e-01
-4.787934020220824261e-01
-4.885565184030186692e-01
-5.971458070301893795e-01
-6.015529503022755131e-01
-1.020062089448890319e+00
-6.006544986920083762e-01
-7.137276877197423763e-01
-6.703746202709358615e-01
-6.244680182639039678e-01
-3.830031221429683330e-01
-4.665328924094421792e-01
-4.903306490566384235e-01
-1.564747661599406869e-01
-1.269712666849530380e-01
-3.276692582787194552e-01
-1.990725108139352606e-01
-1.922865374993967258e-01
-1.142817477003258558e-01
-3.871380785784934164e-01
-2.799427762717162649e-01
-9.764041860416540486e-02
1.076005340007446104e-01
-8.705577074674862581e-02
-9.043136098327653541e-03
-1.624968368311452138e-01
-4.457042223906133582e-01
-4.847163427322908613e-01
-2.633468579939950982e-01
-4.184174929665824827e-01
-4.628430847323527497e-01
-3.040352031814030354e-01
-2.756612017545859716e-01
-2.327118576443073239e-01
-4.201876732529673530e-01
-3.932574750178712275e-01
1.508256031303718825e-01
2.676271973982711008e-02
1.015727869942426864e-01
-3.166744424879733288e-02
-1.671796064606926591e-01
-1.424837393715044642e-01
-3.549580943091878438e-01
-9.129885891582097124e-02
1.297203634322056098e-01
2.187369616353775081e-01
-1.575574705181537194e-01
-3.648460308134382490e-01
-6.718393350991935797e-01
-2.691436632741718293e-01
-1.435751470552592279e-01
-3.396083196117641867e-01
-1.367377456513895750e-01
-2.104201437830231225e-01
-2.792497484655200868e-01
-5.003453967321848106e-01
-5.362943092540742862e-01
-1.665203111798097824e-01
-2.207626287449097890e-01
-3.881636957637968344e-01
-2.680496510984376954e-02
-8.692718347444046423e-02
-6.236087756166368984e-02
3.894963938731990649e-01
3.311018272178419264e-01
4.997486409741045410e-01
7.379098436409964323e-01
6.209945840417115948e-01
4.787220267484341707e-01
3.316165811910204986e-01
1.192602867368891539e-01
1.696986750472294636e-01
2.120270979288239530e-02
1.213957702866790833e-01
6.000402745180104941e-02
-3.265890999356838020e-01
-3.230967194521098818e-01
-3.404367086948946464e-03
5.194987674052429227e-01
4.037617403437427366e-01
-1.685000669739140089e-01
-2.581692216193961498e-01
1.759951454777128887e-01
9.390671666230390735e-02
-2.231556603329756805e-02
4.199771789973741343e-01
-1.215218795097103288e-02
3.570492714093043141e-02
1.511094811799822968e-01
5.468731568539120930e-02
1.960808917850691002e-01
2.283128600425031185e-01
-2.009344477858138744e-01
-3.403361516480489235e-01
-2.811402060351368415e-01
-4.543511913808349068e-01
-9.292541730897926899e-02
1.183112429969949697e-01
5.927595639032640085e-02
-2.324419202405387380e-02
4.259996416450182455e-01
3.232834534576050078e-01
4.984282289442103220e-02
5.463129565504140084e-01
4.070306008559427813e-01
-1.416160441917888035e-02
8.206678260021421645e-02
1.463540246905797593e-01
-7.841884674578714423e-03
-1.644648843117961223e-01
-2.983007845630424315e-01
4.156634728186052730e-01
3.475463387770091339e-01
2.653381710162834306e-01
4.148505419766573277e-01
2.944130379776710438e-01
2.070439994919327786e-01
5.954160663879602966e-01
-3.657624078183761146e-02
2.216920043946707941e-01
2.561277162779963534e-01
1.768752851354985292e-02
-1.682294422453493032e-01
-1.720510825521990861e-01
1.182232879450008933e-01
1.703538603950953689e-01
-4.543356116040817017e-01
-5.818821523614985808e-02
-3.571343497032060665e-01
-2.344065577641915865e-01
-3.407389060640350631e-01
-2.805584230624092457e-01
-3.571670476805782757e-01
-4.201592880794098872e-01
-2.305756369924920612e-01
1.755311535584039018e-01
1.310019404943705001e-01
4.456520517620285449e-02
7.595770052706285469e-02
-7.509277820918448809e-02
4.434328636495828979e-01
-2.903424948241438430e-02
-4.536637562084142594e-01
-3.728406773458923795e-01
-8.639893885361482617e-02
-3.439803347292131330e-01
-1.192166768951670175e-01
-1.390221491333504256e-01
-2.035019540900332158e-01
-9.902960796379481345e-02
-1.893162140493745080e-02
1.428112969883674477e-01
-2.043228089305738626e-01
-7.145493383823582623e-02
-1.176868710395647250e-01
-1.464181643304512948e-01
-1.519226789410073053e-01
-2.937053230993200148e-01
-2.585891376700721889e-01
-2.740017615852755051e-01
-3.314147875858375891e-01
-4.104003363684667893e-01
-1.825354851041812165e-01
-6.476559363561028293e-02
7.133902091282959268e-02
-1.844815540981365742e-01
-4.664894679790178994e-02
-4.786035362872889665e-01
-5.806932284367762875e-01
-7.766932538056234292e-02
-5.401793103551345565e-01
-2.401918204014500957e-01
-1.286311663740885569e-02
-2.698686987505129475e-01
-5.784732939763532755e-01
-1.044843021935184559e-02
-4.254278533011637831e-01
-4.323349211924432112e-01
-5.275398254685417232e-01
-3.925189842433981502e-01
-3.033291240789195431e-01
-2.149276732800607104e-01
-9.392870038981659953e-02
-9.876868961793792978e-02
3.141069495717527249e-01
-5.866631368110467731e-02
-1.239413042658916858e-01
1.070136168357687240e-01
1.588575733834303727e-01
-1.737819915079640010e-01
-7.940496848526001905e-02
4.123014209895502907e-02
2.934720796751247862e-01
1.241151456318965868e-01
-1.691462578554870158e-02
-1.892606723241720690e-01
9.285809322753033057e-02
1.116708479506579865e-01
1.127068276296194077e-01
1.707808056988960321e-01
6.028627439688872408e-02
7.502190400676622684e-02
3.077742103998256651e-01
2.479616991944433996e-02
1.131277434655450082e-01
-1.090469592470856564e-01
1.430211667036941914e-01
2.577859238047897628e-01
-6.587064242641471612e-02
-1.311968368967176635e-03
4.780814143167447239e-01
3.358857700836809235e-01
5.302956739769291161e-01
6.807913216619774222e-01
7.330382703155319257e-01
4.230499443581332564e-01
6.153924816890513627e-01
7.021231473600253459e-01
8.657133693823733100e-01
6.328273238705116599e-01
5.627385942548991382e-01
3.398402241701426463e-01
6.402492230935731277e-01
3.246682313108770201e-01
3.353350188055322367e-01
5.107419266449382267e-01
1.556811291266798070e-01
2.133646471539230871e-01
2.083590919712750289e-01
-9.959661343625496321e-02
-3.330655552125487140e-01
-1.341616208704762558e-01
-3.635064870017337690e-01
-7.620245222513123695e-02
-1.849931730976479005e-01
-1.793979347868553398e-01
-2.420630479664331314e-01
-2.173732719762546672e-01
-7.751853197563803033e-02
1.013285487983110883e-01
3.223332493186924497e-01
2.862962360058873279e-01
-1.044334151856270432e-01
-2.946189313101316709e-01
-5.395316986285947358e-01
-7.439611114344476528e-01
-2.830919243485548464e-01
5.666038194666638689e-02
4.457880849961544656e-01
-1.123070438362655738e-03
4.741917975944974495e-02
-4.608086524825523167e-01
-8.746562894039494607e-01
-1.419022954470640641e-01
-7.839059255379665636e-02
-1.542539709021502892e-01
3.998154781967251659e-02
-3.719361854892762054e-01
-1.510634596595224199e-01
-8.995770306208594747e-02
-3.427059996602317693e-02
-3.840844531476729773e-01
-5.915582092442230044e-02
-7.545905682297349149e-02
-2.883695849731378602e-01
-4.024823907009097423e-01
-2.572889245543607747e-02
1.301616604959473511e-01
-9.552067893232576989e-02
-1.430431073600720027e-01
3.890983523497781871e-01
2.810841264173715159e-01
-2.214638637575512825e-01
1.209715431443704192e-01
-3.170319503067542954e-01
-1.077292633811016143e-01
-2.188398161012749810e-01
1.585428992811954152e-01
7.117127271183740223e-02
8.566593259706825614e-02
2.791173928338619992e-01
2.015097151736678915e-01
4.198056233918139313e-01
3.734256797960500140e-01
4.858956861413996076e-01
4.699895955488524180e-02
4.414524985983332983e-01
2.345773918491537713e-01
-4.979928497896230627e-02
3.811393570129364972e-01
3.046907055920233254e-01
3.533139795598784771e-01
5.058205933435345747e-01
3.839142272929463862e-01
7.550827163119381291e-01
5.339643879674359495e-01
6.684880905691508168e-01
1.069792263196738036e+00
6.353010072102966976e-01
3.333548227496306859e-01
2.045362631431049960e-01
1.251786270862813855e-01
2.271807354472832607e-01
1.002040355544639993e-01
1.639904607916131962e-01
-1.694303339541576026e-01
-5.284241460380768585e-01
-3.376903142897110799e-01
-3.762007976984468316e-01
1.540359784827211205e-02
3.925840665242966154e-01
3.676475978265511535e-01
2.080478296990835030e-01
3.355302774828581303e-01
5.169632594970712258e-01
2.684848015570184820e-01
-1.017285916145949792e-01
2.346268686784240207e-02
-1.356006825125498361e-01
1.486820875658865226e-01
3.823254761090014164e-01
9.100062917422221953e-02
1.040123994860070282e-02
-1.233460429268521258e-01
-3.925097376894376433e-01
-8.332395652076710069e-02
-1.719911770037464149e-01
-2.889309538276318423e-01
-2.416472936291011731e-01
-1.565126434498622099e-01
-4.716884604372767464e-01
-5.401329894479701688e-01
-3.772628220248445130e-01
-2.511627024331981595e-01
-4.083064160415578181e-01
-3.567207490365247313e-01
-3.578694728970423233e-02
-2.246682655038223231e-01
-4.751901562270905433e-01
-4.782254000562701224e-01
-1.988118026847854325e-01
-2.227241391224647205e-01
3.205011471842037496e-01
4.661359347240714990e-02
-4.085523612613057437e-02
2.347704469253854634e-02
-3.957195629284361582e-02
-3.123681631641075929e-01
1.243348814197028362e-01
1.789216214250579084e-01
-5.276500521043685499e-01
-2.588747032925022284e-01
-2.531624378406238662e-01
-1.178052379338106331e-01
1.148327912133451610e-02
-7.742826224940341229e-02
-1.663306530832285024e-01
1.932342310019636855e-01
4.688828533122880726e-01
3.863993323937243707e-01
-6.900037947370814273e-02
1.901610690642108192e-01
1.973463150753102524e-01
-2.817649657544195607e-01
-8.129606319848882434e-02
1.034531697826900909e-01
2.439672802811168328e-01
6.198087829492958389e-02
-5.589291637447103139e-02
-6.176643222839108688e-02
2.931357983896456521e-01
4.884659373683425398e-02
2.750862915665276409e-01
-4.910531617920097514e-01
-4.472025785374895701e-01
-8.813076468241873296e-02
1.250836177463868215e-01
3.196260616667200294e-01
1.088363796752438994e-01
-1.782658213675305647e-03
1.704006785791618572e-01
-8.315724091185534850e-02
-1.300376393146783494e-01
-3.147026014410411743e-01
-3.717335783855742481e-01
2.565211118841189131e-01
-1.708034289417967588e-01
-3.739842928278752643e-01
-3.394579531423174701e-01
-4.109623496097585815e-01
-3.539534391776484323e-01
-7.567654097999841900e-01
-7.005423240706319943e-01
-2.428148253375071730e-01
-2.700253634489233057e-01
-3.089799884635449079e-01
-2.619158332221821484e-02
-1.816858352568202217e-01
-3.772224051334173711e-01
-2.485882331975850790e-01
-1.511856259034026206e-01
2.362791411845446277e-01
2.274030575682385313e-01
-5.016060298810335327e-01
-6.544670381767144773e-01
-7.872064014867911075e-01
-7.485370644138341634e-01
-5.331813292726670372e-01
1.087203469926734667e-01
-4.806803562288256559e-01
4.528866323914680636e-02
-3.866596991781126591e-01
1.654727692524907423e-01
3.038691068367457837e-01
-4.086903653857892338e-01
-3.009870078688181572e-01
-4.064847843540238259e-02
-1.694208869149282093e-01
2.805750741132342352e-01
5.522039519608896302e-02
9.321964269848043161e-02
2.612570092722713011e-01
2.303981495552765990e-01
3.314105939528131928e-01
4.558267709592540018e-01
4.553666660265613952e-01
5.684419268933569303e-01
1.788763514439449531e-01
-4.713328337298648696e-02
4.911879433014797458e-01
4.979842113834662132e-01
1.043140969241222460e-01
1.417120122803259274e-01
3.976488147508412396e-01
5.297220519622392737e-02
3.517165320458421340e-01
4.980110069751150781e-01
5.918962788764404737e-01
1.935747438308616231e-01
2.550374261739656867e-01
3.992332226948155927e-02
9.359677508689454029e-02
-6.413506724264751713e-03
6.487087531811491781e-02
4.547826446489507957e-01
3.622689027837532327e-01
2.691198620262514885e-01
9.714448262804624423e-02
1.490286171845286445e-01
3.640538308075323970e-01
3.814780270263055106e-01
6.153189378568008072e-01
4.466488674999109509e-01
3.611860530825025117e-01
7.277841591993289283e-01
4.279264607334919146e-02
-6.003998768429451294e-02
-9.700461762513848396e-02
1.095472753883895006e-01
1.831795749282860986e-01
2.163891103304965424e-01
-8.270436860847781013e-02
-7.046593687524949599e-03
5.503333481699960172e-01
2.602577037190489384e-01
2.224760931064524161e-01
-5.501732268771896556e-02
-7.447698309755376722e-02
4.718908229939769439e-02
5.742416703229256125e-01
4.730736012174594496e-01
1.194839057120327119e-01
-2.655583163155648685e-01
1.841122181667187996e-01
4.295971306595545158e-01
5.372218711093731391e-01
5.802171266618739720e-01
6.408255495810971647e-01
6.101893520999467357e-01
5.857422931540385846e-01
9.982146809113264796e-01
5.107127177783865601e-01
6.023677985760730325e-01
5.175913615444598381e-01
4.096348344185410384e-01
5.404700276241029000e-01
5.935577272293671713e-01
7.592031040444600087e-01
8.125203487365988408e-01
6.862705341188778396e-01
6.009231167925063177e-01
7.104892223188832290e-01
2.304457650300928140e-01
5.329833964600746432e-01
4.117205143339186524e-01
3.923725245215615720e-01
4.165721667336965139e-01
3.769814308163070837e-01
5.874754046784014250e-01
3.067898378265547232e-01
1.794415966867727030e-01
1.181685945120471981e-01
-3.192792193000473233e-01
-3.288175587530146049e-01
-1.889467778382498409e-01
-2.068061329763824507e-01
1.467764056846123377e-01
3.087036933534233474e-01
1.543172163453977730e-01
6.059887437675519628e-01
2.196825039529128887e-01
-8.080126040327913206e-02
-4.307500320402820465e-02
2.419532880267293851e-01
6.490754648474443556e-02
1.325613339314343601e-02
2.080255391098672357e-01
2.999404775739482054e-01
3.294146340539292894e-01
2.630424813868865730e-01
3.296585024763809546e-01
3.649776285371765516e-02
1.941776183169577341e-01
3.781678185905376632e-01
4.883908734700226351e-01
1.910430695900862119e-01
2.368250581735062976e-01
4.747548863863301771e-01
4.515227418882951094e-01
5.230399780848979940e-01
5.140226064420587437e-02
4.462615336969684154e-01
6.891519893061198720e-01
1.991108100302452222e-01
1.163866209963982379e-01
2.679801114390346628e-01
2.130140622737873579e-01
2.658669476277876198e-01
4.978418209347444945e-01
-3.220170973942491216e-02
3.825994664376935472e-01
4.548848457144770707e-01
1.686731545268029637e-03
-1.363471776053454959e-02
2.458780831278367385e-01
6.206132267698326599e-01
5.084455708334788548e-01
4.827015211408380302e-01
4.733987015421721734e-01
1.516918588752401709e-01
-1.251123381441370253e-01
-1.762287508945070968e-01
3.233766634459356304e-01
2.728894490648587912e-01
7.485735762904315027e-02
-1.840108620364645439e-02
-7.285735449323572921e-02
-1.628256283750619815e-01
-1.737200180974184660e-01
-3.920229590326543834e-01
4.435096958021490093e-02
-4.529155237880951729e-02
1.288235693409582883e-01
2.646029029470106653e-01
2.424059911013718427e-01
1.710711963793240253e-01
4.275469199881277160e-01
1.455449552601175423e-01
1.004542158608595116e-02
-2.590767058303917181e-01
-7.968995367251799355e-02
1.323328887236964735e-01
3.431888513775283034e-02
1.809656933804873469e-01
-2.597751530328428968e-02
-1.075231383974290383e-01
3.501745774839168934e-01
4.513091165688075113e-01
3.610032747136568410e-01
5.536757937535087271e-01
5.704456937831535734e-01
3.263592552715909867e-01
2.614769364166142918e-01
5.267061755408651846e-01
6.127290264068023795e-01
3.000103789732656012e-01
8.683557729938914949e-02
4.624114034879068247e-01
2.501644171570753250e-01
1.369758888019929066e-01
3.143852390655309526e-01
3.610026101636248930e-02
9.044228301572013184e-02
1.401840609115622138e-01
1.742216407404036937e-01
-2.006059652209298272e-01
6.170876192623941242e-02
4.351522473352260612e-01
2.840377491661481013e-01
3.267099169022236738e-01
1.508782148120857147e-01
-3.179958154695286532e-01
-7.542413100184706121e-01
-3.969244447410232302e-01
-1.769632709218532385e-01
-9.948552130086177336e-02
4.798995596162641299e-03
-3.849873441019550091e-01
-3.169090399511740319e-01
-4.241348189102100430e-01
-7.263652176031758223e-02
1.116455006094778241e-01
-9.770451071829489020e-02
-4.938251065662994654e-01
-6.622392418413531878e-01
-7.649661745009085356e-01
-8.425934333419147215e-01
-6.236459147551606241e-01
-8.181636383774651758e-03
-2.815666698294159720e-01
-6.414869027287431469e-02
-2.836690016451903218e-01
-4.213221786295047733e-01
-5.732883147833740534e-01
-3.778637586601151233e-01
-5.128863419119206180e-01
-9.119397784190348688e-02
-2.049800743470293896e-02
-2.888395782457272576e-01
-1.413950650448196067e-01
-1.553314010882921314e-01
2.377408770316071229e-01
1.629141704676875801e-01
-1.682222075224833746e-01
-1.636876445708832228e-01
-3.092160007551929546e-01
-3.839857074140408666e-01
-3.269891130336139984e-01
-3.320339860313527569e-01
-5.515739662789103104e-01
-3.641697124942098185e-01
1.991765593018593461e-01
-1.051818598730331761e-01
-3.931370067295205106e-01
-4.272915315416225268e-01
-3.209012754996317662e-01
7.789977561292313335e-02
1.978936828196964648e-01
-8.393214277382550492e-03
2.068641744266595528e-01
-3.720606562086386376e-02
-5.436467002106610824e-01
-4.480841418840704193e-01
-1.049149201118579067e-01
-1.892819379182527351e-01
-6.989558525122806509e-01
-5.277723368107402058e-01
-3.041125539736603267e-01
-4.960960445399084096e-01
-1.940725945214451520e-01
7.346147072245115539e-02
-4.622000048510892523e-01
-4.808606323713496833e-01
-4.859281641366099969e-01
-2.644723627898276641e-01
-2.329181114178970058e-01
-6.491780264025356351e-01
-7.764645354498103114e-01
-3.912707805341355538e-01
-4.488327991603709433e-01
-7.640851962579854328e-01
-4.854717489293089994e-01
-3.421051866994012092e-01
-4.335992569450359824e-01
-4.246967422630881228e-01
-3.209434596163303066e-01
-7.457454082141141694e-01
-9.496850876672778830e-01
-9.240546521387644763e-01
-9.664097451150384099e-01
-6.816780733390818137e-01
-9.262241696228303844e-01
-1.006551469387236164e+00
-5.090080808462580375e-01
-8.170418240959248513e-01
-8.632463393502742832e-01
-1.009599980096216987e+00
-7.153535191930103787e-01
-4.591579327225964180e-01
-5.823798559219071080e-01
-8.337837331346527048e-01
-1.190889613351960863e+00
-7.528093020635450161e-01
-5.653427189902098249e-01
-3.924163832726348944e-01
-4.562859040383829834e-01
-7.485608383767476948e-01
-7.447022778133113308e-01
-4.422336529006563599e-01
-4.082390715810036985e-01
-7.669500808571435568e-01
-5.218832306350158490e-01
-4.124290039569807331e-01
-5.575615458904887856e-01
-6.089178799757651861e-01
-4.242904514959456308e-01
-6.085292146689004200e-01
-1.421017941484551961e-01
-4.746137322931955338e-01
-6.191405204505626703e-01
-1.029438803717240392e+00
-6.878596408454479283e-01
-6.823225876401085577e-01
-5.512304457703339766e-01
-8.888939191413408603e-01
-9.233266532624017087e-01
-5.724041986942559612e-01
-5.339450436862880345e-01
-6.996331549967118590e-01
-8.255501623673586753e-01
-6.740861364941910239e-01
-6.012851291732577153e-01
-6.566530454389389870e-01
-9.041629107845878810e-01
-1.127237163346457294e+00
-1.004941775775754609e+00
-8.783837591213725648e-01
-8.127666804065480921e-01
-7.701580980035623858e-01
-5.037277014654030216e-01
-1.934055549085416936e-01
-5.005355481765910719e-01
-7.198665766010198253e-01
-7.926908135789164644e-01
-3.591387055785085769e-01
-2.896541437697723875e-01
-1.520785761432897620e-01
-4.452500385320229404e-01
-4.591043502842471202e-01
-3.109137456728029714e-02
1.473064195113987090e-02
-8.415702912943696934e-02
-3.324170224855931832e-01
-5.049573205302109180e-01
-4.910637339089832243e-01
-5.301203443763390366e-01
-5.352966966260840342e-01
-8.439467800391001751e-01
-1.019662401320017953e+00
-6.781582234880146887e-01
-8.666558169358529184e-01
-9.959247324357078934e-01
-8.712213387257967678e-01
-5.463656411331577895e-02
-1.211475056290764185e-01
-3.426321654352680324e-01
-3.363945317072394858e-01
-1.461460391370253964e-01
-8.582357770922136031e-02
7.715434451525464421e-02
-5.300253007759370139e-01
-2.337619617509564818e-01
-6.070339468616489653e-02
-2.327615372984627728e-01
-4.514322939627866682e-01
4.258162562255984190e-02
1.716801071525853317e-01
1.782428105216742609e-01
2.606698349510330748e-01
4.371476402200066835e-01
3.508886154670653457e-01
-3.637372515578578547e-01
-3.404968967559480197e-01
-4.660218304530075462e-01
-1.805819866001706284e-03
-9.827537292712684724e-02
-3.259606503282894141e-01
-1.857630324943866928e-01
-2.407664354472792700e-01
-6.468254458758925241e-01
-6.855461078865607849e-01
-8.744625098282301501e-01
-1.926985275416031596e-01
2.398085023239706348e-01
-1.964660344107760099e-03
3.031079202900193725e-01
2.092005395799270695e-02
-3.672876379833337618e-02
6.498707167787076688e-02
-1.170581832467336714e-01
1.478444244512796824e-01
-1.868287035621487846e-01
-4.002498622284435953e-03
-4.477608688154209871e-01
-5.900309730101371830e-01
-2.931733603803234334e-01
-6.344571704418164315e-02
-4.178269531606190190e-01
-1.749299325508806291e-01
-2.219281602044319013e-01
-1.893540821193304968e-01
-1.560078093861266835e-01
-1.462325398204689271e-02
-5.353062468898286408e-01
-8.841128725076662087e-02
2.905382458052922501e-01
-1.696993393484131918e-01
-2.846887644033064824e-01
-6.865709846521790560e-02
-2.421335037046198208e-02
-1.179138153916039350e-01
-3.419341103183273778e-01
-5.888906884904577810e-01
-3.105381130806699197e-01
5.661716528974837515e-02
-3.305426868225851411e-01
-4.927798856583976983e-01
-7.089172511046543113e-01
-5.677723112769995639e-01
-5.012413112329049403e-01
-4.177164831271307777e-01
-7.299947973155475056e-01
-2.523510393486435022e-01
-5.551830606708636484e-01
-4.439255344163808292e-01
-3.533127940358211094e-01
-2.922816666877071090e-01
-5.180919257742184758e-01
-1.721404741382942805e-01
5.505941019053915975e-01
2.556468849089006956e-01
-1.611106292240682691e-01
2.438365446486838450e-01
1.061672642574255504e-01
-1.131143348045119540e-01
-5.322820589717693895e-01
-4.575970576218550412e-01
-8.096534584248654687e-01
-8.761224018251607681e-01
-7.380014737848825668e-01
-8.629410435389837097e-01
-7.797178453127989739e-01
-3.909461377135540761e-01
-4.192066955781136306e-01
-3.802442293324438394e-01
-3.644286532560598313e-01
-6.856247185617732054e-01
-2.770387825421035677e-01
-2.942565183437498635e-02
-2.535815819580414798e-01
-5.494294286765311758e-02
-5.931748872795088168e-02
8.424508983555431541e-02
2.367201604292291928e-02
-3.397823663432322228e-01
-8.844626880257039359e-02
-2.117349884112221803e-01
-3.016691755787735962e-01
-6.575842727115853437e-02
-1.230885376967409128e-01
6.816361565093388697e-02
-1.582369626029217534e-03
3.300515956457124589e-01
3.675204925408515622e-01
4.696839202106001254e-01
1.791420739565794951e-01
4.761684144753032810e-01
4.335818176111427280e-01
7.913572009184863254e-02
2.460267244579407708e-01
2.146641788182932498e-01
3.745388569235275633e-01
6.871268200760985989e-01
3.138517357264725693e-01
2.799188292881130136e-01
2.041957086958181844e-01
1.559330209966841574e-01
-4.033057434127915869e-02
-2.344866623135989092e-01
-1.873613517455827437e-01
-3.282601530477370355e-01
-3.555089195698922788e-01
-1.033724555308604132e-01
3.481606773916667841e-01
4.623558520848112252e-01
3.265140271584754394e-01
3.779264116226178083e-01
4.925417314360777121e-01
3.062031070117101628e-01
5.377936153116751328e-01
7.022747333043029005e-01
8.398413456554686407e-01
5.326941344223353747e-01
5.775974936986304487e-01
3.339731431233123882e-01
7.595973999497270812e-01
8.828734549478429727e-01
6.179184837556661591e-01
6.937238698975352058e-01
6.374421227401977363e-01
5.395871223406701889e-01
1.696725924882181158e-01
6.148131949221147252e-01
1.180137039725792869e+00
1.123399274451703844e+00
7.061676256976092692e-01
6.701371617226664634e-01
9.814275077042814432e-01
6.874920070756350698e-01
3.771454964103370666e-01
3.732357691175159919e-01
5.309933796199769462e-01
5.204965126448660717e-01
2.007748761945845062e-01
-4.733174159494067668e-02
9.821521741329956867e-02
2.661241282837590455e-02
5.607243399751620228e-01
1.166950465506794821e+00
9.084227126965482846e-01
9.596211933650684589e-01
9.475631494453834458e-01
7.335375826157553014e-01
7.936412409847329874e-01
6.683694092920848817e-01
1.065683186717268471e+00
9.068915543971527438e-01
1.064497566263723494e+00
1.098751387392069789e+00
1.172000875052932711e+00
7.404412363191926749e-01
9.201624874587677194e-01
4.585310504993938552e-01
5.944963498717278361e-01
6.988821097122014381e-01
2.654956150697486139e-01
1.545853261383897115e-01
5.638682778106433036e-01
1.047814425369844038e+00
1.169635750465705115e+00
1.012101097280164286e+00
8.910793195401128797e-01
5.143360008310620124e-01
2.167397904624394078e-01
7.601809108599358322e-02
4.258820412798773325e-01
4.972002443343324085e-01
4.322383563884972801e-01
6.179473297060722459e-01
5.007306463800229590e-01
3.336968352121854053e-01
3.687520300151334030e-01
6.626333224805059929e-01
7.034430241798964589e-01
8.226591483266613158e-01
1.020488768814966862e+00
5.174642896227750200e-01
7.483983723821691081e-01
5.267657877472513572e-01
9.263397689549500713e-01
9.161547317533978996e-01
7.666541528006632911e-01
6.956982815080571259e-01
1.168800033334636446e+00
8.159580405046127360e-01
8.388127554796958041e-01
6.383608089417329712e-01
8.478512175091470482e-01
6.960913755467815767e-01
5.435545901584514228e-01
6.693792035680456998e-01
2.929564446340919281e-01
7.668659632726551045e-01
2.597498372365322217e-01
3.707904029788862688e-01
5.161430494155433424e-01
2.813764729706739187e-01
3.859682073870037700e-01
8.650169857325864520e-01
8.370182265939181132e-01
7.005433222547993166e-01
5.855596581968486314e-01
7.946737397354503019e-01
8.201093150760516703e-01
9.765669323458827655e-01
6.280775802953354470e-01
2.917963675943253676e-01
5.002992830980598216e-01
6.023841316522836609e-01
9.032483457288584816e-01
9.508939480482440088e-01
9.999028468028311467e-01
5.835109095767285758e-01
8.068879221782695454e-01
4.957987240079069213e-01
4.896670729908692010e-01
8.335051503275503482e-01
1.194978636295575436e+00
7.949273032228990621e-01
2.202370457562954909e-01
7.007161618619490717e-01
3.873828944973364830e-01
3.589784625630932924e-01
2.007115096446369651e-01
4.113171197527258349e-01
1.441715302837976165e-01
3.500608287739271907e-01
5.323100856964260164e-01
2.477767155519018938e-01
4.122273621145876588e-01
5.021621853665949597e-01
5.294755615906122648e-01
3.933877993302750120e-01
2.315644244829838660e-01
2.587478718978865055e-01
7.178078674994815556e-01
8.710701643434856090e-01
3.809401589489825879e-01
1.963996139812050068e-01
5.017544224990578838e-01
3.421537568305390575e-01
-4.863385170800281054e-04
5.760389542456887391e-01
6.564347020625649343e-02
-3.061739003330125608e-01
-3.314487250816020025e-01
1.095190056759270947e-01
4.535845958840140080e-01
4.875181996169011267e-01
5.983765626322248843e-02
2.227751543963712721e-01
4.890884877397484454e-01
3.274142712161555169e-01
5.234132604736770888e-01
5.696577226893682067e-01
1.942768814093501772e-01
1.294734639519003472e-01
5.238106251492123944e-01
3.909027347390179319e-01
2.963000399004670493e-01
1.986475874991290580e-01
3.248800443425614026e-01
2.332892985284285847e-01
2.076151696156096627e-01
3.333962724134851840e-01
5.365301391650132562e-02
2.560642232820671271e-01
3.216792826860084831e-02
3.066453279263513521e-01
-1.739696279807578516e-01
2.658325213242623275e-01
1.387846917305209926e-01
-2.946771398316127000e-01
-1.569146661162578726e-01
-1.937458664235650330e-01
-1.484623477667975089e-01
2.633810781574642546e-01
4.251107096505052363e-01
2.268415060276584849e-01
1.725909239114396809e-01
1.217111875991094688e-01
-4.366956949838971674e-02
1.008385305501977441e-01
-1.235740133244469657e-01
2.089926822345132898e-02
1.117227475224838174e-01
1.428412665192576314e-01
-3.065910116604658175e-01
-3.976663483458554166e-02
1.173741736558048115e-01
1.352659830066409510e-02
-3.114961168898607372e-02
5.991449650513963610e-01
5.946466322413246353e-01
7.349207070830247046e-01
4.393938942100398259e-01
-7.865976010546708863e-02
-1.010300445586763823e-01
-4.257999461489733184e-01
-1.592655225885718506e-01
-2.520222559231368731e-01
1.365778903135010380e-01
2.051572744205704679e-01
2.651361238495110739e-01
3.741524279351401416e-01
7.045037301807426378e-01
9.554445655378493996e-01
5.860876622283119897e-01
5.597179553663523821e-01
4.977337083235148230e-01
6.474938635676728005e-01
4.278077471564508683e-01
4.851704568668719353e-01
5.359271206675526589e-01
4.630123484384309762e-01
4.827328732578969328e-01
1.215472472893992968e-02
3.595623620901843703e-02
-3.097469992351754575e-01
-4.639225084057993498e-02
1.128355521269895634e-02
4.622011475406058445e-02
4.544186837161653773e-03
1.153295463382028319e-01
3.770874682093863089e-02
-2.199181526585866076e-01
-9.078199869229806873e-02
-2.228267071147366218e-01
-5.735109225160917035e-02
4.293486071505649843e-02
-4.359570245370927855e-02
-1.293079871402734449e-01
4.511338713670460243e-01
4.084686928193214106e-01
5.541780492810725045e-01
1.431736008153515483e-01
1.430984093958126424e-01
3.367001612229367780e-01
-4.990680022507802682e-02
6.649354454380396184e-02
1.632781898903509776e-01
2.129478623389360059e-01
1.420822527798299151e-01
-2.255842716383557253e-02
-9.986584991887976007e-03
3.116687155581491231e-01
8.877364699684466010e-02
1.885348711198060190e-01
-4.146178976143720663e-01
-2.360111373144822833e-01
-2.902666652528250735e-01
-5.308862723581376369e-03
-2.453647291460390734e-01
-1.735326285353762377e-01
-2.411861985483407939e-02
-3.625461840586072237e-01
-6.775471073374576825e-02
-1.396439758761622019e-01
6.021505889138650119e-02
4.132126678621360072e-01
3.600741507235224459e-01
7.115408259082248166e-02
-2.493680779940107839e-01
-2.445104223341367788e-01
-2.520818523224401808e-01
-7.289182204921770825e-02
-1.362601594037525232e-01
-2.076295582759436764e-01
-3.791100416581152759e-03
-3.472834727452456943e-02
1.423769691827146688e-01
4.468181087182519495e-01
