# data in one-minute intervals
9.908236635639502765e+01
1.037030006062511518e+02
1.064200434110096438e+02
1.069848927501253257e+02
9.656866578560870096e+01
8.996558043330158227e+01
1.015954740616109859e+02
1.006615410767609973e+02
8.968511219754917363e+01
8.267930092397021724e+01
7.623756341555164795e+01
7.226654366224862258e+01
6.160075802588968230e+01
4.989815780319693772e+01
4.012924157724254570e+01
4.502777475050286426e+01
4.280124028224617660e+01
4.257796100080492607e+01
4.001733743066829163e+01
5.287023903183709450e+01
5.256097146125588893e+01
5.641813773552908629e+01
6.299319844798920798e+01
7.045278940875520846e+01
7.397179360431971418e+01
7.739282900422431055e+01
8.470166872097718169e+01
7.626372919083205204e+01
7.622320552839443053e+01
6.997445352876999891e+01
7.625646672133652260e+01
7.143291207843861912e+01
6.372662387746964185e+01
7.010787003893463520e+01
7.237132304284877193e+01
7.017687921732621703e+01
7.197548840241000789e+01
7.016090089752573533e+01
7.355441224509513631e+01
8.325363141191620286e+01
8.499254417259058414e+01
8.704142308518768800e+01
9.496176333876198328e+01
9.739817401971683353e+01
1.083672813991160098e+02
1.152629414517107449e+02
1.141635651334459283e+02
1.031154223712691476e+02
9.702170320131585868e+01
1.034982003096588414e+02
1.053346501657947130e+02
1.095908020208082974e+02
1.105006632361355372e+02
1.071284760562625280e+02
1.125670289184764812e+02
1.174444591452420212e+02
1.109348218819687162e+02
1.135831017726249570e+02
1.131876320445652340e+02
1.109382386937230649e+02
1.066523973157802487e+02
1.003332005349822964e+02
1.040470309471276948e+02
1.151769755392175085e+02
1.187326829626700118e+02
1.194922535211496069e+02
1.203064143443641854e+02
1.171139580459402083e+02
1.230563995798215444e+02
1.210830878761720584e+02
1.215679229006436231e+02
1.213319524140843555e+02
1.160811620174417556e+02
1.171789098272619043e+02
1.208312938950391811e+02
1.241735658472133252e+02
1.222469299541334777e+02
1.256102122591833989e+02
1.264583509476139085e+02
1.278141253252395018e+02
1.230679826293564645e+02
1.151421650776397740e+02
1.238109178512916344e+02
1.205433551006638879e+02
1.156458218995353775e+02
1.122820771091067655e+02
1.142287842018498054e+02
1.208997848593639901e+02
1.015637466879966979e+02
9.539498511086318899e+01
9.359967318187659657e+01
9.140196309169786559e+01
9.374781265576723399e+01
9.684415028772205858e+01
1.019301958369266288e+02
9.755453615995502048e+01
1.020686522968046148e+02
1.049636356167074780e+02
1.114546001364482635e+02
1.234785815430604430e+02
1.308150788263108097e+02
1.360523196166946605e+02
1.456291296659944692e+02
1.356716674406366963e+02
1.418712427992483072e+02
1.437803114117369319e+02
1.351204794195944032e+02
1.339176316178059665e+02
1.388491912967434132e+02
1.327920715700974483e+02
1.406481856321079533e+02
1.416646713177171932e+02
1.517766039944837928e+02
1.462321256689752147e+02
1.416489663736842601e+02
1.440209767686651219e+02
1.476683239955194153e+02
1.471108859057029008e+02
1.537606272998010581e+02
1.532335022141627405e+02
1.445156767566876113e+02
1.349093046333806853e+02
1.353713627051488118e+02
1.486647498845696020e+02
1.491901642908436827e+02
1.485862015938688216e+02
1.491988339432708699e+02
1.431994876318118770e+02
1.415352283234901449e+02
1.464689710575919150e+02
1.547725571736194752e+02
1.589665324418747048e+02
1.703101466855310093e+02
1.775324889223226137e+02
1.725740067412099563e+02
1.737484142315230145e+02
1.786953694193736908e+02
1.822833026207018747e+02
1.830841437199930510e+02
1.872993848779569532e+02
1.896049881996163720e+02
1.875158479675096146e+02
1.882970797789128028e+02
1.893392798888465620e+02
1.823168323951142327e+02
1.829074043823065097e+02
1.749471774063926262e+02
1.632316254952733061e+02
1.700073310492321070e+02
1.673434590078091730e+02
1.651808011660536124e+02
1.731956559668427360e+02
1.723734577568533552e+02
1.708804072711117215e+02
1.698554204559933112e+02
1.670764521521985273e+02
1.584801250811003683e+02
1.555482534115897977e+02
1.566239336169452940e+02
1.551988793316666602e+02
1.530835568921138474e+02
1.417163709754813681e+02
1.353192611434174637e+02
1.272016091896444294e+02
1.159852038276747521e+02
1.181130562907549688e+02
1.243664702683205121e+02
1.178622355162078463e+02
1.170097012821818083e+02
1.135308334679044577e+02
1.179051943941563678e+02
1.213488249683608444e+02
1.074733864951902262e+02
9.693449887522815800e+01
8.839007990399910852e+01
8.902829987671115930e+01
8.058832565294578387e+01
6.712480289228221864e+01
5.926415625842515311e+01
3.970169441834973156e+01
3.630327675511078667e+01
3.309806624753419868e+01
3.526548721651571583e+01
3.041400152724764183e+01
2.972837658756455070e+01
2.567535417861891034e+01
2.597939265813011289e+01
1.878445154807899797e+01
1.447673879073942693e+01
2.005025796431151974e+01
1.739640193055875983e+01
1.415043530756863177e+01
1.177448453731895661e+01
1.673763989604276503e+01
2.533262158560388499e+01
3.936856234333617266e+01
4.755442469978553532e+01
5.007117142024451084e+01
5.012246905862881619e+01
5.254257399055084221e+01
5.116112019259244903e+01
5.470950745000070725e+01
5.617415505129471143e+01
5.833502598854818189e+01
6.159865304656707963e+01
5.477406798265879928e+01
5.355128047368989286e+01
4.807290025765229302e+01
4.190251143119279931e+01
4.472813722218963051e+01
4.752938244566895065e+01
5.275986842018811274e+01
6.234265986489732114e+01
6.669008986421113150e+01
5.918367864984215743e+01
5.579160265972982558e+01
6.050371344163225729e+01
6.299718559623008218e+01
6.176967923094111512e+01
6.476591004021936726e+01
5.839413601175159130e+01
6.043754996459056628e+01
6.900413617702336921e+01
6.948628230682487583e+01
7.201740831237282237e+01
7.018224972527923455e+01
6.723538438168368714e+01
6.915481709186978776e+01
7.194496605185111093e+01
7.336490914189221257e+01
7.820484680836254654e+01
8.027572378289356436e+01
8.805565044171100908e+01
9.478655080523651577e+01
1.002324648107664018e+02
1.046505457273061808e+02
1.070849746256727855e+02
1.077542656778689576e+02
1.059994747197636258e+02
1.023843298489881448e+02
9.919984924912540691e+01
1.053377186558292209e+02
1.103225962271071126e+02
1.084378244303753576e+02
1.002311103139292783e+02
9.028169027224855370e+01
8.910572992652859625e+01
9.397248766641759232e+01
9.746624213365490164e+01
9.284936788494053417e+01
9.459670283070329333e+01
9.466956448645817090e+01
9.227629402345347387e+01
8.745900678575389975e+01
7.858027033965471730e+01
7.338504254620062284e+01
8.140022417106571595e+01
7.957001725764270361e+01
8.800758714543890449e+01
9.281944590500351921e+01
8.819905745320861001e+01
9.474633609618274477e+01
9.208524012346812526e+01
9.695169022297694994e+01
9.597697601723591276e+01
9.548418706591654370e+01
9.218214473683784149e+01
7.997019544730821394e+01
7.891801616030448940e+01
8.056699096349832701e+01
7.868019057253226833e+01
8.645456472817204485e+01
9.029629412738496796e+01
8.766060140947446655e+01
8.964507581018571614e+01
1.001142817096511237e+02
9.800590972385907662e+01
1.002139693774178966e+02
9.997926278749029905e+01
1.078851043586287517e+02
1.181673769996177015e+02
1.175883728554696432e+02
1.158661193757953640e+02
1.211431465833805987e+02
1.158609038786738239e+02
1.194029921742423426e+02
1.230976066284002428e+02
1.173810547122483428e+02
1.214971587017800942e+02
1.227491256132369557e+02
1.284254576888667714e+02
1.288308643520227008e+02
1.292999965071202269e+02
1.311382126508204635e+02
1.321992367074705896e+02
1.274619507796277560e+02
1.253560993118780544e+02
1.247531831101834996e+02
1.233720178753048771e+02
1.206690935307736652e+02
1.193545859711018267e+02
1.124275352836862254e+02
1.042566127260784441e+02
1.052289901325794261e+02
1.095402213564129141e+02
1.126205796378663280e+02
1.158254889936548153e+02
1.240079958547786134e+02
1.265578537439176330e+02
1.242154846336133289e+02
1.248485459847827030e+02
1.255810905739150343e+02
1.189846289147810978e+02
1.229889808100822961e+02
1.219816524663196446e+02
1.251709433927670148e+02
1.265185881612540442e+02
1.345765579245103254e+02
1.255408440774045289e+02
1.293589368582910595e+02
1.300927919628868779e+02
1.318848019079853771e+02
1.359538432089796345e+02
1.311493453641207054e+02
1.335645359946645385e+02
1.310496733088491510e+02
1.276993922657264733e+02
1.187927800724960292e+02
1.144413928184866478e+02
1.161868801723738045e+02
1.129876341790779719e+02
1.141430533591559566e+02
1.098381396408988309e+02
1.035082382518969411e+02
1.043130321802747744e+02
1.045966806139727652e+02
9.585910659954579671e+01
8.297267995388595807e+01
9.022305550485745584e+01
9.382904757217370673e+01
9.187761445822246742e+01
9.298489528639188961e+01
9.409490546088920837e+01
9.323400063714846908e+01
8.452366804142108947e+01
7.675500970569625281e+01
8.694007189094398314e+01
8.223229786137868302e+01
8.250203052018426320e+01
8.086109638839009506e+01
7.631763542279929879e+01
6.708069136938443933e+01
6.662981981114207031e+01
6.213026792948663513e+01
4.960705057094652659e+01
4.668593210634332991e+01
4.453403156322479362e+01
4.414408902716382244e+01
3.982695878361928266e+01
4.371958271317691924e+01
3.777496724977638110e+01
3.719319055574901256e+01
3.446350966460486376e+01
2.705665863230326096e+01
2.737454611656246684e+01
2.785956502251398703e+01
2.874017272653278354e+01
1.948102078221991462e+01
2.115663299276685549e+01
2.368530629152075662e+01
1.598884756494582504e+01
5.238866570240332976e+00
1.048496838872774362e+01
1.015124252131849225e+01
1.009775574779713203e+01
8.370866629021630700e+00
1.875601019854011042e+01
1.402855292986416735e+01
1.262733543839152084e+01
1.718892500460873052e+01
1.628501560830253325e+01
1.402595936668155296e+01
1.140310150993300731e+01
4.175241098628251102e+00
9.594458961628957283e+00
1.350507499212572249e+01
1.425513290298116331e+01
1.304448727014723453e+01
5.482537071212957080e+00
-1.441754048481999728e+00
-9.086514273313371248e+00
-1.652817235736155466e+00
1.106003902224145641e+01
1.508521656737949357e+01
1.674843979773079639e+01
2.119332038273894625e+01
3.260288647447084998e+01
4.713485387347809308e+01
4.948824222800399752e+01
5.284272940085337211e+01
4.702631538023474889e+01
5.332827776532879227e+01
5.406224360606552182e+01
5.531851803153645619e+01
5.212042490851456478e+01
5.152292744302162930e+01
5.282373837070382905e+01
5.903485109831492395e+01
6.390079264917202551e+01
6.810575699997119159e+01
6.960556497303974766e+01
7.376673208330275600e+01
7.256634788834473682e+01
6.507984383913084514e+01
6.523383621622780026e+01
7.338187231022577350e+01
7.777072853018670173e+01
7.557618118599860679e+01
7.603447480205484510e+01
8.472540273266180577e+01
9.137616879217843291e+01
9.048428744568204252e+01
8.580045019531706885e+01
8.023514836908896086e+01
6.852442396416849135e+01
6.745124850801275329e+01
6.611917148815587097e+01
6.318654798840432107e+01
5.217685413106751469e+01
5.923300038184917327e+01
6.281879293190073099e+01
6.251849626777539726e+01
5.979523916386695959e+01
5.575571731820702581e+01
4.875588923169974009e+01
4.754321095474199410e+01
3.922085457059425551e+01
4.208988566262237896e+01
4.318660922615003273e+01
5.095260290105311896e+01
5.548689889957032051e+01
5.058645057647585475e+01
6.287158987411768152e+01
6.808298389276136220e+01
6.717783030659407473e+01
6.218634312943642328e+01
5.092964819513235852e+01
5.541544731565628723e+01
4.223498270981337299e+01
3.827350721223831442e+01
2.998142777785779245e+01
3.718136299435882819e+01
4.408390110648070959e+01
3.846758774676654014e+01
3.323663200526053174e+01
3.020562049737365840e+01
2.704674974571355861e+01
2.734675707062411476e+01
2.520442607436601179e+01
3.121403930595229781e+01
2.930473249365930855e+01
2.570758946019838831e+01
3.465155752636709963e+01
3.015090512307250847e+01
3.055885531684761958e+01
2.826115879809967169e+01
2.712609421631146134e+01
3.146400517946685582e+01
3.168958558461508446e+01
2.198659141621763524e+01
2.853485601078637401e+01
3.263448881762445097e+01
3.942774967447837042e+01
3.963787674698437513e+01
3.216439505676117960e+01
3.044583814495181429e+01
1.913665178093479469e+01
3.049185497098915221e+01
3.626480066249897760e+01
5.045699728931205641e+01
5.915493277550608298e+01
5.473474545984071682e+01
5.218807564916775021e+01
4.985249324852915009e+01
4.629856622254035159e+01
4.519081962213666515e+01
4.301921613493824736e+01
5.048463335566605537e+01
4.230730243926927159e+01
3.567783192456315078e+01
3.638791749658125951e+01
3.874055229831397895e+01
3.677328021352393961e+01
3.145802572974054101e+01
2.946022163651696602e+01
2.761124281602799613e+01
2.176647259579755200e+01
1.239501080872580374e+01
1.245713110836438986e+01
6.040500209247306351e+00
4.852557904389735555e+00
1.354539172557670312e+01
1.105021989384867886e+01
3.820734580844835193e+00
8.402135786047518096e+00
2.373039040645997577e+00
-7.224184370531335553e+00
-1.315013542536135027e+01
-2.034869157779366233e+01
-1.880919008788796631e+01
-2.493734928691415575e+01
-1.359119839999016577e+01
-1.498693487846847816e+01
-8.840018365783274490e+00
-8.046486053001093097e+00
3.217686051217490295e+00
7.447178825744099839e+00
1.597352312707008792e+01
8.799915779382535774e+00
1.007561551100697272e+01
9.615380926275433282e+00
1.325203344814048911e+01
1.164221902306196199e+01
5.059734765783562516e+00
-4.740401864104683227e+00
-9.530922346622613617e+00
-9.211030970411753671e+00
-1.115044497377151522e+01
-1.305869900472463385e+01
-1.006303871532637650e+01
-1.031270131020189673e+01
-1.097261376860383031e+01
-1.122756112057845534e+01
-1.698554810337967069e+01
-3.242020645665741796e+01
-4.039705592479851504e+01
-3.985084211978821855e+01
-3.197825091800623909e+01
-1.918973984178056824e+01
-1.577802783066912973e+01
-9.669816205189979641e+00
-1.921104185730738934e+01
-4.977334939392460633e+00
-6.126210030148597774e+00
-6.235979644993472348e+00
-4.854188812222650640e+00
-6.461347449912844265e-01
9.640661104898775591e-01
6.840565235090950935e+00
2.147596484117757853e+01
2.411103985134206695e+01
2.786191999919974194e+01
2.378907053638420166e+01
1.968913014009804741e+01
2.368924999463307657e+01
2.441465055849099386e+01
1.917376784603774453e+01
2.320965618382771467e+01
1.668072551659171765e+01
9.820648955763077836e+00
3.889961707475836139e+00
7.080538794136227665e+00
6.545501817437743952e+00
1.441382755099477819e+01
1.774258776291674877e+01
2.469157900025101071e+01
3.346594130623761032e+01
3.009240511485291236e+01
3.908525960744154304e+01
4.890899555371178309e+01
4.369150245581118241e+01
4.819109439697994191e+01
5.031302824608444979e+01
5.559656601306982537e+01
5.390218508402217878e+01
5.591491235056526676e+01
6.067498348687276888e+01
6.544906548897120047e+01
7.947303655259902655e+01
6.638079006205619237e+01
6.215433791217375870e+01
6.338074231124240754e+01
5.921371481678351500e+01
5.071205043052266603e+01
4.905826973727696583e+01
4.923427248663985978e+01
4.582352474196500935e+01
4.651475728326070680e+01
3.808266569967562276e+01
3.817635290909362311e+01
4.262279746377814860e+01
4.172346113119688482e+01
3.811488495533473753e+01
3.775313814612348295e+01
3.717268107724455461e+01
3.873626501125239940e+01
3.727326552456693065e+01
3.464394023585325755e+01
2.377426450836780347e+01
1.234843133717625108e+01
1.345043724031458154e+01
1.335405451479979000e+01
1.549097203734427275e+01
1.783612695162048567e+01
2.099139965985394340e+01
2.443034888566623408e+01
1.917996472829733179e+01
1.008639782380106276e+01
7.559244157367574601e+00
3.598903160952906521e+00
9.204892868853992383e+00
2.102173251566257672e+00
-8.477856438769956426e+00
-1.688802938410145416e+01
-2.213212686505741900e+01
-2.293630234074909424e+01
-2.018208176820251154e+01
-1.353531022212193768e+01
-7.263457333669592231e+00
-1.358425699693656696e+01
-2.679145713530329687e+01
-3.203971114557527500e+01
-3.744959841024824243e+01
-4.253178851664096527e+01
-3.464947793258448172e+01
-1.448809418637007695e+01
-6.949101619219776538e+00
7.447870745506779411e-01
1.700239551418201378e+00
8.146255789086277233e+00
2.207818407842609965e+00
-2.956012957216458403e+00
-1.772863804899978302e+00
-3.430190314554824926e+00
-4.917765609530415083e-01
-5.946574672642180204e+00
-1.603867854513672953e+01
-1.717757820076088038e+01
-2.002536671145049851e+01
-1.180475525447951135e+01
-7.781839727529374251e+00
-1.030097368511021294e+01
-1.564025265206609738e+01
-1.841936054881656659e+01
-1.990041080440249033e+01
-2.316614436602368343e+01
-2.554653564957964562e+01
-1.575823969307115213e+01
-1.948179276012449890e+01
-2.661003775918098313e+01
-1.691143683180496282e+01
-1.065437982563939556e+01
-2.368385847244848819e+01
-2.414722412534005613e+01
-2.756204464611747085e+01
-2.150102690733918465e+01
-2.156103466539322611e+01
-1.404098979683211468e+01
-9.560523745567772735e+00
-8.484027163716882924e+00
-6.969927853028081266e+00
2.713508224636763888e+00
1.061232731286922970e+01
8.519257519789231736e+00
1.108994439114008834e+01
1.086558983563486613e+01
5.977405754831842444e+00
-6.886908905376645684e+00
-1.635855719899238636e+01
-1.444358416550941193e+01
-1.493253291729227072e+01
-1.566127623658751489e+01
-1.085306335808186162e+01
-8.047117165477619238e+00
-9.443557492182911517e+00
-2.046183294877655001e+01
-1.824610457970723232e+01
-1.277883269307533531e+01
-1.570413290427623920e+01
-2.431152952281437507e+01
-2.960766153534146028e+01
-2.988179493577065671e+01
-3.180503933082212953e+01
-2.438369013855197309e+01
-1.716196885192670152e+01
-1.220764954520418755e+01
-7.477381979614619034e+00
-8.151494294204770341e+00
-2.824949608267531609e+00
1.117858885379202150e+01
5.971018672395512539e+00
7.981927562117975272e-01
-1.629849751835325211e+00
-1.564845917502087458e+00
5.677565790523056322e+00
2.682598075909518265e+00
-1.016477863711201302e+01
-6.108271494195258278e+00
-5.781191166332158460e+00
-7.559316909172712151e+00
-9.863644193272214977e+00
-4.547433423953152420e+00
-1.570310060981516997e+01
-1.268677883693248987e+01
-1.312135106154502218e+01
-1.743266108868543185e+01
-1.963903732050960826e+01
-2.376066029705155813e+01
-2.877487427628609140e+01
-2.676972396865366122e+01
-2.746289160968040477e+01
-2.494716174625694194e+01
-2.121366872780892265e+01
-2.406302458198762650e+01
-1.842011698813447040e+01
-2.495733752837412212e+01
-1.382482497741906968e+01
-9.223725330856748172e+00
-1.734231102996392693e+01
-1.990797768143963964e+01
-2.318123570650264398e+01
-2.826039881522035913e+01
-2.210535116615463025e+01
-1.757156694916607620e+01
-1.633087877602313043e+01
-7.050896559102516115e+00
-5.193165179417436050e+00
-1.050107105823484588e+01
-8.777514461047598360e+00
-7.743449645460868780e+00
-7.871825039444687810e+00
-6.939341655030198730e+00
-1.213784653334049146e+01
-1.258936701368040900e+01
-1.443928911154504924e+01
-9.818194591117803682e+00
-1.439081419194407729e+01
-1.537869836638136256e+01
-1.141426251971166117e+01
-5.199454659115761324e+00
-8.415170036244814522e-01
-1.030581439052976656e+01
-1.656006394008306515e+01
-1.269082835509804674e+01
-1.513170918896870987e+01
-1.749980053087796961e+01
-8.885345403016538413e+00
2.660094103723253056e+00
-1.028238143161383844e+00
-6.755110532680378199e+00
-1.473627845127898084e+01
-1.562040526466750379e+01
-7.999882249374208776e+00
1.801646586800208727e+00
3.918826237429033910e+00
3.922025079731385588e+00
-3.829428612521299069e+00
-1.373143066156464620e+01
-2.324846279701864304e+01
-2.653812345419571983e+01
-2.680595977240322725e+01
-3.361748646480099012e+01
-3.824550043168596858e+01
-3.912197490921121101e+01
-4.430373513187450385e+01
-4.418071673925494025e+01
-5.005780906941590302e+01
-4.669231388831549623e+01
-5.480149642140684563e+01
-5.705404792777757450e+01
-5.496337081022467430e+01
-4.383654604122074971e+01
-3.616428589619832223e+01
-3.422458167875108614e+01
-3.516265027266463505e+01
-3.928757061721955779e+01
-3.762091471671085685e+01
-3.875699220681374868e+01
-3.627321105903772747e+01
-2.887856527193860146e+01
-2.888386412263248815e+01
-3.072348964290033635e+01
-1.772997227763521622e+01
-1.492127334347705414e+01
-1.827617217458709931e+01
-1.723906272363276670e+01
-2.173037948018028231e+01
-2.242377414873199015e+01
-3.584201298461549356e+01
-3.542865228876922146e+01
-4.077715254930166111e+01
-4.481884351424633195e+01
-4.000480406512595266e+01
-3.526173915055601782e+01
-3.449245014745697091e+01
-4.185388436419093949e+01
-4.556897742200627022e+01
-4.087397048503500940e+01
-3.561402048932304609e+01
-3.808805550861776368e+01
-4.042248925787171743e+01
-4.551333077881615452e+01
-3.945205050987908635e+01
-2.871271147745125774e+01
-3.621606522971086406e+01
-4.089083124276576342e+01
-4.966362016742286301e+01
-6.066784768191882193e+01
-6.422423704352752338e+01
-6.013545021888244690e+01
-6.149377533701164111e+01
-5.560442354814088617e+01
-5.365393301800150283e+01
-4.427453075587825282e+01
-5.431905728000020872e+01
-7.649532051962428625e+01
-8.456327753505054545e+01
-8.373802914573552414e+01
-9.029441014925852471e+01
-8.218402231423719684e+01
-8.339955020287484899e+01
-9.264999683824841270e+01
-9.406037778304501273e+01
-9.575797356105006486e+01
-9.391756190197970966e+01
-8.952084757535402559e+01
-9.177386844185704717e+01
-9.357922382891140956e+01
-7.847755324470436733e+01
-8.228763172184125096e+01
-7.427259393407130972e+01
-6.360382815741112239e+01
-5.742139164447691257e+01
-6.836173861997126266e+01
-6.119616969051417499e+01
-5.948920786783801162e+01
-5.589136734446663013e+01
-4.335279378614560386e+01
-3.583384703301707930e+01
-2.833855991124338658e+01
-3.479552792138113659e+01
-3.854688149946187536e+01
-3.127474113289239455e+01
-2.972642442382225525e+01
-3.827161610189924090e+01
-4.215638122864046267e+01
-3.838681694100082353e+01
-3.313931043269376886e+01
-3.147149951326672479e+01
-3.390874502492518872e+01
-2.223455822089674072e+01
-1.932488652855369438e+01
-1.870300745538401799e+01
-8.960289614409052916e+00
1.410778917595034487e+00
-1.046323126266538228e+00
2.220379541504518883e+00
-1.117896871429614469e+00
-4.816272375427813834e+00
-5.992314911168899805e+00
-6.806670078017269532e+00
-4.716115935446956620e+00
-4.289553416116866913e+00
-8.560102170710103264e-01
1.015052541166459399e+01
9.786459767734529080e+00
9.744679209160137745e+00
7.197167699178650402e+00
7.543698099356326736e+00
1.094134616644520008e+01
1.505372537391336962e+01
3.386889210329944166e-01
4.486454246183449790e+00
-6.377421042724606970e+00
-7.188261837844220459e+00
-8.860100811120638298e+00
-1.116960238872020383e+01
-1.446539351353835023e+01
-1.352372806310231468e+01
-1.490600979325042097e+01
-1.270275522076263286e+01
-8.339811399876858600e-01
8.287623032347523067e-01
-2.020315949402796019e+00
-7.981013898585511690e+00
-1.454984998590191125e+01
-1.350189724461475471e+01
-1.909655370712757261e+01
-2.210218999312645849e+01
-1.457423927137451969e+01
-1.582955607767375028e+01
-1.437029594333207783e+01
-1.711994418154283792e+01
-1.402132860474726783e+01
-1.779328330444006312e+01
-1.516143154242305080e+01
-8.804156549458461711e+00
-5.285331575314886621e+00
-1.594081265453746887e+01
-1.580616552028607558e+01
-2.106687894726200838e+01
-2.637975008581942404e+01
-2.332061123639993028e+01
-2.078548005662965181e+01
-2.034916258164592051e+01
-9.374292301777479963e+00
-1.522419267066137216e+01
-2.365259576848292511e+01
-2.620020347514202541e+01
-2.898109894750009019e+01
-2.462577275940077826e+01
-3.164556064035629745e+01
-3.297938059600777194e+01
-5.187001094253243849e+01
-5.352365112207858289e+01
-5.506657649953827871e+01
-5.755669113088337241e+01
-4.732658049156638214e+01
-4.099119038760191103e+01
-4.076947069397445489e+01
-3.069800891409067134e+01
-2.876405375265122899e+01
-3.154965290434531155e+01
-3.235503319434668867e+01
-3.133405698925066574e+01
-3.071026926999077844e+01
-2.287411585747899778e+01
-2.049016725756512614e+01
-2.120669307358572198e+01
-2.073610190454992974e+01
-1.757363581713364553e+01
-1.675532857986414115e+01
-2.157649973131546872e+01
-1.234398949451811411e+01
-1.679094468714403021e+01
-1.776927506499414378e+01
-1.350565916918442255e+01
-1.597868602401672078e+01
-1.750706356477565251e+01
-1.052583573671064521e+01
-4.691277996657498228e+00
-9.553916100544338263e+00
-1.191500633746910864e+01
-1.467608742947764711e+01
-1.490676668789110693e+01
-5.820340882854303288e+00
5.570336493007883583e+00
4.024954789526702825e+00
3.394142504918042480e+00
7.344768058048585679e+00
9.969522692786476625e+00
1.729161797199597572e+01
2.029972337280937467e+01
2.164639822805232683e+01
2.383583811811037734e+01
2.405274905052748480e+01
2.198930123587821939e+01
1.890562281286085522e+01
2.196813704104000919e+01
2.188030638640856651e+01
1.924099114855680881e+01
5.683353311732167512e+00
6.405213150893191099e+00
1.553533324248909686e+01
2.113723655454774075e+01
2.368233630762645348e+01
3.100555804135596816e+01
3.575427649864456470e+01
3.402078492351073180e+01
3.738084614252014859e+01
3.661322815818574128e+01
5.081660359670630811e+01
5.452858542445481760e+01
5.243455813273487109e+01
5.283189736390925617e+01
5.975069015683726548e+01
6.084714276690250045e+01
5.854744204659739637e+01
6.289295492437580748e+01
6.237081270248271636e+01
6.267887776179626513e+01
6.420577469689513350e+01
7.014831700656786495e+01
6.479706477686924870e+01
7.033521356336584063e+01
6.821357515117639991e+01
6.662561623717411408e+01
7.359636210846859683e+01
7.517011402508950368e+01
8.389983322492922468e+01
8.591919547938830704e+01
8.776262097290658915e+01
8.845654570224114366e+01
8.756816321380075863e+01
8.144979028869029491e+01
7.012202874176476541e+01
6.543344405134064345e+01
7.223790527543297912e+01
7.378935496406813854e+01
7.170238114195551304e+01
7.175033826465778475e+01
6.947214519750843920e+01
7.678296018513087517e+01
6.984515784882829337e+01
6.888973278059242489e+01
7.392141516406515223e+01
8.291289898827211857e+01
7.342752817706428914e+01
6.260514486942867052e+01
5.950561065208614764e+01
6.531749445432978973e+01
6.412212893544420922e+01
6.352752429519795641e+01
6.860467747209294487e+01
6.534280387719604732e+01
6.774084478758076955e+01
6.031251998509260659e+01
5.713228428135890624e+01
5.175404663813618100e+01
4.693114332832103486e+01
4.660516106683392223e+01
5.086040038476939174e+01
5.036300651845973420e+01
4.435317670463045658e+01
4.471331737938700712e+01
4.744352289870099071e+01
4.195840617914700488e+01
3.863166070532577834e+01
3.792153656567351305e+01
4.542502509006963152e+01
4.182469340428535531e+01
4.150977452923878985e+01
3.146604562273788019e+01
2.937833975494300276e+01
2.394861549195844219e+01
2.139878674454804752e+01
1.959927807756050555e+01
1.800616051398704442e+01
1.448836091142135984e+01
1.072670407793925484e+01
6.441831850505530532e+00
4.583953139768133234e+00
-4.329084129357527289e+00
-1.100356913768473532e+01
-1.820921559923492694e+01
-1.787138511123866991e+01
-1.964329196916047593e+01
-1.485974815002066052e+01
-2.232319830438277464e+01
-2.766201647185441814e+01
-3.341280385444009227e+01
-4.246175104824390445e+01
-3.740251531946425700e+01
-3.788177915258676620e+01
-3.636540544667627017e+01
-3.811723381224593510e+01
-3.551642839266292384e+01
-3.518242113726559239e+01
-2.849144512460598833e+01
-2.037527701075304165e+01
-7.016975303819471321e+00
-1.964587605191799202e+00
-1.005016714088749907e+01
-1.802921387431976541e+01
-1.723740465785881781e+01
-1.779740764011671317e+01
-2.333683032615367381e+01
-2.061356192428653600e+01
-1.486784169217400198e+01
-1.168826910478611225e+01
-1.137513028662657355e+01
-1.099802378358865340e+01
-1.349555749451273101e+01
-8.586360882187008770e+00
-9.638035376828513634e+00
-1.632748122682677305e+01
-2.030382302734843591e+01
-2.833624492793765626e+01
-2.173413926303998167e+01
-2.052704982014720869e+01
-5.392798580481855453e+00
1.894572328914386483e-01
3.777813198457602439e+00
6.036229001457153132e+00
5.736593594955519571e+00
-4.413107290758992107e+00
-7.121895254667898634e+00
-9.939588371251069532e+00
-1.601582364862636609e+01
-1.141312465723422065e+01
-1.417459716498848188e+01
-1.359161842839500167e+01
-8.653841560711061476e+00
-4.690877598679183413e-01
-5.856330232687942505e+00
-2.011883871976303695e+01
-2.021551792710440054e+01
-7.642024014498965734e+00
-3.537078562621548183e+00
-1.031767645858580273e+00
-2.993462686336905154e+00
-6.010752788015982784e-01
-3.846355050486448768e+00
-4.575327181504127871e+00
-6.082412317394531698e+00
-6.886587489835654274e+00
-1.155853537477185178e+01
-1.600558963745574204e+01
-1.270345267937083200e+01
-1.326533929732562278e+01
-1.152709063849667714e+01
-1.476377096582590198e+01
-9.877105133586480790e+00
-7.713696592905470162e+00
-9.400196402128949913e+00
-8.998061509880892928e+00
-1.165265454809130574e+01
-6.708923995920011762e+00
-4.677423379001182546e+00
-5.844734125639149624e+00
-2.419411541270303445e+00
4.480714812824307280e+00
-2.347893373417849983e+00
-6.322215544879596472e+00
-5.810128499736052277e+00
-8.688557575346639084e+00
-1.774556872980797806e+01
-3.018535402191161410e+01
-3.484277778298667272e+01
-4.147497396406228631e+01
-3.442447454988617750e+01
-3.213935906065923120e+01
-2.830744663964034658e+01
-2.802964433649524167e+01
-3.346362905264872722e+01
-3.131773908930321682e+01
-3.478166635948016250e+01
-2.865666739745432068e+01
-2.242395923117823386e+01
-2.757647637767471238e+01
-2.987085258005298272e+01
-2.497723552821485171e+01
-2.666278155418237716e+01
-3.748704956531676658e+01
-4.209147622733415517e+01
-5.471031951159112339e+01
-5.928336402284674733e+01
-7.083905904495524908e+01
-7.421792791139093026e+01
-7.463098925111648896e+01
-6.591450570399011610e+01
-6.701316703770420702e+01
-5.986085960015913088e+01
-4.805287535337615168e+01
-4.581194829804829283e+01
-4.718327117073279453e+01
-5.405577055152618726e+01
-5.653134608894698943e+01
-5.674899432935966814e+01
-6.468874705514262757e+01
-6.776787235845051782e+01
-7.437072495109268289e+01
-7.853977657730010264e+01
-7.639302875975496931e+01
-7.313319585571993287e+01
-6.715467609217773770e+01
-7.440830606041508588e+01
-8.174754561866488700e+01
-8.745508655368705320e+01
-9.383642782989268483e+01
-9.298656562401156123e+01
-9.492768496604766426e+01
-8.717125876633700443e+01
-7.084148917030425707e+01
-6.797944055683144882e+01
-6.921415614651597537e+01
-7.462679759211184205e+01
-7.959783804136746710e+01
-8.376259626009839110e+01
-8.720204154566791033e+01
-9.615470896996843919e+01
-1.073228395750098656e+02
-1.143779182348742580e+02
-1.095723878962669602e+02
-9.173932576638232206e+01
-9.434485252433523783e+01
-9.473709929811801089e+01
-8.253436267898031531e+01
-7.627996524422172797e+01
-7.469790792062525497e+01
-7.367025849776774749e+01
-8.226109059133914059e+01
-8.084626404888257412e+01
-8.026922724571583956e+01
-8.329056130251304069e+01
-8.716141961858896536e+01
-8.458025523148762659e+01
-8.134192603118938791e+01
-8.160264352684234268e+01
-8.138385819771927743e+01
-9.020857516500295503e+01
-9.339520292094098863e+01
-9.364446752742405522e+01
-8.753364508762075502e+01
-9.250337463694366136e+01
-9.287215562630704824e+01
-1.014730591077654935e+02
-1.069016405536047074e+02
-1.063391915142161821e+02
-1.083178312735738444e+02
-1.015882142124474683e+02
-9.359544152788944871e+01
-8.162175453779306622e+01
-7.578480543925566337e+01
-7.641763904271607544e+01
-7.539515772373569291e+01
-7.314742484449386950e+01
-7.434889895137452243e+01
-7.371503193437006018e+01
-7.249190881499397676e+01
-7.844497582882866027e+01
-8.752899203671391604e+01
-8.678616176208230115e+01
-8.555889387004970104e+01
-8.761782692885201129e+01
-8.561298513400512888e+01
-8.505701172244717156e+01
-8.559422612860709023e+01
-7.954741406162411010e+01
-7.081187587363478997e+01
-6.883271141615523447e+01
-6.229662149572125429e+01
-6.052868930580154228e+01
-6.671282098928486448e+01
-6.542366584173875310e+01
-5.894595139305206999e+01
-5.691769004015477407e+01
-6.259907201559313705e+01
-5.745984822170080264e+01
-5.030835316394762913e+01
-5.280122942641889239e+01
-5.228936065471931016e+01
-6.008781385425506016e+01
-5.806751537816360553e+01
-5.770032778262112316e+01
-5.069497767621992779e+01
-4.804359000398069668e+01
-5.216531302141017079e+01
-6.178519803489443518e+01
-6.205085789169805821e+01
-5.911478999266360290e+01
-5.216903059961350664e+01
-4.937704026186271022e+01
-5.056326607321626909e+01
-5.871185764779764327e+01
-6.588424704774132579e+01
-6.917019157187188227e+01
-6.601194128387444948e+01
-6.411540103736474805e+01
-6.453458927658206790e+01
-6.883708359631815199e+01
-7.361718069801989373e+01
-7.219054037744746211e+01
-7.057690317336439989e+01
-8.156073560349254592e+01
-8.610980540637298475e+01
-9.244275429338219396e+01
-8.855012368281894908e+01
-8.937263552192631266e+01
-9.813304050625222885e+01
-9.140677829818329769e+01
-7.800600717824492847e+01
-8.243685468667631255e+01
-8.762582276667006909e+01
-7.891331471972650036e+01
-7.363220912278906383e+01
-6.856371402119961544e+01
-7.182283471366181971e+01
-7.056502492507318891e+01
-7.324999498459222025e+01
-7.213199775975414241e+01
-6.543229876489417052e+01
-6.300502753693161395e+01
-5.855122655281974176e+01
-5.131126360599558467e+01
-5.396437191857010163e+01
-5.946550291401855048e+01
-6.105299057964744236e+01
-6.000211921839107276e+01
-6.235041791262169397e+01
-6.086259322600353983e+01
-5.538345754404286225e+01
-3.679222940527164809e+01
-3.077990472891019991e+01
-2.633725641688662833e+01
-2.407904135949772240e+01
-2.836372266491716232e+01
-3.310922864142582966e+01
-4.103565304131895175e+01
-4.240901161135791142e+01
-3.437834564512694158e+01
-3.686384299384959462e+01
-3.368311371695289580e+01
-4.357514098325798102e+01
-4.748168948742652873e+01
-4.098860944503407211e+01
-3.722608231506146836e+01
-4.142801404989036484e+01
-4.987717237862501207e+01
-4.956251027737098269e+01
-5.266190710231266081e+01
-6.188981852871783929e+01
-6.481461582853661696e+01
-6.677443350241364328e+01
-7.642117414068262349e+01
-7.198452318023004182e+01
-6.956759424699589545e+01
-6.375919763748110114e+01
-7.168206345155611814e+01
-8.102821645087620084e+01
-7.834258567638050863e+01
-7.470062924473027977e+01
-8.092264224807519213e+01
-8.514181398779916776e+01
-8.998712132504273598e+01
-8.698591307265498074e+01
-8.803849393092821174e+01
-9.371521675192386169e+01
-8.303606946419624535e+01
-7.547754449692075696e+01
-6.998400086078032700e+01
-5.976580192673908698e+01
-6.391212148968124040e+01
-7.218255751484899463e+01
-7.704828262004681960e+01
-8.535172791960525274e+01
-7.711766871128475032e+01
-7.621369678487397437e+01
-7.477683377252077435e+01
-7.488495187858427471e+01
-7.992749023286079080e+01
-8.354628017250760763e+01
-7.842930259140518956e+01
-7.706324084374512040e+01
-8.137070765366787839e+01
-8.793644361810939358e+01
-8.349722073508694109e+01
-7.993311035407747056e+01
-8.625247515750596961e+01
-9.250594146587812361e+01
-8.816374835328083748e+01
-9.679167490856177380e+01
-9.528668919275681048e+01
-9.675782056771535622e+01
-1.053697598760240481e+02
-1.066289984530267958e+02
-1.101182814314373388e+02
-1.145264976735707165e+02
-1.125687166510291632e+02
-1.224418969658102583e+02
-1.221691015841079064e+02
-1.188557500523192658e+02
-1.152131025813044118e+02
-1.165109333855125442e+02
-1.177963043314465352e+02
-1.180186900356499677e+02
-1.201372348024502230e+02
-1.118129871668857618e+02
-1.074896680105983506e+02
-1.078674313508384586e+02
-1.126951768047750875e+02
-1.093581114712678328e+02
-1.000414419685870655e+02
-9.868749262440201164e+01
-1.003835195451579239e+02
-8.949467004461872932e+01
-8.548010149682336589e+01
-7.779244967082497908e+01
-7.733901008079809003e+01
-7.994850368262238760e+01
-8.926366680598515302e+01
-8.566779974584956392e+01
-7.636742659639023145e+01
-7.543200664797805644e+01
-8.664107886411183301e+01
-8.635460828490863605e+01
-8.704046651598845585e+01
-7.935451025358634070e+01
-7.672465640939594778e+01
-8.479622450288754010e+01
-8.661047169321685146e+01
-8.638935130423227804e+01
-8.353822358409090043e+01
-8.404462966604171470e+01
-8.705417862426783415e+01
-8.841852384286288213e+01
-8.399040672863937118e+01
-9.039595237253561777e+01
-9.352632097492183050e+01
-9.061190582300112339e+01
-1.034525626896040649e+02
-1.016599328436329728e+02
-9.125916371386644244e+01
-9.937179266854454340e+01
-9.894593901943832748e+01
-9.813438134497850740e+01
-8.957702094573916440e+01
-8.817677224999432894e+01
-8.892928184761137800e+01
-9.100177231762445729e+01
-9.392823861199941859e+01
-1.007386971061040839e+02
-1.068596839502721707e+02
-1.155743826329794786e+02
-1.163063464105052702e+02
-1.209221380942631754e+02
-1.199759568840767372e+02
-1.158539894154724834e+02
-1.110014895787740841e+02
-1.098650361606881489e+02
-1.183252941645555438e+02
-1.278333948787806094e+02
-1.302774198944391344e+02
-1.307729832693966614e+02
-1.306572918780897226e+02
-1.290458407717153761e+02
-1.246012980574479769e+02
-1.257736143236622723e+02
-1.164403975566526697e+02
-1.118266573367278767e+02
-1.153828033522131307e+02
-1.076881322356178003e+02
-1.097490410748070815e+02
-1.157184296054023349e+02
-1.178151204967225709e+02
-1.160788135345937349e+02
-1.300380870431338280e+02
-1.414273831805118107e+02
-1.361024452261863189e+02
-1.319858082141501541e+02
-1.352410347061487244e+02
-1.342918411121157760e+02
-1.368973957638069692e+02
-1.420716640218870737e+02
-1.465424485187401444e+02
-1.455059042408074106e+02
-1.457734909216714527e+02
-1.420172388646213903e+02
-1.424126101614187121e+02
-1.288128906601575352e+02
-1.266283918652762281e+02
-1.338728686589479082e+02
-1.275998749523897260e+02
-1.231012730815643152e+02
-1.221908247308656570e+02
-1.297683416902850126e+02
-1.235324343152091444e+02
-1.168143092884962044e+02
-1.163920405739616086e+02
-1.185675892756429022e+02
-1.152628529826545503e+02
-1.204490164767195495e+02
-1.240233099669608947e+02
-1.197558108540287378e+02
-1.171147040028091624e+02
-1.229084683944838190e+02
-1.172336505543581637e+02
-1.146509426621721275e+02
-1.199567668632615067e+02
-1.228959014491914274e+02
-1.194704548601453524e+02
-1.163136773244889923e+02
-1.112866913033819003e+02
-1.144601906731612786e+02
-1.158299202127309968e+02
-1.166727370581077139e+02
-1.120506425356254994e+02
-1.186112069026644633e+02
-1.220052406719401148e+02
-1.209235254715806747e+02
-1.184529840387994284e+02
-1.254392937692988852e+02
-1.193426974235669178e+02
-1.242154165181292882e+02
-1.270660144877170268e+02
-1.281996658317732454e+02
-1.225990094772799637e+02
-1.224578577486787481e+02
-1.131495565261005254e+02
-1.092693281952921183e+02
-1.142881349342788440e+02
-1.124107186448299416e+02
-1.191903574613653518e+02
-1.198237988149330420e+02
-1.154291905623913834e+02
-1.079804800895572043e+02
-1.111883427021735855e+02
-1.083636813997160289e+02
-9.591969413028314762e+01
-9.023211407108200888e+01
-8.626745405234028397e+01
-9.015969361409860028e+01
-9.507784914440280488e+01
-9.262927042863154270e+01
-8.810638477696961957e+01
-9.113735658231387049e+01
-8.997885260741601599e+01
-9.598800710335950725e+01
-9.461058835301136583e+01
-9.378055651892614719e+01
-9.538855308104710673e+01
-9.065239576241775410e+01
-9.785699550730360841e+01
-1.005569742534304538e+02
-1.081617938066659121e+02
-1.045675613636426391e+02
-9.709826037523745867e+01
-1.024558499119783193e+02
-9.797957993890436512e+01
-1.019891260303661369e+02
-1.076139384809275583e+02
-1.050885421941538596e+02
-1.079130295362672740e+02
-1.128895673287574795e+02
-1.131285559266662943e+02
-1.069072830756320087e+02
-1.002340780107116132e+02
-1.014963073528629991e+02
-9.430670354069417272e+01
-9.480827792010482824e+01
-8.846823238928952549e+01
-9.139355607871334541e+01
-8.847865814667468953e+01
-8.591446939444583109e+01
-8.696175055670049403e+01
-9.037388230070231998e+01
-8.814817630226740164e+01
-9.199551350189916832e+01
-9.034442027713083689e+01
-9.049685983514706322e+01
-9.411918501162534767e+01
-1.011820559546509770e+02
-9.739379201390981677e+01
-9.435400823384837565e+01
-9.426699897412180462e+01
-9.920739985477547407e+01
-9.954394623286202659e+01
-9.601410072423176700e+01
-9.400930522629516872e+01
-9.735616430038027147e+01
-1.013957093939778247e+02
-9.869011909882544842e+01
-9.393713008836056133e+01
-9.257054454712920233e+01
-8.347310584723787485e+01
-8.453795980668901677e+01
-9.156077299800233504e+01
-8.722919003750851630e+01
-8.107566753757204481e+01
-9.062061644946028593e+01
-9.842399178405217697e+01
-1.047695133979949418e+02
-1.084037169503552605e+02
-1.003964512411767629e+02
-9.540648821224797871e+01
-1.034165741987442289e+02
-9.851592063205600880e+01
-1.021250468665416236e+02
-1.068332637506034786e+02
-1.063058537222993323e+02
-1.114383087157536352e+02
-1.055992383916479014e+02
-1.110887830905936653e+02
-1.127539768144166317e+02
-1.172359427828465925e+02
-1.192021533468009125e+02
-1.261909088149534170e+02
-1.205142588027933925e+02
-1.122651265872568729e+02
-1.121160311254844828e+02
-1.073016491540873574e+02
-1.136867392106379810e+02
-1.171631296019770900e+02
-1.123368650861492029e+02
-1.086507497643097082e+02
-1.181308167380914682e+02
-1.215262935772537531e+02
-1.205611259684201428e+02
-1.113070656878747400e+02
-1.026370912708560041e+02
-1.037963446826199174e+02
-1.085795050509604778e+02
-1.049129892564319562e+02
-1.124131022722062028e+02
-1.102703277087592539e+02
-1.108134947939689567e+02
-1.118146560932803624e+02
-1.132180694136231409e+02
-1.113311476704561613e+02
-1.079807560450772712e+02
-1.056199633174792751e+02
-1.025923348726360871e+02
-1.044904611636903553e+02
-1.076915576784312663e+02
-1.011537643192608158e+02
-9.703420805193597687e+01
-1.019375996242598177e+02
-1.023040941227108931e+02
-9.608980572372041706e+01
-9.136702002171817583e+01
-8.082988023810146672e+01
-7.628370012051811955e+01
-7.009060509691843777e+01
-7.526192264299520218e+01
-8.288558774898420722e+01
-8.192604816526684886e+01
-7.547918396429780330e+01
-7.686682532135769463e+01
-8.825451456759437008e+01
-8.022104929616179447e+01
-7.530185341450581404e+01
-6.885033162279702879e+01
-5.963205579759870290e+01
-5.091871214724049821e+01
-4.703623198977680175e+01
-4.692914627795729388e+01
-5.618325564841839537e+01
-6.517735317166106768e+01
-6.749950464414403939e+01
-6.194190352595848736e+01
-5.183378973036521131e+01
-5.485373422110792774e+01
-5.152027869538397198e+01
-4.145794392890721980e+01
-3.919640216875122718e+01
-3.996432040115995221e+01
-4.498548811750245591e+01
-4.651207620866529169e+01
-3.009688579708051748e+01
-2.774309345582764763e+01
-1.618235549180215216e+01
-1.017511014951767301e+01
-2.044104557902303299e+01
-2.650003825232213828e+01
-3.207206276342012785e+01
-4.281059249234284181e+01
-4.932592566784247623e+01
-5.050767040607871650e+01
-5.187952700026144015e+01
-5.377289024546108465e+01
-5.482535735384423248e+01
-4.932388052675221246e+01
-4.871545487039828970e+01
-5.129498809497363254e+01
-4.847567233046223123e+01
-4.789865007480413084e+01
-5.032353379444479202e+01
-4.579664515048457929e+01
-4.966607900828518041e+01
-5.102876668067128918e+01
-5.236671287615561710e+01
-5.055302305328203261e+01
-4.277674184378635402e+01
-3.008696796190835343e+01
-1.649014139981055749e+01
-6.631363070581839381e+00
-9.375958202981738765e+00
-9.191745863666998417e+00
-6.129972491125600165e+00
-8.451275410671847510e+00
-7.262120746524473702e+00
8.346111148806055757e-01
1.686881970117038776e+01
2.350963227937030453e+01
1.642855946848551696e+01
1.676690761815230246e+01
4.833436084567456881e+00
4.870292416166050131e+00
7.360766347918598740e+00
1.222858533576804696e+01
1.370306830033284307e+01
1.210672508486450738e+01
5.290326759756279529e+00
6.061841617611925415e+00
9.716941341693710044e+00
1.673802165206486592e+01
1.933679381502776451e+01
2.741739193426115406e+01
4.040189490036755160e+01
4.284213021834388258e+01
4.305451579669838225e+01
4.544259823265015541e+01
3.990490715704575564e+01
4.863279133229120532e+01
5.902307750223894800e+01
6.914184667470087220e+01
6.885314268693879569e+01
6.714510812749358593e+01
5.972818643280712081e+01
5.461258973114797755e+01
5.170819365476577190e+01
5.321230540952496568e+01
5.148504589222535088e+01
6.215634418623674406e+01
7.002612114264022125e+01
6.724014115633349320e+01
6.240747159995816418e+01
6.231824533359874607e+01
6.037100955721443540e+01
5.357051613017877401e+01
5.530363344987294738e+01
5.272576995335060701e+01
5.240014939584094833e+01
5.169038005270712688e+01
4.609426903369946160e+01
4.223481605174882958e+01
4.748128136771821772e+01
5.138547053596441572e+01
4.365048741338885208e+01
4.586389652556606222e+01
4.354966690521576567e+01
3.371248997082749810e+01
3.854750326433470775e+01
4.371670324265623719e+01
4.319409219310141168e+01
5.275144675165302033e+01
5.849148879036270188e+01
4.978753611921219147e+01
5.151574147896250366e+01
4.329485699911959529e+01
4.082753798979190663e+01
4.222385378535262390e+01
4.271936252945014445e+01
3.711792787783043934e+01
2.370429284866957076e+01
1.498980047293719764e+01
1.312655347658708571e+01
1.671933245290915693e+01
1.883719879936723274e+01
1.203254513555043204e+01
1.055145803569693896e+01
1.443441489610537687e+01
1.844675415154734921e+01
2.319417681192636138e+01
3.088677563230403678e+01
3.320143402876587402e+01
3.402904335514653411e+01
2.783744802623620629e+01
2.429321397639685998e+01
2.132729786098071401e+01
8.075037163398523177e+00
1.260219617158229077e+01
2.797063540186098507e+01
2.583427277897194330e+01
3.378002561538453818e+01
3.995568660716066489e+01
3.830627387725307642e+01
4.561583711838477484e+01
5.298980311340065441e+01
5.902099712945977927e+01
6.087289801325057681e+01
5.696458490688216614e+01
5.875562084430392673e+01
5.277023611856308349e+01
4.761181723433600865e+01
4.571495082703440715e+01
5.030408159197776286e+01
5.428768654716891007e+01
4.566772816676911617e+01
5.232537085625273932e+01
5.737428488848564712e+01
6.545512943753463730e+01
7.297648497025848258e+01
8.163839777536846043e+01
9.252815573186794040e+01
9.871506844773385581e+01
1.010312598333907061e+02
1.016209219116938840e+02
9.724250737827621549e+01
9.188653097726466967e+01
9.696425186736728108e+01
1.095764833226867694e+02
1.099661133291592563e+02
1.107885224294324900e+02
1.083771535759957914e+02
9.819427660360774723e+01
9.650323345113288553e+01
9.090119533828730880e+01
8.462888779902554859e+01
8.606780627607352585e+01
7.697170172119885478e+01
7.913877326300735149e+01
7.915435755118089389e+01
7.586826384088105613e+01
8.133575931987621743e+01
8.471950071623868439e+01
8.138404817986979367e+01
8.097116155938252291e+01
9.255779974158883761e+01
