# data in one-minute intervals
9.416871164791123761e+01
9.406562259526339176e+01
9.524488234557823318e+01
1.059940842541424075e+02
1.085277411016978135e+02
1.113872364191029334e+02
1.063452802847263996e+02
9.704189541699406618e+01
9.868139130125493352e+01
9.953974379327068789e+01
1.000546160872674335e+02
9.539151826526320122e+01
9.101520844680848654e+01
9.884609253213297109e+01
9.870686314603665323e+01
1.020654648897253765e+02
1.048715892154286280e+02
1.062214785068189542e+02
1.154670366567035700e+02
1.250578587283935832e+02
1.255302306466789020e+02
1.296026826796118883e+02
1.315115767513288176e+02
1.301018664702426122e+02
1.274466564721778781e+02
1.227639432203630321e+02
1.258809297292298766e+02
1.176023094883809819e+02
1.081062205510771150e+02
1.003203023046253293e+02
1.053765996902204023e+02
1.073216053809721444e+02
1.090565874982905399e+02
1.058817038251712574e+02
1.048804464540955195e+02
1.133479138136271871e+02
1.133510806418771466e+02
1.077563683726785513e+02
1.135753498470526779e+02
1.115445576673736667e+02
1.086042537538290844e+02
1.113797362553163879e+02
1.000274534215083406e+02
9.311150862164164721e+01
9.359125418633566085e+01
8.422051806754799941e+01
8.207363661315703496e+01
8.054754198714100255e+01
7.926147840162316527e+01
7.405900977971255372e+01
8.302652469086102371e+01
8.448080538483486635e+01
8.556359187708811476e+01
8.966796096467813015e+01
1.018425982339539644e+02
1.078703543548468815e+02
1.075821002519558220e+02
1.168965798481225704e+02
1.270289751339349777e+02
1.246873729616724944e+02
1.194885236321522939e+02
1.157203803961905919e+02
1.223115386197518006e+02
1.272024292714921785e+02
1.319797736640287553e+02
1.312337865837418178e+02
1.292866429202036329e+02
1.249689776136919761e+02
1.200560641670136022e+02
1.227869188947004488e+02
1.228498803930445717e+02
1.193904764561841461e+02
1.238242592160133171e+02
1.259703145520323488e+02
1.164096911772134462e+02
1.175302510413291657e+02
1.214505902843555702e+02
1.232590823521348682e+02
1.146801510839879512e+02
1.201314785863539072e+02
1.108316634070631608e+02
1.105687112766371172e+02
1.044846080596569635e+02
1.084287516475299356e+02
1.035669368490437279e+02
1.050084107778873488e+02
1.013689637702493940e+02
9.219611076357519153e+01
9.164003882295314440e+01
9.311770065779853667e+01
9.725040616567704888e+01
1.081615168465371681e+02
1.035496168087941413e+02
1.000280399620870355e+02
9.685523543137058766e+01
9.936629094180527488e+01
9.051536800639078706e+01
8.804694686857727959e+01
8.106682212815847777e+01
8.298122225291244547e+01
7.675941469124539651e+01
6.790443340597231270e+01
7.164914022164292362e+01
6.443428976019443155e+01
5.755947867010482355e+01
4.957077666846239339e+01
5.300703569035236029e+01
5.868331185598715649e+01
5.713330371161815435e+01
4.792416966635148867e+01
4.363431893260903394e+01
4.603168531564448074e+01
4.131245910213283423e+01
4.480758243824105591e+01
4.667841516828752901e+01
4.300905408376755901e+01
3.034219837177014156e+01
3.009929974058126945e+01
3.159298410252758771e+01
3.198312442740708406e+01
3.257183503730728091e+01
4.121349843994886442e+01
4.449606923932390146e+01
3.979189040841160363e+01
4.167293181864645391e+01
4.793678579214292057e+01
5.494048551099149336e+01
5.629253164594580028e+01
5.712381492494900215e+01
6.356898205217674303e+01
5.788283996128360798e+01
5.299269932622495816e+01
6.173849539619543947e+01
6.580259171571000820e+01
6.881789966774017842e+01
7.331165102089266838e+01
7.478536173150131106e+01
7.620879148324151231e+01
9.119308042107867607e+01
9.277731113137002694e+01
8.915173485989787139e+01
9.396773112970437580e+01
9.303148693181496753e+01
9.437481651239063751e+01
1.059090826658162428e+02
1.043148062023500984e+02
1.012558820069243950e+02
1.011856493345670884e+02
1.073678407078609922e+02
1.107265571702539262e+02
1.153343840847734612e+02
1.144590602245924771e+02
1.201179312791296638e+02
1.219666505626612008e+02
1.224270079647046288e+02
1.146555291590021426e+02
1.146993461657439042e+02
1.165949712733668377e+02
1.233468439198346687e+02
1.256933028839784896e+02
1.339694430932551086e+02
1.347404346912550182e+02
1.304854306540441371e+02
1.253211794608561007e+02
1.268684609549342497e+02
1.351750139983235783e+02
1.362424403671846562e+02
1.371477821701240885e+02
1.311665607671544365e+02
1.323745276674422087e+02
1.302873192221203453e+02
1.292704285979532983e+02
1.321681914185818698e+02
1.303455994643144606e+02
1.297750411587436474e+02
1.310886426061667294e+02
1.378223706193337534e+02
1.396910831728904725e+02
1.462431417239498614e+02
1.528313324499659132e+02
1.550940439141625404e+02
1.374460719112876745e+02
1.351648801802538173e+02
1.316319634042839084e+02
1.198262449703618842e+02
1.284452036519362537e+02
1.232445246090397006e+02
1.276053356483709393e+02
1.210964114263610014e+02
1.086792745905373039e+02
1.140657568826351564e+02
1.124027318765114103e+02
1.133415906346852609e+02
1.044811201434859100e+02
1.027330913661454304e+02
1.120315983686767964e+02
1.096210761853112388e+02
1.130104000208947355e+02
1.173245424159029255e+02
1.086946855592062917e+02
1.079551593091615018e+02
9.758735419399577893e+01
9.780570903649521597e+01
9.192022259267449158e+01
9.800012452873376390e+01
1.048682907041711729e+02
1.073066062999987622e+02
1.054842063401794690e+02
9.432142623675321147e+01
9.244525039411972500e+01
9.428723638583669242e+01
9.990494605888255819e+01
1.025665015065132764e+02
8.750985137649063006e+01
8.418091422695709980e+01
8.103587984568645197e+01
8.076394014697788748e+01
8.213822885830023779e+01
8.271704757882682202e+01
7.395599281664377145e+01
7.162939325333599072e+01
7.922245758097795942e+01
7.773062214838593320e+01
7.940689269152578333e+01
6.964976647532392917e+01
6.969976018720363697e+01
7.403554086608174600e+01
8.150647553329264383e+01
7.937651388682840548e+01
7.475571808513336691e+01
7.948603289959768858e+01
7.423081739508536714e+01
7.546527107833324521e+01
8.306631927685859296e+01
7.309954235673752976e+01
7.451161189812151520e+01
7.935221863257423536e+01
7.308591918292887613e+01
7.063615780308724368e+01
7.734390777873018408e+01
6.849139756857161387e+01
7.214216005608903970e+01
6.455676085434070899e+01
5.187425373027321740e+01
5.518782168574850289e+01
6.062365233611502191e+01
5.020741704883493384e+01
5.165009181976026298e+01
4.957649314405227869e+01
4.739242109030094952e+01
4.379947468998851434e+01
3.598248497720861394e+01
3.097282969978288492e+01
3.735702352813422777e+01
3.640262032927755342e+01
3.652746922618127456e+01
4.567269146098456645e+01
4.852082588941213004e+01
4.884155166194461373e+01
5.616987678204758083e+01
6.178971947880029347e+01
6.205166194141038005e+01
5.922090602357368283e+01
6.088794027146044385e+01
7.407922399431809879e+01
8.069802762493294779e+01
8.231764815205197294e+01
7.776029716601148323e+01
6.918825303783883385e+01
6.285596360795703674e+01
6.198221028412547184e+01
6.603069880670832958e+01
6.633963132498628568e+01
6.614269527069295407e+01
5.595855916099142036e+01
6.567601167036930576e+01
6.448537486118154050e+01
6.035409760382219702e+01
4.921242717859857407e+01
4.610827167917418734e+01
5.685415552927483418e+01
6.424317691507765460e+01
6.495812578176465024e+01
6.752855626799259880e+01
7.279543177515868990e+01
6.240682039448836349e+01
6.253442751798701238e+01
6.571893835632423020e+01
6.558497192316949054e+01
6.256420392426576171e+01
5.398326403208100999e+01
5.056352092669149556e+01
5.232782966371242850e+01
5.206344392714416358e+01
4.942153760500099935e+01
5.022709812653221206e+01
5.006806339705573095e+01
5.886983544323062034e+01
6.086582194806262436e+01
6.040311348106490641e+01
6.294524384327636568e+01
5.844309231336310972e+01
5.719588403014518008e+01
5.173350242779408603e+01
4.282919051612016403e+01
4.816092288017984657e+01
4.772000100070434314e+01
4.811648388599419945e+01
4.884967497680364090e+01
5.069588683039875576e+01
5.550158267268885481e+01
5.737753342774330179e+01
6.221301266270921815e+01
5.812825421809621673e+01
5.800453917951994498e+01
5.671125359447892578e+01
6.482788522530833575e+01
5.737226585207884710e+01
4.872844011294615285e+01
4.290234857638101573e+01
4.298503044592806077e+01
5.502010640313257284e+01
4.956833445816312889e+01
4.632424160414841907e+01
5.218902008064895170e+01
6.273789959166261809e+01
6.351157152522154092e+01
6.102954715039125944e+01
6.162232976605800161e+01
7.216403449881430276e+01
7.723205610621587880e+01
6.922047295753993978e+01
6.637528132390549729e+01
6.699533427854861145e+01
6.033074346003457578e+01
6.208854174411024474e+01
5.617441490651548719e+01
5.104143816997999039e+01
4.493771488743679043e+01
4.272025413017316708e+01
4.692135334953959358e+01
5.824340524931348284e+01
6.359741989109296156e+01
6.477521995791339293e+01
6.652582464541698926e+01
7.493321248887062325e+01
7.474268130118399256e+01
7.124889355547760772e+01
6.896786102484178116e+01
7.100047187602883980e+01
7.239914290739480407e+01
8.031367723991191099e+01
7.590269079650282436e+01
7.390023573989685701e+01
7.991907037690670279e+01
7.196684598138200784e+01
6.649851864987124372e+01
6.733849590098006388e+01
6.592649377715474657e+01
6.587572632600782185e+01
7.122707744189874290e+01
8.364585671552289625e+01
9.425274685038067446e+01
1.076590387285074826e+02
1.085051428450836823e+02
1.083794963228342993e+02
1.125240273814528393e+02
1.187419339096483100e+02
1.192992267997122582e+02
1.189781657475798795e+02
1.184369572617875264e+02
1.212880255992396741e+02
1.370557938654795862e+02
1.369497535073217307e+02
1.332134589634639781e+02
1.405902698546707086e+02
1.354162614253125128e+02
1.312552591075513817e+02
1.268478844222629647e+02
1.260747371498924565e+02
1.296137516781214742e+02
1.268076519363231540e+02
1.304903937661436828e+02
1.313150272043422717e+02
1.186452078233984651e+02
1.083578377224924765e+02
9.778477656143429897e+01
1.015455850588513016e+02
9.857915853942931506e+01
9.605112748948947399e+01
9.714423731576611942e+01
9.318897430660589976e+01
9.652836834364281060e+01
9.598647673863807483e+01
9.978411409662948017e+01
1.061322977590475460e+02
1.008978842055367977e+02
1.014382744270019572e+02
9.856426004870135671e+01
9.808212426890099778e+01
9.691760562699074910e+01
9.527254347379053456e+01
9.085025834802750921e+01
9.258490886345278170e+01
9.344459752865189728e+01
8.639868501487077879e+01
7.751456416296404939e+01
6.857729231375485313e+01
6.671367905647431940e+01
7.011775056625468494e+01
6.785470400546743974e+01
7.202644456961409958e+01
7.261943198735141891e+01
7.425102077029099235e+01
6.409488409101740558e+01
5.449076352069673845e+01
5.693285372767473262e+01
6.062037246072436858e+01
6.792688041814959377e+01
6.688640119338614909e+01
6.832489993385510729e+01
7.510047033722801757e+01
8.196742716102610871e+01
7.989796325000867228e+01
7.542464729318334093e+01
8.037861377175363486e+01
7.837227639504780541e+01
7.289068292763447232e+01
6.337700793160512802e+01
6.025211397866895879e+01
5.975183973150535621e+01
5.537833863788572586e+01
5.253310977067311427e+01
5.709534503431655139e+01
5.994405215318159463e+01
6.675708100041612170e+01
6.305276089935330219e+01
6.132980038171673698e+01
5.766771162410676510e+01
5.833415873848305466e+01
5.783579147827987299e+01
5.877748995138230725e+01
5.231653492351634327e+01
4.994837600977992054e+01
4.432997233220065425e+01
4.113496304939654635e+01
2.658133882323193475e+01
2.987595403802284366e+01
2.447819326933393924e+01
1.804887819895433765e+01
1.869792933489994979e+01
1.999475680144605505e+01
1.238402387334632770e+01
5.908997488868079628e+00
2.486782213941884478e+00
-6.812511344981814432e+00
-1.220913372983434897e+01
-1.638707923384896503e+01
-1.413788992969573322e+01
-1.339009568336136446e+01
-1.891961242445811209e+01
-2.619903243242733382e+01
-1.843566312571344312e+01
-9.553747444560107382e+00
-6.963698615195491826e+00
-4.548816957639159497e+00
-1.901711617052929881e+01
-1.329687501308832154e+01
-7.249103015165506037e+00
-8.396379504092614354e+00
-8.978517760532659153e+00
-6.333496150066450170e+00
-9.246478551911312849e+00
-7.547059264739353068e+00
-1.490799478365289810e+00
2.615883946408936289e+00
-8.355772778621000541e+00
-9.949993240275491146e+00
-1.283935752516228490e+01
-1.413582030749891061e+01
-9.351028166059984770e+00
-2.135026017371734586e+00
9.470055395541788101e+00
1.328206559353610494e+01
8.048203938566587112e+00
7.772882486453501549e+00
7.068333356016133884e+00
-3.040692585514340074e+00
-4.497784926609912581e+00
-7.013631045781470341e+00
-1.053282047653118703e+01
-5.418484766117774853e+00
1.472794890763802433e+00
3.094639012150991464e-01
-8.704665904382760999e+00
-1.966120939604657991e+01
-1.730601438219530408e+01
-3.116292855054643240e+01
-3.882489255405112516e+01
-4.339155525037198657e+01
-5.307835528524864088e+01
-5.203273450384637755e+01
-5.749839009076649177e+01
-7.130801580403991125e+01
-7.117936566158728340e+01
-7.047980810206372837e+01
-7.797658131344603305e+01
-7.806241619254252839e+01
-7.877924875441313191e+01
-8.039050384890273904e+01
-7.736298101737628485e+01
-8.141523924051755046e+01
-7.526756355491895079e+01
-7.792321730278973746e+01
-7.116227526440403039e+01
-7.505806903846988121e+01
-6.782487524355040875e+01
-7.741184861468754264e+01
-8.376094858425535961e+01
-8.347899855578508266e+01
-8.370361884604068337e+01
-8.616984853111495113e+01
-8.858897666839428098e+01
-9.428043548611719871e+01
-9.828540630749601803e+01
-9.358608756777745441e+01
-8.591315386581037217e+01
-9.098100196999875777e+01
-8.721359368493943975e+01
-9.121635664904657403e+01
-1.031908772749205809e+02
-1.065492977912543751e+02
-1.104218383256883982e+02
-1.091703596326988759e+02
-1.144400360997418886e+02
-1.158722916945465187e+02
-1.207568079648140014e+02
-1.212408959032847093e+02
-1.081857700149651293e+02
-1.071313978638607693e+02
-1.138109962111169011e+02
-1.168961077849109955e+02
-1.127042110710654299e+02
-1.074788835539627172e+02
-9.875311942225646078e+01
-9.060421030860119629e+01
-7.863625501032737475e+01
-7.624374143381223234e+01
-6.400460231225702046e+01
-6.165286471758938092e+01
-6.404364225908396691e+01
-7.223944430694079699e+01
-8.849137000951660070e+01
-8.923443045449876365e+01
-8.534110591910435062e+01
-9.072943294392861446e+01
-8.976799854566385761e+01
-9.166231883929272328e+01
-1.017013314481377080e+02
-1.069897941934657268e+02
-1.093956738075591204e+02
-1.137626702847067151e+02
-1.010108727029115840e+02
-9.856587046498930249e+01
-9.992032826195537609e+01
-1.099919860551714095e+02
-1.075287247261246932e+02
-1.046888783319294589e+02
-1.003715911554435678e+02
-1.061357778338441591e+02
-1.105034797598490712e+02
-1.143069971534713432e+02
-1.247542076202826138e+02
-1.331081931243577685e+02
-1.347605047320921585e+02
-1.261816582463153793e+02
-1.342557616919627037e+02
-1.395142480276238359e+02
-1.350954486091180513e+02
-1.438189472705046796e+02
-1.415850344716000393e+02
-1.412482054351455361e+02
-1.418487251497458601e+02
-1.522133729543771494e+02
-1.501071624634855084e+02
-1.509048620829180152e+02
-1.656978007967341568e+02
-1.693104226704552104e+02
-1.745554618140654668e+02
-1.739490141885995911e+02
-1.745624623702676672e+02
-1.726412208868771359e+02
-1.718207809460355975e+02
-1.727429201940183816e+02
-1.741042044118005947e+02
-1.701406876513625832e+02
-1.757409853978716399e+02
-1.741156034015726846e+02
-1.708531361364894963e+02
-1.699678055451481100e+02
-1.605438905753507299e+02
-1.563856599767493378e+02
-1.425519613911881436e+02
-1.328529513658488952e+02
-1.437877128637575197e+02
-1.380387376605275165e+02
-1.314369639966608077e+02
-1.262603581373757322e+02
-1.259004762863220748e+02
-1.221171664492047597e+02
-1.294745247176626037e+02
-1.288860635608952521e+02
-1.287345332686320489e+02
-1.325539942279558261e+02
-1.348610238689024357e+02
-1.276476426508667430e+02
-1.130982382885680835e+02
-1.059230806877959594e+02
-1.056635935086180069e+02
-1.087632171563302848e+02
-1.033435536274983377e+02
-1.061871979789532219e+02
-1.174068894040662485e+02
-1.095118926902202077e+02
-1.195897290161343420e+02
-1.165825120000082364e+02
-1.233834635294103919e+02
-1.169511976466606598e+02
-1.190222890677988659e+02
-1.293363374212086683e+02
-1.278537678721457809e+02
-1.310743636889212951e+02
-1.243077296706701418e+02
-1.241128085843201205e+02
-1.252289167257644635e+02
-1.266805482449598514e+02
-1.320950864690948094e+02
-1.286208729660936854e+02
-1.237332978446916201e+02
-1.295902352526423726e+02
-1.295185258595724065e+02
-1.200667356269545962e+02
-1.176059418610986853e+02
-1.254018868071607500e+02
-1.280991091439530862e+02
-1.266807719355476962e+02
-1.231824399322981236e+02
-1.211698489893934862e+02
-1.192072452146374815e+02
-1.086921595866445216e+02
-1.021902498114951356e+02
-1.020174197913290470e+02
-1.068943303892091308e+02
-1.054981263249390793e+02
-1.162463539479794150e+02
-1.173816344881930576e+02
-1.213413998536988601e+02
-1.213936247352936277e+02
-1.369361445151268128e+02
-1.571282084332966065e+02
-1.545620752055945388e+02
-1.515053620778076890e+02
-1.514764011429764423e+02
-1.605027062924289396e+02
-1.553275167924956008e+02
-1.426579241878947926e+02
-1.387718737465538084e+02
-1.380615286239727766e+02
-1.294205584542173995e+02
-1.332480055595339081e+02
-1.242658860858836078e+02
-1.196675531954566338e+02
-1.088109124713824087e+02
-1.164288314701569931e+02
-1.283285325498316354e+02
-1.289189912225650403e+02
-1.375411345767382443e+02
-1.373294501435872235e+02
-1.484126305086003583e+02
-1.549291450021398475e+02
-1.548879332373678608e+02
-1.522177575719822755e+02
-1.571962704372617452e+02
-1.617966444971520161e+02
-1.621527917119160804e+02
-1.596960872605081363e+02
-1.582886040781553731e+02
-1.668482264188153295e+02
-1.597800530930068987e+02
-1.555544127165297823e+02
-1.619354876954709823e+02
-1.647966456708581688e+02
-1.672548187736557281e+02
-1.708663235021062690e+02
-1.701636713312093150e+02
-1.726106971334032494e+02
-1.784711038904780480e+02
-1.862348646382066590e+02
-1.841462095221827440e+02
-1.813417994453775748e+02
-1.704387903047553152e+02
-1.653727187339121372e+02
-1.690794232891301192e+02
-1.834017496224927584e+02
-1.828329330362664962e+02
-1.916850942596668972e+02
-1.915762925763511646e+02
-1.957724042934638362e+02
-1.894435870533157242e+02
-1.810515956125203161e+02
-1.821535387549647851e+02
-1.840129910083950335e+02
-1.892740627724959666e+02
-1.948813098783323881e+02
-1.919480930972418946e+02
-1.956754396921166688e+02
-2.000088538818349946e+02
-2.079176512517210540e+02
-2.080825752417738670e+02
-2.021128248271594146e+02
-1.949968706125697224e+02
-1.945374372306766872e+02
-2.009912949994904636e+02
-2.032369935218852675e+02
-2.015861196000663540e+02
-2.044582045413444007e+02
-2.092872175908259180e+02
-2.126948918048400969e+02
-2.113495385206403228e+02
-2.093530103316277859e+02
-2.071324550728608358e+02
-2.122893979072470643e+02
-2.117646714471540861e+02
-1.995788648557673639e+02
-2.086985139852744737e+02
-2.191302474857705249e+02
-2.097216147313061470e+02
-2.156267042284634670e+02
-2.249051041104994795e+02
-2.218446667879162817e+02
-2.159010968384565672e+02
-2.226287596943926701e+02
-2.184396018808267854e+02
-2.149291402382403930e+02
-2.082537926550794793e+02
-2.088779230994856277e+02
-2.121305330599228967e+02
-2.161544298912313593e+02
-2.167378751955264988e+02
-2.109284440864687156e+02
-2.129691572005050375e+02
-2.143787909340922795e+02
-2.157822216941753481e+02
-2.122386529235037074e+02
-2.158312320221048424e+02
-2.139796959181250031e+02
-2.037201290893454484e+02
-2.036242178073291882e+02
-2.061582244725065891e+02
-2.076596937538890302e+02
-2.066491203752460422e+02
-2.011408031200019764e+02
-2.064711689114458011e+02
-2.044765366598536502e+02
-2.018077787315966418e+02
-1.915041636440643060e+02
-1.892033186904160118e+02
-1.975814966545069353e+02
-2.011288655353684192e+02
-2.088886575345064500e+02
-2.044469561568919573e+02
-2.039808438300972284e+02
-2.001777774325195196e+02
-1.875354877924400228e+02
-1.849222644719267521e+02
-1.867041683322269705e+02
-1.854811007685531195e+02
-1.876782667182361308e+02
-1.872390034446649736e+02
-1.863039082750330806e+02
-1.875028419321348565e+02
-1.938250873937161316e+02
-1.938758499116509029e+02
-1.926790468837955075e+02
-1.845722658270708507e+02
-1.790886494161065059e+02
-1.703383005739190708e+02
-1.778457072441847799e+02
-1.792999877463078633e+02
-1.832549139735454844e+02
-1.832335908460897258e+02
-1.832677214580514544e+02
-1.793112731385570271e+02
-1.759907875204419554e+02
-1.608271112332573125e+02
-1.589077806949146066e+02
-1.645619172981513714e+02
-1.712856410131797418e+02
-1.779178986084026803e+02
-1.746405510349725034e+02
-1.779049294499546363e+02
-1.810499065127648066e+02
-1.727766122913422180e+02
-1.605326862348208294e+02
-1.525201978124383118e+02
-1.473511076904720767e+02
-1.565293127910278486e+02
-1.510331408006977085e+02
-1.480302681433262819e+02
-1.418817330794633165e+02
-1.443071433115487707e+02
-1.463965122161298211e+02
-1.402834497095249731e+02
-1.334468812638764348e+02
-1.368353805094939162e+02
-1.419857008070454754e+02
-1.521249567915934904e+02
-1.448505193434470470e+02
-1.437770576024119862e+02
-1.367054129728514624e+02
-1.353208371305375977e+02
-1.397337625439762974e+02
-1.374736284213666409e+02
-1.358449184057933223e+02
-1.291122203316147647e+02
-1.338077112786291423e+02
-1.398848159801253814e+02
-1.470480312632523123e+02
-1.513299591605718035e+02
-1.555403879630330835e+02
-1.672672172113508680e+02
-1.668308056835054458e+02
-1.633308258165423297e+02
-1.741157788033265774e+02
-1.834704997769287047e+02
-1.832950352035388164e+02
-1.714331508343881865e+02
-1.712369231903968796e+02
-1.778388508123013878e+02
-1.795149605984988455e+02
-1.763925482643474822e+02
-1.690331352182712124e+02
-1.626629132187027267e+02
-1.563177650488722179e+02
-1.557167700835100277e+02
-1.470179349213176465e+02
-1.380088052861389940e+02
-1.339282920529314822e+02
-1.283027788070963595e+02
-1.259073561744960870e+02
-1.263364885281346801e+02
-1.246391083425108093e+02
-1.223022529382142523e+02
-1.228625458326243631e+02
-1.207854209274653101e+02
-1.193700915153129927e+02
-1.190098085495999243e+02
-1.187788235184791432e+02
-1.242016951173652615e+02
-1.240687952746211522e+02
-1.299956599153692309e+02
-1.312892607914744474e+02
-1.340656325541334013e+02
-1.342441936295915923e+02
-1.285378686288083543e+02
-1.228178976059186880e+02
-1.213889408329353188e+02
-1.131024880871004399e+02
-1.143937253316383078e+02
-1.154477807567208885e+02
-1.201187327559219966e+02
-1.223140162629149472e+02
-1.319275124322360284e+02
-1.322160564011004169e+02
-1.270626742820330008e+02
-1.244786478153839084e+02
-1.251310471299643439e+02
-1.227774958608541453e+02
-1.189951518622814888e+02
-1.186450594301859383e+02
-1.159039408519120258e+02
-1.177650423941331894e+02
-1.238446157314210438e+02
-1.354976079887308913e+02
-1.340982220504007216e+02
-1.369773096926228675e+02
-1.337084629123542356e+02
-1.264565433392158269e+02
-1.216718204957715841e+02
-1.078435609459697133e+02
-1.078300382521757683e+02
-1.013232693387299435e+02
-1.042843063926073910e+02
-1.035793501767253844e+02
-1.022971047953438131e+02
-1.061844460655205609e+02
-1.027767954776965382e+02
-1.077485422130248764e+02
-1.065360104996755268e+02
-1.073963624811609634e+02
-1.105544620641338724e+02
-1.064788441722736110e+02
-1.065056230413982945e+02
-9.901447272865341631e+01
-9.749872245977077512e+01
-1.026543270138143811e+02
-1.103814884313656108e+02
-1.080917418947133228e+02
-9.221171812774632315e+01
-9.027038344024494165e+01
-8.391365712985060554e+01
-7.829898452947271892e+01
-7.289445567501633150e+01
-6.623303493095868077e+01
-6.933219314149054924e+01
-6.427969332716375561e+01
-4.986454661241741348e+01
-4.702342779236319359e+01
-4.130687496039354301e+01
-3.980629611902741516e+01
-3.403510486184918449e+01
-3.173050809771417846e+01
-2.527902243922528314e+01
-2.275586227507468351e+01
-1.960882363099613457e+01
-2.595258040970823643e+01
-1.655836119371517157e+01
-2.189167708916279764e+01
-2.288903686083594025e+01
-1.548932002491696558e+01
-1.873321194443495230e+01
-1.182423296088770570e+01
-1.247854150822372787e+01
-1.459557557800843242e+01
-2.499831252163827955e+01
-2.485414022690606828e+01
-2.443136234443703714e+01
-2.757075892715678833e+01
-2.324224005813708516e+01
-1.118422060810977925e+01
-9.437696042875417746e+00
-1.182939326970311988e+01
-1.449467983191715703e+01
-8.971382629180197910e+00
-5.305222959672565963e+00
-3.251473659682348472e-01
-4.380291047482098854e+00
-6.493990319089849805e+00
-1.880504916170455898e+00
-3.696580637481344578e+00
-8.845195765196402604e+00
-1.168004324128586013e+01
-5.016456004881568731e+00
-2.193736069736819339e+00
2.692012488859272246e+00
1.011495786290227983e+01
9.244695272396661778e+00
1.665675422270799899e+01
2.005165320466162626e+01
1.685835364978828110e+01
2.027178317366321281e+01
1.957751198825221195e+01
1.820121638008906118e+01
1.358230094619871942e+01
5.656523857834133473e+00
8.778520579515943112e+00
1.511460294420916917e+01
1.223905421178342756e+01
1.973204497193478346e+01
1.740317041293407740e+01
1.418754663628662804e+01
2.039929994061483853e+01
2.764252190932952047e+01
2.805192626090003927e+01
2.276394917653090033e+01
6.658932164267582721e+00
4.693359402444766459e+00
-3.549568790056907286e+00
-8.982753630843330228e+00
-4.986529834066293354e+00
-7.248895189926041205e+00
-4.234292641994566786e+00
-7.302910267918901965e+00
-8.069161771828788687e+00
4.092877643677396371e+00
3.395447941608772613e+00
1.966932023945667352e+00
6.577381302611680525e+00
-1.029934498144752242e+00
-3.493935042219502130e+00
-1.462894601240549264e+01
3.262390245905077979e+00
1.108430383582307321e+01
8.989770729634111168e-02
-8.021355408959831124e+00
-3.083271907387974853e+00
-2.722882155856708231e+00
-8.306092551995048368e+00
-1.209838239607716837e+01
-1.208132003772056606e+01
-1.634305773230509828e+01
-4.621669556825604097e+00
-6.807456827282955203e+00
-1.125101255334742412e+01
-1.394165120176782757e+01
-2.054679033149118084e+01
-2.774344832517777704e+01
-2.861782226257002293e+01
-1.829251370916954755e+01
-1.394051179059614398e+01
-2.379455188074822303e+01
-1.580892381045339690e+01
-6.886271035079674085e+00
-1.550176080480823515e+01
-1.897098069796062703e+01
-1.529795934962787030e+01
-2.134502306224028700e+01
-3.013480338206881726e+01
-3.519355190048126047e+01
-3.567624317419128488e+01
-3.500020494307372587e+01
-3.382090029999270797e+01
-2.709828973315513068e+01
-2.398656637340796749e+01
-2.150143094029675694e+01
-2.149893314868455718e+01
-1.716243113147649879e+01
-1.445454314619694536e+01
-1.926731172919078716e+01
-1.477616424631369263e+01
-1.699297311731860560e+01
-1.772650948171771645e+01
-1.135071885955743198e+01
-1.899154298037412048e+01
-1.982414557253505905e+01
-2.549774414320228288e+01
-2.236864861359591572e+01
-1.961872338458267251e+01
-2.115329955386026128e+01
-2.989354234987757408e+01
-2.757702581420113219e+01
-2.003806244016278271e+01
-2.840762684809582694e+01
-2.819680477938820573e+01
-2.776548792747911776e+01
-2.697992248509055813e+01
-2.278145323398332778e+01
-2.534031880274484649e+01
-2.265480679114891416e+01
-2.216714213402845601e+01
-2.021454832113643008e+01
-1.425198295101788837e+01
-1.118398739957969390e+01
-1.409628476021269172e+01
-1.519501793390867661e+01
-2.594248385626237763e+01
-2.594657835217120478e+01
-2.375456164687841465e+01
-1.864176128912181696e+01
-4.210909185143422384e+00
-4.025083527592205002e+00
-1.326608677609341314e+01
-1.183133445228880021e+01
-1.085561431316549275e+01
-4.243314965377477321e+00
-5.876320279501948463e+00
2.631483139377666536e+00
-3.749328666244009067e+00
-9.968385802944094154e-01
3.801415335531394213e+00
-3.275312229736903474e-02
-6.273077959213707588e-01
4.102732100115875191e+00
7.338271506588138315e+00
5.928036519820694572e+00
8.931751784720463050e+00
7.623629699042465013e+00
-3.831537182463729430e+00
3.270672174783654018e+00
-2.286547242406638425e+00
-8.970684393155496039e+00
-3.872582957208749121e+00
1.395966502967388445e-01
-8.585266120367636145e-01
2.240065044802770799e+00
5.720543026768146966e+00
4.024536627482702578e+00
2.613763797826493818e+00
8.779517001882535254e+00
1.109754618765360235e+01
1.608674949006958954e+01
1.883897108418286237e+01
2.263234150851083371e+01
2.566172366028281715e+01
2.205869545934475084e+01
2.365500140218741265e+01
3.121319787089079512e+01
3.214366832268270713e+01
3.341595255219278471e+01
2.672794103319857584e+01
2.309228277686244013e+01
1.847439343633393705e+01
1.532176619723792932e+01
1.537588276262525788e+01
1.605577387232662900e+01
1.279209583076757539e+01
8.659880827657234548e+00
8.059933223541261071e+00
4.984275757262762951e+00
1.137651235074186040e+01
1.684323257180978217e+01
1.128449541166186343e+01
1.061765123133277866e+00
-1.769586869882552316e+00
-1.459522630470380200e+01
-2.119640498559410347e+01
-2.571400967847252517e+01
-3.377381818816619585e+01
-3.369478570268288564e+01
-3.136467202673148691e+01
-3.851185810104764329e+01
-3.255662595503157775e+01
-2.860382323756674694e+01
-2.502697825162949741e+01
-2.734885404005991916e+01
-2.584880043368342584e+01
-1.288252727578506551e+01
-1.787623302549977566e+01
-1.816700649380460675e+01
-1.317049524455849507e+01
-1.413934976530608267e+01
-1.172018625972272332e+01
-1.060674946318028411e+01
-6.134965593033045117e+00
-8.568272105555616136e+00
-7.407898980471518513e+00
3.839635189042739594e+00
7.024698432258405845e+00
1.316883794842286903e+01
1.748129112572595645e+01
1.687223594466423648e+01
1.113600821780677386e+01
1.349834285950971768e+01
7.467471859594225769e+00
4.889962487750104891e+00
1.192490481053370210e+01
1.356250144959158277e+01
1.322783087179337080e+01
1.464724584815729358e+01
1.590837602000452478e+01
1.748348763080837287e+01
8.379287989844147688e+00
1.020774616826146008e+01
1.565731457522937475e+01
1.494019694516361163e+01
1.579366545697006607e+01
2.290889049038545977e+01
2.008158851395377553e+01
1.332931285816683520e+01
1.428100412026108224e+01
5.726934603536301793e+00
1.056667479369978935e+01
6.720917354469565730e+00
1.094557538134828967e+01
1.065805960652798845e+01
1.072145848432587734e+01
1.559904487165525744e+01
1.792730019131493790e+01
1.115258496789839526e+01
1.909405204197832973e+01
1.934225117227515156e+01
1.378640383620670562e+01
1.461040384434874362e+01
1.754448411229327576e+01
2.011683211302070617e+01
2.340147735108845239e+01
2.548213916893642050e+01
2.363683410029479859e+01
2.355952147205992731e+01
2.002381401757660129e+01
1.506079782249527632e+01
1.666010179056118901e+01
1.403438533768155416e+01
1.587085403921063076e+01
2.425280245987419647e+01
2.738756638315760128e+01
2.147586598100187416e+01
2.766259338316899630e+01
2.200841535108150993e+01
2.558613990559364382e+01
3.122356316612364324e+01
3.703283689365367337e+01
3.784493637337057237e+01
3.957414706879797706e+01
5.025838404184228381e+01
4.679990272282869768e+01
4.302918467044020900e+01
4.244187310666552548e+01
4.210250093439799457e+01
3.806251102844915835e+01
3.740270602642119258e+01
3.243619298575438847e+01
3.106607755810301086e+01
3.414298447064609832e+01
3.443419279508718489e+01
3.589150594675531636e+01
3.864021519601620014e+01
4.642067826803994279e+01
5.608290421067089682e+01
5.882691883942505484e+01
6.151170505689487555e+01
5.235952666331548500e+01
5.499196310524986586e+01
5.504431896999793850e+01
5.621124361769726363e+01
6.309446742278131381e+01
6.516333867401995406e+01
6.711341832018479181e+01
6.253221640740490983e+01
5.584964085345643525e+01
5.592752080027863570e+01
4.994992619156917613e+01
4.339814220768207065e+01
4.271229963020269338e+01
4.467250936748385470e+01
4.292879716141811741e+01
4.785620629495173972e+01
5.397869174011760407e+01
4.426047085446445095e+01
4.744320305137358673e+01
3.887852714302598400e+01
2.949724242941995200e+01
2.845308505079220041e+01
2.570062790461284408e+01
2.444489558351087766e+01
2.500252091380229302e+01
3.096307254558364619e+01
3.639649606314986841e+01
4.008505724959671568e+01
3.515530903863302825e+01
3.282436892128237815e+01
1.689093748296348707e+01
1.842257751552922684e+01
1.635544937674729127e+01
7.485519051314005523e+00
6.765964792325869226e+00
7.539567618454876552e+00
1.173291926789564243e+01
1.837044024422674582e+01
1.639513753058371393e+01
2.873064062183477319e+00
2.896563996246650508e+00
5.541925032929616357e+00
4.069710744647083267e+00
1.975757427826599022e+00
-8.178530664364689340e-01
-3.101281915842361236e+00
-1.495606758980840212e+01
-1.770676890736485731e+01
-1.248550685563186669e+01
-1.306329953734656257e+01
-7.288695876840641574e+00
3.180109517403528208e-01
1.229766504863005760e+00
8.800762407246841335e+00
2.266259287337460648e+01
2.986995821236943982e+01
3.215239000175352402e+01
2.547323368255272058e+01
3.031507974158059326e+01
3.137258565608214056e+01
2.986722849373850508e+01
4.153293705834537519e+01
3.263838139673844552e+01
3.190672866443066980e+01
3.506988871933126717e+01
2.728209785870255288e+01
1.995668142518671928e+01
2.486349081721701637e+01
2.821038874847026179e+01
2.352448565536831282e+01
1.933686289917282153e+01
1.467838438509630450e+01
1.354307429128337148e+01
1.264913105102619362e+01
6.574261962003367543e+00
-4.756016458070342345e+00
-1.072588705464776915e+01
-1.215339806552413826e+01
-1.737358624885426650e+01
-1.042464338061037488e+01
-1.378618583035865797e+01
-1.560551311086901372e+01
-1.668403165265317867e+01
-1.337561001792073334e+01
-9.095559344588879824e+00
-6.947559270940998566e+00
6.889605228836927608e+00
1.255708401538062446e+01
1.124189979823739094e+01
1.365100294328012787e+01
1.292208679988436693e+01
2.406691711103557552e+01
2.559879976998186635e+01
2.419107235377138565e+01
2.289319223474632281e+01
1.268977188660699973e+01
6.331005332739503721e+00
4.096492632329270300e+00
1.689724221921413472e+00
-7.414967454224552945e+00
-5.139284069466065752e+00
-9.843285283133948127e+00
-5.688632007647258071e+00
6.237358790672965503e-01
2.262105730181244390e+00
-4.109475448501587636e+00
-3.977474985057540824e+00
1.849193399271040206e-01
-8.060990518396208060e+00
-1.469357600878220893e+01
-2.024000578019139240e+01
-9.897712228653098521e+00
-3.797351743089209641e+00
-5.852582913902778294e+00
-1.911059597843804081e+00
-2.623017962119227775e+00
2.214953178619232688e+00
3.273275310429920371e+00
1.256343637383477230e+01
1.334945582182329105e+01
1.585334047078819086e+00
8.205469932449222625e+00
9.441385295521468990e+00
1.972220759706720372e+01
2.333406237647276882e+01
2.411502584782653358e+01
2.376650388628058863e+01
3.353687500467795246e+01
3.633432742541040028e+01
2.890195390664913333e+01
3.310056593047172413e+01
4.151860558198376339e+01
3.287229109333322441e+01
2.355099302156657970e+01
2.413066502617778042e+01
3.423641588018607251e+01
3.137179944628206485e+01
3.839812482313191566e+01
3.516732184940503458e+01
3.434960977671583038e+01
3.559995846181448798e+01
2.481556055048800147e+01
2.968792769694041311e+01
2.653502715598206052e+01
3.521739214919438865e+01
3.934065597439569473e+01
3.653750781293103955e+01
3.983365779560438114e+01
3.926772876253237854e+01
2.957252567656741959e+01
3.329251076843585366e+01
3.751239437720279568e+01
3.684001618155271984e+01
4.177519807060679113e+01
3.821350799883752103e+01
2.964922635306635712e+01
3.212890868493177265e+01
1.518755127191384346e+01
4.906888526971761699e+00
1.056039625485755984e+01
6.247822365128341104e+00
5.148187257971344799e+00
8.103713199177230209e+00
1.045274137656543800e+01
6.259734131468989160e-01
-7.273257368238608578e+00
-8.177893979234120536e+00
2.678032883375351503e+00
5.117632360476592979e+00
4.020428480434986795e+00
8.168599941329366398e-01
7.281952766701934587e-01
4.863160040401043105e+00
4.641231044464102951e+00
-9.425168937200802954e-01
-6.756338410821161489e+00
-4.014223622697173255e+00
-7.006306519804233801e+00
-2.122097116569924680e+01
-2.866323153898717990e+01
-3.084299354531587767e+01
-2.803552679091510313e+01
-2.453834427097634574e+01
-2.071050097486468644e+01
-1.574261798476384477e+01
-1.433463021515051317e+01
-1.738398377383270343e+01
-6.980332890312718419e+00
-1.826362526317860713e+01
-2.667948012088029586e+01
-2.417547135886983511e+01
-2.458124273285783445e+01
-2.033417870348856127e+01
-1.983622099807772798e+01
-1.663604498719124791e+01
-1.254144708531505259e+01
-1.588231383585577028e+01
-1.141064765505100453e+01
-1.076534000729697738e+01
-1.699232330127202317e+01
-2.187490421132774188e+01
-2.819007499790697580e+01
-3.155560396300948511e+01
-2.969885659202144979e+01
-2.023861050490970470e+01
-1.407214293026145135e+01
-1.470696534489889373e+01
-1.562702059098188734e+01
-5.447309184976449004e+00
9.440067800336622572e-02
-7.683633799536984110e-01
-3.491268472086672681e+00
-2.990269637649291656e+00
-3.933479047516264870e+00
-5.623165327441236094e+00
-3.939547576958746689e+00
-7.235595281687031033e+00
-7.400532460615247388e+00
-6.790812842846737141e+00
-1.316450363516642419e+01
-9.495769902059894463e+00
-1.056997462413447764e+01
-6.935322736272111932e+00
1.450364961201468850e+00
8.610163678647836605e+00
8.751596977165043256e+00
1.173188265702074062e+01
1.261937334836113500e+01
1.068838486756310324e+01
1.140380076111207153e+01
2.134132340492157454e+01
3.035222789074117244e+01
3.035313807885266968e+01
3.296580840180975258e+01
3.188829102100494239e+01
3.209477091288405148e+01
2.493059287477463215e+01
1.443403717859515467e+01
1.933157107309736489e+01
1.755512071214075220e+01
2.244825840978178277e+01
2.311923976053012808e+01
1.828288603606499763e+01
1.636611591119436326e+01
1.989998424397940369e+01
1.478363302344805064e+01
1.725631154212666019e+01
1.947061877166898114e+01
2.402861667575718840e+01
3.733931066446780989e+01
3.968921974833915556e+01
4.647902976525359975e+01
4.717787894880243726e+01
4.113515681782642730e+01
4.093899245428386280e+01
4.113171407051891748e+01
4.476228855587350353e+01
3.937675511865770517e+01
3.380219670590078351e+01
3.616438027157745694e+01
4.239926121787404156e+01
4.824492722312815118e+01
4.462850694100992399e+01
3.698945941269919757e+01
3.550489278679535232e+01
4.151128111013168365e+01
4.541004459412570782e+01
3.845200823016962488e+01
4.140070354465777314e+01
4.285121049503091939e+01
3.536489697454047842e+01
4.302869628869169816e+01
3.639929482615670508e+01
3.922469395340016263e+01
4.072663123505547134e+01
3.415076780479377305e+01
2.648472322860030914e+01
2.801512155899252221e+01
2.836252030996111273e+01
2.775085505190798685e+01
3.276124100337730738e+01
3.300171193482987064e+01
1.983690001685489790e+01
1.735843770472541792e+01
1.302205925974296541e+01
9.611858500513914549e+00
7.830956599374495397e+00
1.027188236963871937e+01
4.587678825454135634e+00
-2.526395965488112516e+00
-7.776320159104151308e+00
-7.949046118425276752e+00
-9.919918311782041087e+00
-6.680976172581098993e+00
-3.643341728532967227e+00
-5.682835746580952474e+00
-1.502096267913237426e+01
-9.172884534382678368e+00
-7.462513251021936966e+00
-1.372498218222752975e+00
5.157950700243497444e+00
4.900081599863299608e+00
2.132350320453524972e+01
2.266150810045273900e+01
1.964976871677867010e+01
2.865034577261489446e+01
3.301053567300777303e+01
2.462861667760214957e+01
1.633534420521080577e+01
1.602354593380612968e+01
2.086034036333699149e+01
1.262722419472869184e+01
1.237616932408450587e+01
8.855895103297536153e+00
9.982777056372070135e+00
6.496686194064119846e+00
6.927185971659106656e+00
1.095177314577054872e+01
9.216334068686194314e+00
1.122794855754071452e+00
4.257273370037725435e+00
1.813956338283321035e+00
4.696186233525179166e-01
8.192203807369839552e+00
1.289140692134175836e+01
1.030384777732797685e+00
-8.308548244862958398e+00
-9.490605188153626415e+00
-9.348835454155883795e+00
-7.973752803843978221e+00
-7.735253128333874351e+00
-9.888863076089042803e-01
-5.154553797473396592e+00
-7.444451053210362268e+00
-4.943093590007595850e+00
-9.275081776496723052e+00
-7.475948368607682193e-01
-1.294692853710868841e+00
5.747816936066467264e+00
1.097549497441454136e+01
1.838191586614818362e+01
1.854248407889752670e+01
1.594596925878810545e+01
1.764774856721637519e+01
1.834841112123568507e+01
2.045056283064138114e+01
1.734856511934068735e+01
1.450772258070152532e+01
1.682860279102518675e+01
2.220686492051644478e+01
3.092651003902969009e+01
3.061296715638115629e+01
4.074335884847866396e+01
4.582562556051274782e+01
5.525050056428016632e+01
6.150744126361747988e+01
6.629549440345178368e+01
6.348654588014778710e+01
6.733522071598723358e+01
7.312768379089038717e+01
6.648666201838722145e+01
5.812881793877520664e+01
5.768269254741159102e+01
5.919367666543416817e+01
6.038436029628386592e+01
5.894261646423460377e+01
5.896599956926089448e+01
6.076318490515224369e+01
5.947207536893151314e+01
6.521233027355074796e+01
6.813870599268926753e+01
6.336655021715469616e+01
6.624623764642910828e+01
6.614268255993536627e+01
5.704487013898692993e+01
5.604353253363498055e+01
5.452724697457770020e+01
5.981567573910071900e+01
6.355504637807403867e+01
6.335012606969652182e+01
6.291262907687618622e+01
6.475344772190548781e+01
6.538632015600832403e+01
6.049606616024269812e+01
6.069220907988241009e+01
5.776214753933464152e+01
5.803702345543104713e+01
6.301988710687111706e+01
5.365179506458076020e+01
4.222860730758699077e+01
3.734031315669629691e+01
3.361370983380128052e+01
3.048498430530240100e+01
2.800598810095747027e+01
2.164131227087392517e+01
2.100842607090007874e+01
2.869648514922838700e+01
2.109366291614582423e+01
2.245557530580835248e+01
2.110589993867423431e+01
2.409752496397922528e+01
2.304639275634404427e+01
2.103054494465229496e+01
1.446193318792658644e+01
1.781481019073221717e+01
1.495326569153767871e+01
1.772734236854184431e+01
1.922294420015390060e+01
1.505173751857076603e+01
1.294166642858114713e+01
8.475864115545965305e+00
8.048053907857166678e+00
6.364574993741989317e+00
1.212502864784967826e+01
5.362481025429355341e+00
1.479634263890813450e+01
2.112284751795404603e+01
2.014372457250067683e+01
1.294605724827051318e+01
8.963168421599386093e+00
1.177314150798686399e+01
1.133849666726394823e+01
1.652355773316414300e+01
1.476863522698817732e+01
1.033985109260146196e+01
7.453547279065010578e+00
-7.132009870216257097e-01
-3.025205326569604392e+00
-2.639366035615192896e+00
4.648303149899110087e-01
-7.126733842315464695e-01
-1.168344966602588286e+01
-1.012768073606690322e+01
-1.227090305362141720e+01
-1.380205527920595543e+01
-1.186399845851665980e+01
-1.200236828050701554e+01
-1.049865390192649173e+01
-5.742649717363661033e+00
6.607806461730464598e+00
1.672295341240002386e+01
2.154815868957016889e+01
1.887867077297429930e+01
1.968731333796597482e+01
2.008630764878479980e+01
2.054963517514084259e+01
1.651564689882074077e+01
2.855020996693620816e+01
3.208203475956346296e+01
2.106824176917578839e+01
2.507186268985311983e+01
2.907602152247108407e+01
2.579844033843094664e+01
2.160591021715348603e+01
1.591535373355973881e+01
1.809974751225108847e+01
2.034769076457159542e+01
2.916940771678513045e+01
3.253157719251602487e+01
4.709873787485121710e+01
5.495777659052406250e+01
5.381195887480391349e+01
5.139502771276538340e+01
4.418741399414997062e+01
4.900483696814768564e+01
6.213443122057261547e+01
6.883406008987391544e+01
7.051857823927925040e+01
7.243679590493441367e+01
7.743084170268645039e+01
8.764810914594995950e+01
9.188101296567900533e+01
8.925171468635572580e+01
8.860651462893765995e+01
7.892518293172255994e+01
8.830455832181601750e+01
9.721165147589222499e+01
1.078610839398099444e+02
1.054638362554841819e+02
1.026309167378049381e+02
1.124740578982866168e+02
1.118981533605462459e+02
1.155987228695235984e+02
1.168897723548738554e+02
1.228500325964262743e+02
1.155138473234203502e+02
1.136169421643093500e+02
1.096649878037790558e+02
1.004117571688090749e+02
1.076714790802763559e+02
1.026827240428788173e+02
9.618703437127864220e+01
9.990467019438315788e+01
1.043275659858878868e+02
1.160887523640091104e+02
1.175693889634858778e+02
1.109593344797764871e+02
1.135662264635917040e+02
1.204798532415480992e+02
1.193375378072875179e+02
1.207680329903356693e+02
1.224663190231461556e+02
1.201398246685581626e+02
1.145809298547001021e+02
1.175724921150415554e+02
1.209251268600503408e+02
1.142300635799586388e+02
1.062448709603427801e+02
1.066146743259688918e+02
1.055146381155071538e+02
1.063123692362605368e+02
1.043816086331818269e+02
1.084120508123220930e+02
1.041026032973370121e+02
1.030748503558996418e+02
1.074845274982085499e+02
1.111408959703032480e+02
1.109377464736293035e+02
1.063764956883794497e+02
1.013067709222086563e+02
1.014455350596918777e+02
9.688811217174435342e+01
9.565433094650488499e+01
1.067880863608384914e+02
1.100446354984959783e+02
1.083621928064441136e+02
1.096688786296261924e+02
9.851446868491937892e+01
8.888494162477977056e+01
9.276879267849450628e+01
8.944979880387836602e+01
8.754624074002595080e+01
9.365456966969509267e+01
9.858167421238921690e+01
9.879610811182479324e+01
9.634291250039854049e+01
9.400829924215889832e+01
9.883261268925343757e+01
9.529685785960558064e+01
9.186909197241546110e+01
9.392141251280852998e+01
9.961370825899453507e+01
9.922449428283282202e+01
9.748135974336156551e+01
1.026062138798875338e+02
1.119975141665771616e+02
1.125352104755111498e+02
1.111627389026676838e+02
1.100806760361035828e+02
1.124755234789385128e+02
1.148414048765063313e+02
1.108231062977213242e+02
1.061191232917675791e+02
1.092188911666983984e+02
1.181638005554405311e+02
1.205997044508751230e+02
1.193577059977136656e+02
1.268110112414634330e+02
1.245978410845738296e+02
1.243288998567865633e+02
1.190807802646805271e+02
1.214977105737754783e+02
1.186046878422963857e+02
1.118391793727940353e+02
1.183405255690627911e+02
1.195312072901974858e+02
1.199059412261332227e+02
1.262688012450825426e+02
1.228271357427609018e+02
1.223253261545112736e+02
1.169203005799967485e+02
1.096881925903674784e+02
1.137915313017139454e+02
1.094368820111280911e+02
1.044219853172767642e+02
1.116055919075997309e+02
1.065491102105307419e+02
1.063278769749546910e+02
1.022653237100083743e+02
9.929368955448158829e+01
9.845775501792417117e+01
9.153056658951001623e+01
9.452988934582833735e+01
1.008591643238218012e+02
1.019662007083685040e+02
1.056655133653937781e+02
1.023552533870885242e+02
9.681225872202774951e+01
