5.579680667252030594e-03
-7.677150502350585382e-03
3.157558656040745145e-03
-8.886553874801389474e-03
-5.192207418161068171e-03
3.139081342256397865e-03
1.701548993414082195e-02
-9.512568747701063282e-04
8.647531857541357336e-03
-4.216286793390800077e-04
2.071215456806729457e-02
2.609498998148125377e-03
-4.150008712979045764e-03
6.151970670741496727e-03
1.651954776405031855e-02
-1.131152094066876189e-02
-1.547329018253814324e-02
-1.362141695538097823e-02
1.152713193407393054e-03
-5.154126620566554934e-03
-1.540941865875809953e-02
-3.114905892108624664e-03
-2.396374158830846465e-02
-1.727873310715383193e-02
5.433994859747271790e-03
-1.475871046293308290e-03
1.329477428846411423e-02
2.847418696347808059e-02
-2.533290761100751021e-02
3.912870446542158001e-03
-5.244044936416396470e-03
1.064046418811007838e-02
-1.169439903409710997e-02
-2.285933877791845262e-03
-1.560746101291356604e-04
9.403228160489563933e-03
1.567018889058358413e-02
-3.444643149815059067e-03
2.147952548998316273e-03
4.761626296878177129e-03
-3.153083752334999521e-03
-3.079505398769488353e-02
8.929368516979063752e-03
-5.159296909390227032e-03
-6.787909620484648861e-03
1.398054483613982765e-03
-9.123569372275659728e-03
1.967330525603491059e-02
2.613886451418060211e-02
-9.109727307976442714e-03
3.481333795673254364e-03
1.358816962095235788e-02
-5.243400465051024223e-03
-1.651746956769729532e-02
2.290758223716874223e-02
-1.174381796590439611e-03
5.407748208373275647e-03
-7.719937562342220165e-03
5.045772970647139505e-04
1.242777639661685370e-02
9.895147153827993716e-03
-1.906911594733080861e-02
4.494468039268498770e-03
4.964472855635584242e-03
-1.118049340188797050e-02
-2.231739506086258349e-03
-1.759380235985222307e-02
2.521677088780613710e-02
7.577569309730014351e-03
-2.179907156900443704e-02
-2.063419186128801971e-02
6.031674001575983157e-03
-8.535186230266486596e-03
-9.987738271976950855e-03
-3.974479180369961534e-03
1.940250459993609743e-03
5.871453857115352219e-03
8.669361227105836301e-03
-2.111348932563529221e-02
6.497050212839046608e-03
2.795676131027441044e-03
-5.017743280253261426e-03
-2.305197893429148520e-02
1.282391462214345357e-02
1.960129326499067404e-02
-6.872866516292305611e-04
-4.220777544837453141e-03
-9.832995966555825584e-03
6.184974065584486827e-03
-1.933750779553449622e-02
-3.106936475241773785e-02
-1.331374728348068458e-03
1.655989313071991320e-02
7.562231640313745590e-03
5.865180905836633353e-03
-1.333870700409396648e-02
2.704059340708278841e-03
4.933864246259830715e-03
-8.186222452208206588e-03
3.251886718549708722e-03
-1.250296768397711131e-02
2.353534762628818218e-05
2.379807571551590881e-02
8.170974772962252483e-03
-1.746169101132182683e-02
4.328225554876272314e-03
5.796740615079860187e-03
-3.477288792905425165e-03
-1.542620517750558978e-03
-8.097723235714072640e-03
-1.168045691205074621e-02
7.173422547766810688e-03
5.274005440164076857e-04
4.664342672681039484e-03
-6.942429880407633043e-03
-5.908117508668630710e-03
-1.015009424430281249e-02
1.353879195689517388e-02
1.630513623727086400e-02
1.982261785531985298e-03
-1.664518981123700586e-02
1.091173567610189722e-02
-2.543411489801023287e-03
-2.298917470689068165e-03
1.206577508298397987e-02
4.318812309970188404e-03
-1.513800016968152619e-02
-2.859338437401142546e-03
-9.315185978993258554e-04
1.593828196829403382e-02
-4.764693878719318196e-03
-5.925214764703210304e-03
-3.653408050287965808e-02
1.496145264482741204e-02
-4.870930505131159001e-03
3.939238503397919124e-03
1.051122079299603163e-02
-6.812472921896715189e-03
-1.315383563963054905e-02
2.780304132708831533e-02
-4.915121100580830717e-03
1.322617777997531739e-02
1.656647120879971638e-02
8.697663115798795475e-03
1.231027752985144885e-02
-1.178552443156584417e-02
2.585648205173335032e-02
2.639770412931609703e-02
-6.037287101841942553e-03
1.605709083265653009e-02
-8.381906539317819302e-03
-9.668053933957679660e-03
-1.363048715720825178e-02
-8.837464767303619684e-03
9.677226699127010334e-03
1.642346386617295900e-02
1.197301513469193127e-02
1.970094523543306289e-02
-1.532675153695260001e-02
-2.689614735711132187e-02
-2.798828826696494673e-02
-7.084526639244578122e-03
-5.208850987381983579e-03
-7.039776454187382342e-03
-1.048405322085922339e-02
9.699787296599160676e-04
5.674581537191134614e-04
-7.165814751999508188e-03
2.602172500436292267e-04
-2.839872000633131624e-02
-1.740898678704674331e-03
5.821900901895498033e-03
-2.714687571381607309e-03
-1.463657924309910534e-02
-1.068717435074624696e-02
-2.309296668752356882e-02
8.393690892418479918e-03
1.243054184140877580e-02
1.443170898240011754e-02
1.708103318690400120e-03
8.060359459463590018e-03
4.719754481227967681e-03
7.969540997736671711e-03
1.799560485870461621e-02
-5.014342525023505331e-03
-3.760012933107172335e-03
-2.213340501308220035e-02
2.803225355776928565e-02
-7.245581025842637128e-04
2.266166263304962222e-02
-7.829755332921430749e-03
9.667808520788257745e-04
1.555847481788785215e-02
-2.046798271193376109e-02
2.284050920348959079e-03
-2.503504221502571205e-03
-2.249193750490720289e-02
2.241223396479095561e-02
1.132149115713061704e-02
-1.414156197721106161e-03
9.735620640312697346e-03
-1.575758640531638513e-02
-1.578684646459614649e-02
8.923297234085308602e-03
3.378305242562639962e-03
-2.661698507231100366e-02
4.897169894031666668e-04
-2.671199708007310214e-02
-1.415790002700148369e-02
1.259135872679857833e-02
7.809208747562621823e-03
1.928148502937821265e-02
-5.276932193170051806e-03
-1.019619047425674233e-02
3.991001060962332366e-05
2.250808232477340132e-02
5.854480001275989311e-03
1.523731011047790330e-02
5.864009200751761457e-03
1.040962746013646481e-02
-2.104886565529738573e-02
3.462006848704157064e-02
2.317489305552572487e-02
-4.007614730687608130e-03
1.047277439895971489e-02
-7.686304692626715236e-03
-1.053519221325998137e-02
-2.852056540724306425e-03
7.731474020537895502e-03
-5.805558215818823475e-03
1.725865962427865913e-02
-1.897175450890613638e-02
7.924618030932428087e-03
-3.282474856621266177e-03
8.253833339399037003e-03
-2.838187484308093284e-02
-1.196300421298315299e-02
9.250806639185801816e-03
5.502981941593418358e-03
6.927458726701109931e-03
2.619672344745205880e-03
-7.460668089538348251e-03
8.334400129664772464e-04
-1.036009864820652306e-02
-1.262037263958246808e-02
2.333205525169220265e-02
-6.194148697815478159e-03
2.460231532605966151e-02
-8.451052030853879043e-03
-2.261067771799052037e-03
7.366811755628780919e-03
2.772883814311987230e-02
8.631051562861046661e-03
-5.084025257916162215e-03
1.636686271235484420e-03
1.774163905539069205e-02
8.486305952726912530e-03
8.636111781042702870e-03
-7.687283968748789787e-04
2.456624469456356735e-02
-1.553338442502009455e-02
2.832550412645441079e-02
2.565522094901891842e-02
1.324464189662462842e-02
-8.798997571106415005e-04
-8.621123782282231031e-04
1.138899538597557340e-02
-2.032853748362894661e-02
1.760095899439004588e-02
-3.387653368323893105e-03
-6.983425424880969519e-03
1.123877610517749932e-02
-1.541469496109256279e-02
1.608868606603265639e-02
-5.843173146519693197e-03
1.371022813623225776e-02
2.565745158733072177e-03
-6.982643419743259430e-03
1.265220790725401015e-02
1.969770619266092860e-03
-1.999769050129529633e-03
-7.565995322922442964e-03
-1.042112380173594068e-02
1.509934102260108817e-02
1.051395367750220140e-03
8.129790318890238454e-03
-2.474236969636949067e-04
-2.275700227626052327e-02
-1.980554736804363003e-02
-4.491472846643564977e-03
-2.855696414983292103e-03
1.322025541477701155e-02
-1.804472285250533631e-02
-1.457784267540206298e-04
2.806064038001358178e-03
7.012841717904607849e-03
1.194523265713083246e-02
-2.603464600969038548e-02
-9.298749035689264295e-03
1.146102567032019313e-02
-5.286799417230030702e-04
-3.441913484048140549e-03
-1.122409612847502514e-02
6.405903173748270663e-04
-5.076355355611836262e-03
1.340022670615400452e-02
5.645734848376758944e-03
2.227626999515860962e-02
1.624360509376781073e-02
-9.663089626282865552e-03
2.700999218773507751e-02
-7.587454337832113399e-03
-7.758332875426764662e-03
-3.703023283284016635e-04
2.053983432279360075e-02
2.171592389806277501e-02
2.789017544577742508e-02
-3.260445034923581658e-03
-1.606194410744418363e-02
-4.757735677971262379e-03
3.397847646136738925e-02
8.825956701465815374e-03
4.034804076897968717e-02
7.967674162548454841e-03
-1.733760579305606772e-02
-1.828794186416380068e-03
-2.235884534701906845e-02
-3.800629752836062834e-03
-1.746709976629876948e-03
-1.525211483028900833e-02
7.943657719535437978e-03
-1.624199903535362977e-02
-1.311264411914718486e-02
6.097664032048039605e-03
4.650751270259249719e-03
-1.503938543286082764e-02
1.974080295613065208e-02
-2.020433829868262254e-02
-9.213254781428467655e-03
-1.108359024215620388e-02
1.006587475795567635e-03
-2.302081328207246716e-02
3.272133244195171448e-03
3.433960287933988074e-03
1.602295547829171024e-02
-9.240734081412899439e-03
-3.080014265762376011e-02
5.993282654137549632e-03
-1.690056424730424986e-02
-8.521367470188284318e-03
2.004387680156817508e-02
-5.915109049553007523e-03
-3.228657421215780799e-03
5.790034578102442979e-03
-1.296532829059467498e-02
-2.138426413626189765e-02
2.384824349515673320e-02
-3.017703944757909110e-03
-2.089606587893047540e-03
8.412102787880378421e-03
-4.155277299431309884e-02
2.403100583719451708e-03
-1.175347744816006594e-03
-2.173364653080255785e-03
-3.111442004125460070e-02
-3.489294316377303685e-03
1.357100765614047827e-02
-1.413413180779487599e-03
2.631901250578061197e-03
1.668249430238928979e-02
1.635089795005385468e-02
1.074055845688381972e-02
-5.958598884886848537e-03
2.557145591072113727e-02
-2.265798225318303022e-02
1.868226469095994862e-03
-2.267920290258693908e-03
-2.218800690245157151e-02
7.193755764124641627e-03
-1.435932583202610517e-02
1.061095118337759477e-02
1.023356273978205146e-03
-7.688779618168329645e-03
1.126855893586268522e-03
1.641326661663128350e-02
9.248655202543705489e-03
1.367516546030059059e-02
4.522640198131780594e-03
1.572782971829865192e-02
4.544127006654205200e-03
6.228178127595330148e-03
1.410905512577572025e-02
-2.106487785645738686e-02
-2.447166922085040018e-03
-7.173293295046927719e-03
-7.615682441629276038e-03
9.333837137526656072e-03
-5.556764722859490642e-03
8.693575861397130969e-03
-9.573714366686338073e-03
2.671119999912430903e-02
-1.078616566853756332e-03
1.980928627836904890e-02
1.374490070206538066e-02
7.319211702311482354e-03
-1.031843459535400137e-03
-1.391783858832471889e-02
1.960907669975260614e-02
8.258249289941736477e-04
-1.850080490051388138e-02
2.280168679040699836e-02
-1.211503023907881983e-02
8.993544528624872192e-03
-1.829615558999150501e-02
1.419492818403229016e-02
1.986229707004142156e-02
1.777947122661629673e-02
1.056001429321811597e-02
1.357163274747658598e-02
-5.436134171830238858e-03
1.361530815622424145e-02
1.714279784087797617e-02
-1.303176762163466701e-02
1.697724470995256793e-02
5.600084829309518591e-03
-9.812803337715916147e-03
-8.223849910684649309e-03
2.955951492451023167e-03
-7.531189908886160543e-03
-2.259663210555430332e-02
9.090332959945681551e-03
5.403146213240585943e-03
-6.709384869288240877e-03
6.317687135115111589e-03
1.393161534076669400e-02
-1.574799332765801710e-02
-9.448902550703096315e-03
-8.538928836438097053e-03
-1.593919349407819583e-02
-1.770594954733950913e-02
-2.213207830639667747e-03
1.025651066118150358e-02
1.440774443253966435e-03
-1.576772913823354730e-02
-1.561901409783361498e-02
-1.850239329296065466e-02
-1.961247558344348524e-02
-1.885785976737939379e-02
-9.664127965240713533e-03
-8.394955083319733877e-03
-1.186251872569710729e-02
-5.252856554062605016e-03
-8.688507285174840167e-03
-1.780436548187267626e-02
-4.979705018292851677e-03
-2.145383191657380343e-03
2.194559889443905079e-02
6.938969236334690226e-03
6.955147987586262834e-03
1.661438531815386671e-02
1.021011342506969628e-02
1.167970229196444928e-02
-3.182584387688918749e-03
1.126502483925724378e-02
2.568353317691589657e-02
-1.545454022136320479e-02
-7.709401879947406014e-03
1.094705343877501284e-02
-2.009612795256595415e-03
-1.694091967337367759e-03
1.305442332223880064e-02
5.729591195411273125e-03
1.439013352349609613e-03
-1.528811186647830583e-02
2.027396063960963668e-02
5.457221288089712623e-03
3.053448435338169866e-03
2.209262410441813554e-02
-4.827536676485209323e-03
-2.373587694403666778e-02
2.064226230848507145e-03
-1.246231223130353505e-02
-1.634567104604135387e-02
-1.306767911069522774e-02
3.241395576226569712e-03
1.394657871026505104e-02
5.359558896163927298e-03
1.604150473722054659e-02
1.302390550510139876e-02
-1.213010985235780763e-02
5.975234224205435742e-03
1.141999043009524033e-02
-1.078086998305209480e-02
-3.070431393853172153e-02
2.583840697825161379e-03
1.917094639166655110e-02
1.899408789672374018e-02
2.693875958718909211e-02
-9.657755821413272976e-03
2.523032832855663654e-02
1.547742027582858608e-02
-1.265212663114268984e-02
-1.498028099040861483e-02
-6.038546625229000188e-03
-4.988466515028641690e-03
4.609654671389924914e-03
-1.040929440402765284e-02
2.335287049023825057e-03
-4.613783584646743118e-03
2.627164834601056209e-02
1.816718590370581046e-02
-5.921105720646600845e-03
1.531766263608931719e-03
1.808223639945424205e-02
-9.636270981807632321e-03
-1.210072070548227604e-03
-5.216111403813633411e-03
3.125573476467555234e-02
4.534524694817276477e-03
-1.339981751867736631e-02
2.004416975652111368e-02
2.590283833244074406e-04
-6.986734670581031328e-03
-1.361851837957005554e-02
8.967622425954720894e-03
-1.570635510928247540e-03
-1.164223636136017467e-02
-1.889849839580119359e-02
-2.929245313746487583e-02
-4.508716133417883798e-03
-1.694835292738599425e-02
2.194318900735957312e-02
-6.002971000011834458e-03
-1.221620897703736865e-02
1.252817993366164319e-03
2.487756984732243052e-03
-4.639458826750382514e-03
-9.181778102105660547e-03
1.107614081100314436e-03
-1.254565638058094054e-02
5.013708334486838801e-03
-1.398413100656144270e-02
1.490043113347526947e-02
2.017479834501668956e-02
4.366702413589365096e-03
1.742594126814097852e-02
1.177162807666883027e-02
1.893056699433850413e-03
-7.083784573013750252e-03
5.005134977727985005e-03
1.394349863698202650e-02
-2.496945115656007755e-02
4.895081495649935936e-03
-1.553433618298685802e-03
-1.634330057538227118e-02
-1.326687415245129086e-02
-1.132537867790166936e-02
-1.956090709877193745e-02
-9.456518620606303022e-03
-1.011146651198764623e-02
1.813181267471674143e-02
7.143248814661616423e-03
-5.176315159837113940e-03
-1.335591963088921669e-02
8.511423530188586342e-03
-2.742780925199299552e-04
-1.871966515518973728e-03
-1.537313244264238614e-03
-3.345887535363370902e-03
1.880474006025450312e-02
-2.748082559968656122e-02
1.424741060051185754e-02
1.888433472645715053e-02
-3.141808740368948714e-03
-2.020274129850377354e-02
-6.764477783391099029e-04
-3.189193372049936755e-03
8.759573377572505912e-03
1.212046843423627597e-02
-1.172490881406970317e-02
2.207701336239357298e-02
-5.876495447369050901e-04
-3.064755744735454812e-02
1.845217296509559868e-03
1.633118670438645599e-03
-6.405658942044455302e-03
-6.249831610161720591e-03
4.260505299873870028e-03
4.484579164843276004e-03
5.099234716134700383e-03
2.601114279420107395e-02
1.459040358643046023e-03
1.411144224595286406e-02
-2.979299954810287268e-02
2.230695912845456763e-02
-2.342362313847697400e-02
-1.096633395798327949e-02
2.101218762153013800e-02
-1.545192066545020629e-02
-1.264295744111681302e-02
2.230775621938483472e-02
-2.124411568671571299e-02
2.500875854874588800e-02
6.826097832773853936e-03
-4.305688594809277403e-02
-1.682653721470042316e-02
-7.110494195850997068e-03
1.827064067025918961e-02
-1.304313259999550362e-02
6.881211287391776968e-03
-2.881094450424622356e-03
-1.515428309164490971e-02
1.451547387905330853e-02
8.655380432510575810e-04
1.512741788722350190e-03
1.975454199913626377e-02
-9.722983045487935613e-03
-3.088188514572669154e-03
-2.736822242975157915e-02
8.945893084073947357e-03
9.085000620079346570e-03
9.085473442545134379e-03
2.675815254839951710e-02
-7.873786808082572017e-03
-9.975004351201697053e-03
-9.848761551039086903e-03
1.455065761946489934e-02
-1.464584152634564604e-03
-4.833254024754134875e-03
3.545010603223245141e-03
-2.407660685881291007e-02
9.121517470322941176e-03
2.433282170126177676e-04
1.784491113729752207e-02
-8.156887130942707884e-03
-3.420712792819236708e-03
4.277986669141874837e-03
4.272578673673459865e-03
2.980039669142889834e-03
1.039947922322895756e-02
-2.217472461700216446e-02
-1.989241482944226549e-02
-6.448524068187765676e-05
-1.396284672313653080e-02
5.808553049887026087e-03
-4.632467013601248088e-03
9.008810339950788781e-03
2.052015495318672972e-02
-8.728416456965598300e-03
3.767727061802151733e-03
7.240408475202408933e-03
-5.501161043976609752e-03
-1.595493986523183194e-02
-1.565875509211197419e-02
8.717922108303339732e-03
1.706872977205563247e-02
7.227366656712556556e-03
-4.911426084071667149e-03
-2.190993381207268290e-02
1.747405911350722804e-02
-1.338518937809258028e-02
1.430458323967443400e-02
-8.321427104545265838e-03
-2.196938048267929600e-02
-9.877941057045466766e-03
-5.692867903130915432e-03
-9.021859356925350515e-03
-2.219964150459229763e-03
-1.361329436623543235e-02
-2.723175874932843177e-03
9.719306917330297266e-03
9.053622723169804307e-03
5.137690426955505985e-03
-1.612920951338893405e-03
-1.091640746323422131e-02
2.425858220195173214e-03
-3.720147509703955468e-02
-3.194632138073718892e-03
-4.918673088780485710e-04
-4.264127468311361413e-03
-5.406935043865075501e-03
-2.444919808908490796e-03
-7.033693420069938619e-03
2.214334927228869127e-02
1.936057928189966609e-02
-8.449153330962867834e-04
-1.481397381443504482e-02
4.447238728662882695e-03
-1.975908758726266368e-02
2.172866789521495350e-03
3.116523160454690716e-03
-1.800321232854504641e-02
-8.020839637534629349e-03
-4.506177452022661067e-02
4.573726196386543492e-03
1.779689130565301203e-02
1.432815790797614154e-02
-1.812312971067397277e-02
-4.877898041270257480e-03
-1.157006175301502487e-02
5.449071842038737123e-03
-1.064130853982611299e-02
4.508798064475535647e-03
1.098528030496649134e-02
-7.750396593943760168e-03
1.796957760813244070e-02
1.979267530726629490e-02
-3.095948570831887244e-03
-1.532727887699157458e-02
1.355565961852090752e-02
-1.574270292551547754e-02
-5.360060386353014510e-03
-6.380599000325191950e-03
6.852784562314913168e-03
7.951691689931740525e-03
1.659838006484135042e-02
1.689390232293701624e-02
2.149296308757705706e-02
-2.881303073542643318e-03
-2.078812283963836841e-02
1.490736332921149994e-02
1.050600709510946494e-02
-5.806925367744185905e-03
2.205717581169609233e-03
-6.278924900451581317e-03
1.890109304391851888e-02
-5.098595599606816492e-03
2.819525551778574897e-03
-8.391220332826337253e-03
-5.203191978033696805e-03
4.954743894140006127e-03
-4.146108143939746318e-03
3.007543800476166797e-03
1.262663537965662969e-02
5.992118188857623387e-03
-1.578012375931211325e-02
2.731086309971769363e-02
5.233298991059397685e-04
-9.507193310677916273e-03
-4.446380961679817154e-03
-2.094776847590904337e-02
9.638743815641429361e-03
9.237646141956490364e-03
-1.473759896353039368e-02
-7.759803340803773236e-03
5.269366821706701100e-03
8.348372567978731493e-03
7.371072646236088077e-04
8.460255903891692256e-03
-4.494051115017470149e-03
2.012214715770420728e-02
-5.916353295139242970e-03
-2.123432418068125875e-03
-1.250445722777350673e-02
-1.498439255209799495e-02
1.568692090783725332e-02
1.538642220773728080e-02
-7.144936662454031036e-03
1.371271468109325903e-02
3.485246622911043063e-02
2.493798720750396367e-02
-7.210753772879666817e-03
-6.214379060145434550e-03
-3.579192294114128155e-03
1.612702882386978301e-02
6.902527775188893426e-03
-1.400667562815403845e-03
-3.026600181518746165e-03
-8.853618251515220708e-03
3.609505128874004290e-04
-3.729967514284683681e-03
1.874184582390488532e-02
2.010994718139742440e-02
-1.708292016136497664e-03
1.408423917491886251e-02
-1.845122333032481405e-03
-1.797839920130257438e-02
-1.114891246041014791e-02
6.767044248642321846e-03
-9.581763862738004386e-03
8.860764761344485860e-03
1.953200512686199038e-03
5.894875992949214979e-03
-4.225942486197474535e-03
1.332607021516444418e-02
5.104370648672422635e-03
2.392488050544887279e-02
-1.079564358560878949e-02
1.045705379476391354e-04
-3.470955255810967421e-03
-1.925355523560234568e-03
-1.165073352151655556e-02
-8.412551254742221124e-03
-6.377420474658630940e-03
1.625320694693700328e-03
-1.529390878828944082e-02
2.725814775452326064e-03
1.462553689320769332e-02
-1.644456467393726543e-02
-4.481452206734941150e-03
2.029174616118728861e-03
1.151805678271081157e-02
4.501859234392491076e-03
2.048348491166292196e-02
1.446954841675872003e-02
-2.072264667599967025e-02
2.564258185496267467e-04
-6.475472802531573660e-03
-6.757030721551188397e-03
-1.998252266580686706e-02
-1.760032066267398082e-02
-6.149461112618082557e-04
5.533637128366480744e-03
-1.814430324473891715e-02
-1.758477536592552293e-02
-6.098559728746733022e-03
-1.105865593251809803e-03
7.317663803231508508e-03
7.524340481637237926e-03
1.025618243665635254e-02
-3.203081616070519236e-03
-3.347575266230311871e-03
-1.859885795974096021e-02
1.312943389119354369e-02
-8.343213813059354583e-03
2.865146651991705255e-03
1.465248416103838262e-02
7.414744409145849167e-03
-2.810659823756052594e-03
-1.022362746681738585e-02
-2.504789399320777113e-02
8.466430604372129215e-03
-1.338601907462158742e-02
-1.703685507714847863e-02
1.103106494233026952e-02
4.396258572698624745e-03
2.854768269640678424e-03
-9.102045050558039974e-03
9.918165018960860280e-03
-1.027211801333610328e-02
-1.241053195824218941e-02
-2.412427108631162633e-03
-2.052295560546472247e-02
1.235901645296884344e-02
-3.896871749166140684e-03
-1.567299692564163086e-02
6.761951201257415884e-04
1.707877946357655788e-02
2.040694704164899495e-02
-1.043939801651121331e-02
5.553167614267251126e-03
1.019007594711864376e-02
-1.454761387852455175e-03
-8.607535266205348489e-04
-3.831420889228010981e-03
6.262035982800744430e-03
1.430845642098299217e-02
4.335147979178193521e-03
-2.050583934535094716e-02
-1.240809924678208144e-02
-6.179207455763708820e-03
-4.940813437668932842e-03
4.050036265159148892e-03
-1.811722655404736978e-03
2.147537406851527525e-02
7.683922845110323883e-03
1.656668084742959554e-02
8.597347120728822747e-03
2.644591612447560504e-03
8.331116313812250013e-03
-2.244583794575965088e-02
9.331665376525924427e-03
5.690192952613155192e-03
1.584177757805230874e-02
-8.603088527657011889e-03
1.980071029685950834e-02
-7.154312996946333124e-03
4.012947276739121417e-03
-5.875231116116312602e-03
-1.175724879491747178e-02
5.349895141514952011e-03
1.882775432772635163e-02
-1.171009975402663265e-02
1.799976721660111537e-02
1.847816558941603807e-02
-6.789335188543173770e-03
-1.954785380351375945e-02
-7.597171452953256285e-03
2.117755245789841936e-02
1.723722331936950250e-02
8.484175872730544132e-03
2.798103749101196573e-03
-9.814616387511026704e-03
4.233197322454769658e-03
-1.474090763756845564e-02
-1.218106159107862178e-02
-4.892999646103325662e-03
-1.536595477161208090e-02
-9.524183569988381448e-03
2.808674022791186886e-02
7.317503713092539386e-03
-6.285212130172845250e-04
-1.827393784138465344e-02
2.832563463658493985e-02
2.145101403919676131e-02
-2.550603435953750081e-02
3.564525975243736165e-04
-7.999807567937902708e-03
-1.373891300355894324e-02
4.674271029929062508e-03
-2.030230649877533267e-02
1.171533181487892025e-02
-2.036679147566327654e-03
6.313553886783418792e-03
-1.041321649240772688e-02
2.198410254292216398e-02
2.941770249913732739e-03
1.557131149589205572e-02
2.354967001579465202e-02
-1.100232847703959361e-03
-1.064131569752244100e-02
-2.033386397036670429e-02
-5.987300156781590835e-04
-7.275642080843515609e-03
-1.232591834892479005e-02
-5.898175642957515646e-03
1.367082664860964740e-02
1.916801462661544067e-02
-2.075660133530063400e-02
-3.522556196837742931e-02
2.655753347528904545e-02
-2.773521586214655610e-02
1.287326577123127855e-02
-4.470421896362796084e-03
-1.534464667199726511e-02
-7.362214333563783970e-03
-1.165281864010222698e-02
5.003914052466617787e-03
-1.640326719227897315e-02
-1.046001467734593987e-02
1.338949952217027839e-02
2.220558436897929894e-02
-1.257021254186909895e-02
-1.371238938837605545e-02
2.262268963307132938e-02
-1.165331340792003650e-02
-4.709841589135291967e-03
-1.942025321552704603e-02
1.501595645621889600e-04
-3.731224176994819841e-03
2.062342048016836162e-03
-2.260969916235082422e-03
-1.720779943219816546e-02
-6.672565099055037703e-03
1.215657216341697530e-02
-1.025131887225179568e-02
1.123719545568792853e-02
1.763847798545840307e-05
2.092080062487769454e-02
-2.025773148059758708e-03
-2.715061699043853569e-02
1.396163852161671701e-02
-8.900237214860917331e-03
3.357136752654797662e-02
-1.618029608492146942e-02
3.186803458020366631e-02
-2.064737297078803394e-02
-8.770639965360264162e-03
-1.858774781992343639e-02
2.477946095274104112e-03
6.002601346724420646e-03
-1.403536092220554650e-02
-1.241037880822530234e-02
1.193331341849101189e-02
1.504944671692374017e-02
2.345765458697272095e-03
-6.468138321383398205e-03
2.399199592045862719e-03
7.366057663686466535e-03
1.379588074234342453e-02
-4.925212835547454135e-03
2.305936889022486627e-02
-3.077657588155436469e-02
5.414996402085267904e-03
1.602391829777396332e-02
7.382669581074595248e-03
4.982927572505027602e-04
-5.440228237298170774e-03
2.981471172006636486e-02
-5.861509945670959065e-03
7.252818057413277543e-03
-1.064188963285588041e-02
3.586235440898306870e-02
2.271696307450483260e-02
-1.314372982772451029e-02
1.746670529779618258e-02
6.073094433875356017e-03
-1.501602747852876949e-03
-1.419985079067911590e-02
5.360862067677211800e-04
3.226541278343027924e-02
6.498717273537063001e-03
-5.219895001454788117e-03
6.132669493921611391e-03
1.324680475222654412e-02
1.150409196528463102e-02
9.484686872108107070e-03
1.298421962163681317e-02
2.827499787565192560e-03
2.892540749452105625e-02
-5.609761932249434334e-03
-1.246771555221549282e-02
-7.401089474684601974e-03
-7.484961541062351217e-04
-1.232023647706228554e-02
-1.514297605134623699e-02
2.100558232295186498e-02
-5.825355838710361521e-03
-8.000210541326839477e-04
-1.513311268845741932e-03
1.466582230264541244e-02
7.093700185931958724e-03
-1.136376542332508469e-03
8.715559795472218804e-03
-3.224161186789948111e-04
-5.077713230545343424e-03
-1.025559191636929261e-02
-8.064913670977938084e-03
6.427312731774619328e-03
3.393082200778044233e-02
-1.869661476094302763e-02
1.898315603423395698e-02
1.574707040834848887e-02
-2.219148686446453453e-02
-1.257280065689606562e-02
-1.751587140252846425e-02
1.408769649928232406e-02
1.928985607042959030e-02
1.199519973694149026e-02
-3.598255215667142855e-03
-3.269654218354697134e-02
-7.190046325610799025e-03
2.350755391961637311e-02
-1.236053135507137607e-02
7.927119681541533111e-03
-1.261464275599184434e-02
5.414959393784377940e-03
-8.406917288334156760e-03
-3.055116245802997395e-03
5.484254278250695960e-03
-1.467197659447554148e-02
-3.831770523163484723e-03
-7.306116373394276088e-03
-6.576461421446456318e-03
2.064731533952365167e-02
3.667698409008563615e-03
1.694852600810624723e-03
-1.417048604026316123e-03
3.837701650993917846e-03
8.513962901479215847e-03
3.243621059263481193e-03
9.674639113638397805e-03
-8.733411175538082286e-03
2.315551743246650317e-03
1.376778767287779696e-02
1.333229155948810994e-02
-1.438193861929193407e-02
-2.308616153802625637e-02
7.730987947821379470e-03
1.492836319340861383e-02
-4.079147659378629803e-03
6.383705744190175564e-03
-1.711448338230429911e-02
3.098983664779630248e-03
-1.809374110727247562e-02
1.122077799489104664e-03
-2.122757421543466222e-02
7.553994937102365831e-03
1.195803873856861928e-03
3.213748376972637780e-03
-1.322254329156325944e-02
2.814377761359316762e-02
-1.725434988140825410e-02
-1.573351430008903054e-02
1.597027817671859903e-02
-7.390281477864188604e-03
7.103844721827685949e-03
3.141988807768750832e-03
3.788810563221273534e-03
-2.340864093676047614e-02
4.570558141784854429e-03
1.755173314771000040e-02
-4.230435844199137950e-03
-2.281042599302519902e-02
1.157560175761271392e-03
-3.984038888925622857e-03
3.222063667406432040e-03
-2.291952176787002624e-02
-1.415640958626221586e-02
9.569049705858732185e-03
3.777838838034910073e-03
-7.539167641275323906e-03
2.974994015779702794e-02
-2.962007297565714264e-02
1.838817972099303366e-02
-5.735253878732619708e-03
-2.154078484522402998e-02
-7.478678427876157137e-03
8.189208090864623021e-03
1.633459264117870582e-02
1.194374141188975225e-02
-2.126643705111552415e-02
-3.981904828311465944e-03
-2.115582549452634659e-02
-2.122002609528779796e-02
2.172312902869611914e-02
-2.681254551517336026e-04
-2.895261173658696032e-03
-3.602224074206534805e-03
1.042342550783456265e-02
1.777366332844105765e-02
7.362133133946459698e-03
-4.693211339648207213e-03
5.708897189318489808e-03
3.788652580568815237e-03
-1.615428609975216520e-02
5.576296869169399331e-03
1.228856867197248952e-02
-5.331369070863174568e-03
-9.559432329092612188e-03
-3.499828681555073456e-02
4.065375766155573424e-03
5.428712001186363975e-04
-1.041372925099154443e-03
2.010325423081734883e-02
1.141951154490244806e-02
-9.598023028310040741e-03
3.421742060470350701e-03
-1.513841186186360398e-02
1.261720226313331299e-02
1.761337321559597715e-03
-2.208934402215826862e-02
-4.742182461250833703e-03
8.615670710552669406e-03
-3.597318202170577978e-03
2.109706173275291419e-02
1.183125178530505285e-02
6.212519275976601495e-03
2.770078899762932340e-02
6.254074560605994010e-03
8.689359494472017817e-03
1.778466819478338734e-02
5.926349405630212605e-03
-3.669576636801624714e-02
1.875832115808808223e-02
4.142211020217676301e-03
1.325028813266668389e-02
-9.658814831020934299e-03
-7.625435330074297607e-03
3.252783010919491763e-02
-7.557319586840379085e-03
3.111082586552097948e-02
-2.248519361770536656e-02
1.416164625262970661e-03
1.167227085136965034e-03
-6.760049560787148235e-03
-5.526459273633173470e-03
-1.899366087226226447e-03
-6.616630122535156582e-03
2.323071245187900355e-02
-3.498191334530180788e-03
-2.026710780523967304e-02
-1.014344086587369749e-02
-2.015783072869507114e-02
1.219219929679147933e-02
3.607269805487614729e-03
5.210634752726196490e-04
-2.577068576217079760e-03
1.943407841496583646e-02
-2.087622383353614610e-05
3.121887620974601874e-03
7.679992416922165263e-03
-1.183464779613320993e-02
8.199264736679347243e-03
-2.219319385543689488e-02
1.444578807327095982e-02
-1.059563384774957900e-02
9.031785947776734338e-03
1.149005829851131033e-02
1.027383352008452710e-02
1.535563043439772124e-02
2.456368911982589540e-02
1.492892717717659266e-02
-1.763769344329577798e-02
-6.159126556274007770e-03
-1.429573493871009841e-02
-1.042686029413675275e-02
-1.559404257777954016e-02
-5.886560880461050305e-03
1.061834687724213903e-02
-4.840258240751215552e-02
-1.027234194665373797e-03
-7.872907918531896329e-04
-1.744250909524103568e-02
4.824935808606881787e-05
-5.634862383943552329e-03
-1.961594518201179027e-02
-3.623179427165207356e-02
-1.275219621905369048e-02
-1.853657063226631097e-02
-1.032676518628663359e-02
-2.036596413025532418e-02
-7.873656733208557815e-03
4.943347806651844992e-03
-1.088086659509107830e-02
-3.706793071788412608e-02
-7.490284770556054558e-03
-3.192423261671184075e-03
-1.003429127594945695e-04
2.436405605903177105e-02
1.030977868898744730e-02
-8.222504436596595953e-03
7.797880790687825199e-03
-2.373545373497020286e-02
-9.621058898511064203e-04
-2.043883685914145085e-02
3.146194599384677035e-03
1.267088796434715295e-02
-1.134106619574021257e-02
-3.574209694328490602e-03
-1.291521412186419707e-02
1.324143415880593179e-02
-1.864888193301075976e-03
1.970869693879169146e-02
7.853013958662986502e-03
1.065307333380169363e-02
1.540431231679575790e-03
-7.321343821328898244e-03
-3.329437831843658213e-02
-1.377677949476920592e-02
-2.498138057606391627e-02
9.932157571009597730e-03
-1.819523776231839890e-02
3.382658376296151376e-02
-5.920165690544634297e-03
-1.770214153342972163e-02
5.108458742078462664e-03
-6.582497959214040316e-03
-2.460769392692521099e-03
1.172358566631746639e-02
2.636565313742552166e-02
2.010544317016656202e-02
2.138721933858503226e-03
1.218912885143134776e-02
2.191086714379233361e-03
1.123651677934908548e-02
-2.285138680016123199e-03
3.301252146563621315e-02
-6.500015874071732357e-04
-7.770199389481069127e-03
7.505332809409286966e-03
-3.014156930109367430e-02
5.165852272609571926e-04
-2.228418676793372105e-02
-1.660523207193164916e-02
-2.996831501479816501e-02
1.224342937042148527e-02
1.199552722912506329e-02
3.822872792506451251e-03
1.180554175788759916e-02
-1.001844609516606630e-02
1.068618589764232761e-02
-1.734681077726019094e-02
-5.123937310224009958e-03
-1.030798504577197863e-02
-6.883298636976438976e-04
-3.577119641274839352e-03
2.677125014229645231e-02
-3.632172535133622229e-03
-1.348428286016899354e-02
-7.797769433627197919e-04
-2.456934499434706640e-02
1.449561725128450419e-02
4.820542686429845833e-03
-1.347423638222628492e-04
-1.244064327756433386e-02
3.087585904401067907e-02
1.447788793585139469e-02
8.830709149962463408e-03
4.986326797773977214e-03
1.593085580694467152e-02
-8.027833720963906475e-03
-3.727574827103404421e-03
1.264033523504511135e-03
2.041936683748930143e-02
3.053353581023744712e-02
-1.201673647965133609e-02
1.297685423142272247e-02
-9.079616637984724500e-03
-2.085962522194710622e-02
-7.493155305054339035e-03
3.438629876756891818e-03
3.116668066044193941e-03
-3.803308906626515652e-03
9.120553503263115203e-03
1.636799452687387121e-02
3.520859761437802188e-02
-2.339918320921935413e-02
9.965375976582650092e-03
7.332905012580923738e-04
9.545743589582400893e-03
-2.515616071906040530e-02
-2.052208857776171777e-02
-2.837334337674163320e-02
1.449986497182528811e-02
8.914307107300059249e-03
1.195750974896517965e-02
1.099908074148425036e-02
-1.070813364477050597e-02
-7.973580704713793474e-03
-6.819681161055642094e-03
-1.107733433825650211e-02
-1.878434641247055115e-02
-4.055583669433786807e-03
1.814998800504958112e-02
2.946617142529426095e-02
-7.450946827118081449e-03
6.149945069569691565e-03
7.062642812639963186e-04
-1.190249841550007279e-02
-1.053180502278611673e-02
1.994268867818991750e-02
1.085148044752866706e-02
-2.630277755692587635e-02
-7.235385633866654904e-03
1.632598982634511295e-02
2.115948395043990363e-02
3.023818049118109919e-02
-8.524633161413242358e-03
5.568342214270649397e-03
1.803760429356201025e-02
1.029316466628485069e-02
7.754497677993584838e-03
-1.859834658047524250e-02
-3.995644114288518338e-03
-8.996168166161494853e-03
-5.063482806713681325e-03
1.501827508907352306e-03
8.828872191782157625e-03
-1.636800600579480999e-02
-1.016957639239077227e-02
-1.024964031165367115e-03
1.075874980740201652e-02
-2.771075457150131566e-03
-4.035637523317708170e-02
-1.047619954950400334e-02
2.367914311754629186e-02
-1.331203052046246900e-02
1.672302868528443773e-02
7.089338357261261089e-03
1.796897939472939451e-02
-1.408740287902105794e-02
-2.065937400509390565e-02
-1.515065051124935003e-02
-6.617695603686722834e-03
-8.478374973844375259e-03
-2.489902333951023866e-02
6.029888093053124842e-04
-2.648806121923558826e-02
1.148486437612794564e-02
1.327456647190483272e-02
1.363895718511013745e-02
1.452125431733603802e-03
-1.539454606127151938e-02
7.260189094591191876e-03
5.664468631252505756e-03
-1.147235055376440507e-02
1.073766600536891136e-03
1.255175606985119846e-02
-2.007107398819467370e-02
1.665850401659065623e-04
2.585932298199382362e-02
-6.671139642188158962e-03
3.903540320836405147e-02
6.420841282833262068e-03
5.021133058850445023e-03
-1.445533436478805590e-02
1.382370485642950286e-02
1.979069761514013707e-03
3.647636776278331654e-03
1.525025947155031134e-02
-2.700593318900263232e-02
-1.017615190607274248e-02
-4.054304050502047750e-04
-2.427368475831121961e-02
-1.551737704273831175e-03
1.232041265560408641e-03
-1.430019815485744292e-03
2.452587487558070128e-02
-1.020886416274135663e-02
9.349348695620814803e-03
-6.545371589645891490e-03
-7.496765031179596951e-03
-1.976563658537022414e-02
8.089490539673890174e-03
-1.838220495554482997e-02
1.171291805364694507e-03
2.028883700382715788e-02
-2.267082052691388183e-02
9.130625549902646491e-04
6.836295133672370093e-03
1.989482395260169442e-02
-1.003686137446176130e-02
1.877847419388749620e-03
-5.376153420223858150e-03
1.296533484878394614e-02
-2.057417799901547009e-02
-7.687368952699959700e-03
-8.357543833936298752e-03
-1.424607214928671345e-02
2.356189856075756144e-03
-1.960232136609372719e-02
-2.136179046134188686e-02
1.470320166575835594e-03
-5.817266155946245257e-03
9.094942486367250251e-03
9.824163857460137955e-03
-5.196044137288424042e-03
2.948148328212636671e-02
-1.189671363931746328e-02
2.241400008988160206e-02
-3.920957627517428733e-03
9.415842115343384805e-03
3.957712580313506832e-03
8.812408239763794629e-03
9.887756506266390938e-03
-1.187750666758568587e-02
9.112859496620655253e-03
1.403850582603549148e-02
-3.837214259526818688e-02
-7.073310267934089166e-03
-5.351145384440781153e-04
1.633584585927028241e-03
1.092434980416129818e-02
2.463139892830309985e-02
4.465592405774379374e-03
-1.776183409417112294e-02
1.266442396277504085e-03
-8.074475592568890886e-03
9.110797810190097643e-03
2.317985769927908071e-02
7.652096477767245629e-03
2.761507254393291005e-03
-7.588166751599211175e-03
7.831773079388473270e-05
3.847735635167365015e-03
-4.786012643786455648e-03
1.723790783384224201e-02
-6.658520680813918499e-03
-3.243837957649710682e-03
-1.850455676895305240e-02
5.622286259802926345e-03
-1.077443376534180028e-02
2.087301760772909340e-02
-6.605326980955250962e-03
9.270208833400324713e-03
-1.659752005617206802e-02
5.572777703415250639e-03
-1.344113900198530814e-03
-1.036023628708429914e-02
1.032953024252373196e-03
7.281282454110520920e-03
1.076230948278300049e-02
1.619781093170415825e-02
-3.054720683565418163e-02
-3.330034293250679327e-03
1.310411802171879310e-02
2.206063755356302974e-02
1.307785486023551268e-04
-1.011363902273954007e-02
-2.726377239589868225e-03
1.178721041371997603e-02
-1.979739295156075427e-02
2.316077704563241496e-02
-1.632077570285074553e-02
-2.243373263255360461e-02
-1.039927850189094512e-02
-3.615895651974543844e-03
-1.627227396474094714e-02
8.993220044769607846e-03
-1.424718183149082003e-02
7.873393105073534307e-03
5.422717221562561342e-03
-2.358629617834005765e-02
-9.434854405656563359e-03
-1.415226380270412062e-03
7.438877938783816299e-03
-3.282091571730031548e-02
7.667755232230125811e-03
1.624554864865219994e-02
5.114149209514722537e-03
-1.597691611391867036e-02
1.801870400814202045e-03
-9.218370385103358960e-03
1.843579494859605688e-03
1.495041159130564880e-02
-1.876696409929597131e-02
-1.654168699475928872e-02
2.570761659582320932e-02
1.773330791700717529e-02
-9.954033747296352555e-03
-2.436952640449614738e-02
1.686643836403391031e-03
-2.183460739808099245e-03
1.572658501928465846e-02
1.389229807121455463e-03
-9.081894577613646227e-03
2.155577094371536814e-02
-5.023569494094800095e-03
3.743608116933365600e-03
-3.357457493368942725e-02
-1.487523536719223202e-02
9.191505932553051261e-03
-1.244548310949603401e-02
9.884244570543867722e-03
3.003538823225465268e-03
-1.425480684998693334e-02
1.538197007590484493e-02
-9.975180537723876001e-03
7.130115757710165682e-03
7.310164783351570314e-03
2.366753116295815945e-02
1.019115203777378256e-02
2.337920943469780442e-03
2.135695399599921510e-02
-8.459092686790318713e-03
-8.804348815234896986e-03
8.905802908577419019e-03
4.903865614334259118e-03
1.457415268016183825e-02
5.525152129683249570e-03
-9.062842061272025421e-03
-6.428741356872644253e-03
-3.118411867351492464e-02
1.877808852671295978e-02
2.225799420693742869e-02
9.553297849036912481e-03
-3.137080594988714537e-03
1.109935306552067499e-02
1.603007633285200581e-03
1.579014171008661857e-02
-1.881891841134405996e-02
8.489210437988168809e-03
1.175759145234265245e-02
1.710526100602021218e-02
1.032258480893799221e-02
1.682390802739157018e-02
1.747082459796201956e-02
3.295031847753218234e-03
9.161975722640058190e-03
3.361548693480125548e-03
1.654575147687135581e-02
-2.522142138150336660e-04
3.651609333918784655e-03
-5.785768977288882793e-03
-9.716193109391233623e-03
2.517280381510341586e-02
8.179797140002860803e-03
-7.506018070321023895e-03
-8.310422678331593621e-03
-1.026822665976141746e-02
5.448354857069759516e-05
2.032290040378557927e-02
2.009701298990630020e-02
-1.470661147584136595e-02
-1.145818751018225917e-02
3.058197449969072765e-02
2.161272413202339204e-02
-6.870045134766228530e-03
-5.956861224013919754e-04
-4.526184451789307291e-03
1.809885398984984383e-03
-4.255623859876030667e-03
-6.119553333980420375e-03
-5.253876849283215140e-03
-7.842983803434112194e-03
-6.158771914850386803e-03
-6.159656097612139190e-03
2.362136333989863293e-02
-5.612790307346810642e-03
4.524255726747146216e-04
-5.848514608797662426e-03
3.619595468894390086e-03
-6.909139801886897934e-03
4.715016602856418257e-03
1.490363058725776256e-02
7.534803112185597257e-03
-5.283290282445222107e-03
-5.553615835209147313e-04
-1.024748522304346626e-02
-2.105657232330699138e-02
1.135744226236893445e-02
-2.799060995274446108e-03
1.250353226547792386e-02
1.475938326121318568e-02
-2.022216948139119244e-02
-1.953445863902562862e-02
-9.148295454399485785e-03
-1.050907827963349674e-02
3.783745305596280736e-03
6.255828576604738518e-03
-1.480679074760726278e-02
-9.285791822057657893e-03
-2.871184157280884646e-03
-4.479724601896194376e-03
2.167474182561939921e-03
-1.381445270339680051e-02
-1.072563799806044863e-03
-2.120211246079844319e-02
-1.499423314603838021e-02
-2.109492810799048698e-02
2.424421638508053242e-02
-2.955311527691747639e-02
-1.685367986416149919e-02
-1.428901042617545733e-02
1.315654264037746136e-02
1.867102308749413880e-02
5.105447201854495728e-03
6.919662269139773003e-03
3.977641982068360303e-03
2.446669209520244484e-02
-2.383442539850778603e-03
1.102164243267144024e-02
-3.645982910308231267e-02
2.352291401257812411e-03
-1.396443483865419553e-03
1.699374748279376679e-02
-2.323801105314927690e-03
-4.025817482873015989e-03
1.439201632680776714e-02
2.656058703592081849e-02
-7.763958339945931271e-03
-1.683666619802436093e-02
6.119736518854908226e-04
2.473039999645577913e-02
-1.439726178475575144e-02
-4.429179231864728908e-03
-3.206404257325575283e-03
9.471323654011329710e-03
3.085398347027929269e-02
-2.060129246448359416e-02
6.337933396395642460e-03
2.823608422453000553e-03
-2.999370586764730021e-03
-2.388620933779811439e-02
3.050818440902837957e-04
1.940885998533531083e-04
-4.678147789273492604e-03
8.871298585128138334e-03
-3.504948407261940235e-02
1.073348258211607141e-02
4.774446845950825781e-03
-1.944494483649815463e-03
1.634100456603003806e-02
4.301391268683090428e-03
7.019372822811073033e-03
-1.326103821795031508e-02
-1.030691599379781991e-02
-1.522431656272268778e-02
-3.698817053980988506e-02
-1.248039288941285227e-03
-1.784725363807654005e-04
7.303715580426890265e-03
1.542280978213857612e-03
-5.456683137165083478e-03
-2.053705538236094350e-02
1.996708968883376123e-02
-3.805403837665765916e-03
1.806364165575595482e-02
-1.134124272690373650e-02
-1.149734412930489801e-02
1.027677730962067541e-02
1.062504793988268241e-02
-3.720375038658208303e-03
-2.122757314236372456e-03
-9.127193651496171706e-03
7.900282460518033220e-03
-4.156597752100937675e-03
1.303034559250905271e-02
-2.152592367023296177e-02
6.488834141943718679e-03
1.002437712103231189e-02
-1.498317276801370071e-02
-3.933991890283139448e-02
-1.349821119381048630e-02
6.710472962319386815e-03
-1.182322172712880863e-03
1.296792544719923418e-02
-1.732905764641909331e-03
-1.087064170547484727e-02
5.334706872226933731e-03
1.290925590831670453e-02
-7.571318853129804490e-04
-1.524782755999403404e-02
2.380297618403188348e-02
-2.695478811332954229e-03
-7.111781960310801544e-03
-1.026928691638546824e-02
1.432283180313067596e-02
8.870464991431816631e-03
-2.074063170382449070e-02
1.484781632799163538e-02
1.958765262860712869e-02
-4.470369585606513013e-03
-5.144568515779253913e-03
3.735302097434771429e-03
1.130490249983838284e-02
1.811967979933902517e-02
-3.368109612255050220e-06
1.308438568849242672e-02
1.884794066049923916e-02
-6.589661128981500089e-03
-7.335865443122349151e-03
-4.148468802617317347e-02
4.104825602086116521e-03
2.061266899009689402e-02
2.009623283436752852e-02
-2.122259588297715355e-02
-3.547804932361731112e-02
-1.244313162558866037e-02
2.477703444809109187e-03
1.295678712130621376e-03
-1.334036628570440738e-02
1.623126608978076729e-02
3.016133402781631667e-03
-3.139753389041562842e-02
6.140351369400469904e-03
1.383454524300892913e-02
1.576730567398310079e-02
-4.071466218636417278e-03
-3.079045048158743792e-03
2.278361329426064480e-02
2.327204415844323290e-02
1.361376220829207950e-02
2.482834126808129011e-02
-9.428221013557364083e-03
1.238053884980719332e-02
-2.487795545235945219e-02
1.752514677665980777e-02
-1.272370650576188159e-02
-2.292765777044107264e-02
-2.529967877537033991e-02
-1.556439668279916040e-02
9.334172667395730649e-03
-2.422334402928336128e-02
-1.202422906328143824e-02
1.774085378120628456e-02
-1.184246436670288206e-02
3.320227292112580141e-04
1.783522756375030896e-02
6.826756762921300584e-03
-1.052838064313110604e-02
-2.608483874294627997e-02
-1.793541674407080804e-03
-2.492503056566338932e-03
-2.053646876780488781e-02
1.474821884114431783e-02
-3.489902323879566742e-04
2.688244791574051495e-02
-1.233036179732603828e-02
1.044927118771508002e-03
-2.156615418544865354e-02
-1.503973789892300468e-02
2.460978968009875333e-03
8.820557647136085741e-03
8.439531974987164037e-03
-4.606815691082458294e-04
1.382012623409377763e-02
-1.907892133748409491e-02
1.743244564645196615e-02
4.288744909737038889e-03
2.585957498501281759e-02
-9.065322265137728402e-03
3.262248823934462034e-03
8.696644167731337185e-04
-7.322185352240811324e-03
1.222335333359381333e-02
1.739696978942515196e-02
-5.466333025944441343e-03
2.218066581749369992e-02
-3.974476354581310718e-03
1.775685699142188741e-03
4.474538592708943684e-03
-1.819941648988056271e-02
2.007234444810096843e-03
8.666240978640828499e-03
3.108376879780810204e-03
2.569955395361560833e-03
8.029559807694802015e-03
