# data in one-minute intervals
1.053909666817708091e-02
-1.174496147334772901e-02
-1.917665796296387157e-02
1.951047559616191099e-05
-2.158426350319668507e-02
2.390982150578592827e-03
-4.075461067657123668e-03
1.933038271583835746e-02
-8.915285203278446383e-03
-8.028243178308360276e-03
-2.562541654684138276e-02
-1.987951915901200323e-02
6.759986750428168337e-03
7.880024546202004862e-03
-1.352310228357760449e-03
1.354441366944073369e-02
-2.380883795540626735e-03
-7.857583810646799269e-04
2.355152794315587376e-03
1.426056392123748774e-02
5.865335713385061260e-03
9.275236532406003903e-03
-4.966904695545489544e-03
-9.915086007392652501e-03
1.601354282563879558e-02
-1.857680940929973962e-02
5.623673649110011441e-03
9.451860567713760847e-03
1.034102356874094623e-02
1.037646658244935696e-02
-1.790288479690392912e-02
1.665768227834646398e-02
-6.866545467047143522e-04
4.058193156597401582e-03
1.863047942027884832e-02
6.258670169390856408e-03
4.441999765881397139e-02
3.835262584173887435e-02
-1.295183056992535268e-02
1.752717957718656627e-02
2.817081707099616632e-03
1.351307000316062309e-02
1.187075994683515524e-02
-1.535557443184793879e-03
2.017819342810961078e-02
-2.147425551373163821e-03
1.403998894151541055e-02
-1.507978308145952601e-02
2.895840544946032095e-03
-1.192962199744134096e-02
-5.425277695857999745e-03
-3.734166723703583740e-03
4.319978750056749361e-02
1.634361864802035685e-02
-2.026301618570619523e-03
8.473719754137245055e-03
-1.048141910886661934e-02
-1.038166129601337043e-02
4.006149306189745948e-03
-1.772836939329128919e-02
-2.698256497261525798e-03
-1.020837554657274930e-02
-6.344848678462473857e-03
-1.730591118537497600e-03
-3.019333276912148853e-02
8.756993070766589879e-03
1.818904007887941002e-02
-3.014068451731902881e-02
-1.025901724449456744e-02
-1.099186616604957284e-02
-1.953667047590411376e-02
-2.303165413672007139e-02
5.533361378872026295e-03
1.169623934746152026e-02
-1.204045425241397071e-02
6.710620300504232215e-03
3.211210968712083572e-03
3.929178232110316395e-03
-1.712292897955661544e-02
-6.092818036038248619e-03
1.174563324323085311e-03
-2.238161320229607731e-02
9.784096851710590015e-03
-1.469625049351634162e-02
2.512521682343154053e-02
3.176449101491684982e-04
-5.923830106128276894e-03
2.786504072100481899e-02
-2.119239385692803235e-02
-1.913260717537610192e-02
1.686352332677108767e-02
-2.865696702298701354e-02
5.422717156753248044e-03
1.780271787905441522e-02
-7.209704218199440226e-03
2.925392524596690490e-03
9.524852429359012204e-03
-8.711016297195513236e-03
-7.192482589906211594e-03
7.194294685794199590e-03
1.161523171919026350e-03
-8.297772278806323648e-03
1.287737790988831895e-03
1.148708438942372748e-02
-1.302746895896117474e-02
-2.363970401137204663e-02
-9.872973321783058698e-03
6.473932802242197970e-03
-7.805642870867749231e-03
-2.700651208027218461e-02
3.367525673395863062e-02
-1.953262814307361525e-02
-8.697294257362667147e-03
9.326837350969381310e-03
2.841241006391710330e-02
9.518757217617281052e-03
2.168506474702387027e-02
1.346379938923194380e-02
1.925866389363559139e-02
1.022857760656859134e-02
-2.261468199891090644e-02
1.039156963075007697e-02
2.065049656807737069e-02
-1.251571008465683123e-02
5.791829536401781574e-03
-8.917471186606469591e-03
6.803689307365999757e-03
1.159538117067542831e-03
3.469660723628141194e-03
-1.049606523999539048e-02
1.482739689333445292e-02
7.721021718597132107e-03
-4.921893782469235340e-03
-1.850315748805644867e-02
1.138635909987671321e-02
1.820413882377682618e-02
2.091185446588104610e-02
-1.572538473993076447e-02
2.930233082628391945e-03
-1.953498308865200123e-02
4.466401780850136338e-03
2.063273990887322037e-02
-3.654255401544576152e-03
-1.315208633611015220e-02
-2.266775880774494004e-02
-4.318881200444402504e-03
3.765933550467139707e-02
-1.276411377643183083e-02
-8.061596536608895205e-03
-1.359554916029488345e-02
-1.501772770175346201e-03
-8.347250224066644214e-03
1.066531087905933824e-02
-2.435076689289780195e-03
2.288037932155249574e-02
-7.475130976565680721e-03
5.060774797793007526e-03
1.909105625945402979e-02
2.900362546661007339e-03
1.107196210279649644e-02
-1.838840956927523251e-02
-1.317747486102037111e-02
1.541074236260474295e-02
-1.422255596949684002e-02
2.382573576448104337e-03
-2.637998971628055869e-02
-1.116661705575287648e-02
2.970562959573931627e-02
1.452550142384456157e-02
8.522964405057645689e-04
-6.453063418474509587e-03
-6.715585253291246094e-03
-6.713665781556949104e-03
-7.695234325648758300e-05
-1.887822468955023189e-02
-5.363612724009764708e-03
-2.577953621568854908e-02
-3.202762886008165329e-03
-1.165023429890568729e-02
1.386488870608712856e-02
9.362920654006616494e-03
-8.211307774816219368e-04
-1.237922425915979159e-03
-9.477393734223042362e-03
6.337021227164538889e-03
2.018437165746569603e-02
1.117423306618161270e-02
-1.718443959964754963e-02
1.853408397207511465e-02
1.463749724338419189e-03
-6.351136735132273696e-04
-3.732676949253061448e-03
-1.186738921571381215e-02
2.815558384659858342e-03
9.418616479084812934e-03
-2.003179393171993557e-03
2.209678754075449988e-02
1.548066113984963897e-03
6.997337811592412374e-03
1.701451352998297264e-02
2.165308257520420082e-02
1.095997470255518670e-02
2.491482582606924928e-02
-2.244976320068486214e-02
-8.704579504428065773e-03
-5.953996219398875397e-04
-1.111651978989816429e-02
-1.705266099042720626e-02
1.436087481189298951e-02
-1.236040763738592389e-02
4.185246558877588410e-03
-6.564461878181451771e-03
-7.641598673455727263e-03
-1.872235328776313684e-02
-1.903326466011590404e-02
8.843473584306305729e-03
1.993700183657911781e-02
-4.415960261523464367e-03
3.020062469161978805e-02
1.443896063172142759e-02
1.698811374665725599e-02
-1.978972155883614720e-02
6.702927418597981815e-03
-4.849916195396508992e-03
-2.694841879814012173e-02
1.095903141348135608e-02
4.919605271538851805e-03
-1.703192422168021752e-03
3.839525887456907323e-03
4.079355352155162456e-03
4.632300305081406104e-03
2.603330670975160036e-03
6.428881808325631261e-03
-6.012057554512258281e-04
-1.090350840902181220e-02
-1.144619458854563912e-02
-5.923716121898767867e-03
1.146172155456353856e-02
3.099441344827611952e-02
-1.359195727317641334e-03
-9.611010227140058190e-03
1.529788076197451281e-02
2.771144236762905413e-03
4.536075025174025714e-03
-4.661108248997800421e-03
-6.503764105069718970e-03
-1.348023745035907030e-02
-2.339346540663138005e-02
1.103706241325185184e-03
9.191192020123232446e-04
4.212559289399309473e-03
1.085956471648984005e-02
2.554458829053781257e-02
7.723945571913886331e-03
-2.230369796905172855e-02
5.585865578799678946e-03
-2.477430872107159142e-03
-7.622599750998593909e-03
1.427854219300250284e-02
8.541646029770649448e-03
-8.647455339334548380e-03
-1.280085650082119289e-02
-6.035943605852613081e-03
-4.661308858097407658e-03
2.010429449718488786e-03
-5.059906084923447046e-03
-1.007822949971573338e-02
-1.737585981930444548e-03
-9.045233284720696418e-03
-1.707606418308745249e-03
-2.576341803436700550e-02
-1.532618803669512191e-02
-3.407622742523079562e-02
-2.874193738702943146e-03
2.169346094900199626e-02
-1.764539712750417362e-03
7.557369610695648110e-03
1.037942143366474106e-02
6.858000682192662116e-03
1.018614939315199731e-02
8.960245571410610163e-03
-1.478891390837616844e-02
-5.337339200195523976e-04
-1.487641499134768029e-02
-8.232516518538171221e-03
1.348036870937265735e-02
-5.042872641713168173e-03
7.592327803142158091e-03
6.441223208108319900e-03
5.879556583439909424e-03
-5.699107075317753901e-03
8.442546452754700476e-03
-1.552333809528048079e-02
5.313626956547250375e-03
1.087274048835334961e-02
1.721967261015703438e-02
1.327415964397840771e-02
-2.148577594478743615e-03
-2.012916101162751797e-03
-1.707211713996300423e-02
1.242866956636373872e-02
-4.884077627159960806e-03
3.643748352632532155e-03
-1.155363021883171540e-02
-7.591226249103008583e-03
-8.757174674172236647e-03
-1.217597641214365756e-02
-6.108581853533401156e-03
1.318725000316383483e-02
-1.354450246804076580e-02
1.443351204395977626e-03
1.248176616117848293e-03
1.335832194791059056e-03
5.297186408936028004e-03
-3.229024209077386524e-03
1.963640019379592205e-02
1.136402872162146048e-02
-1.871854020612557026e-02
-7.778020655033988061e-03
-6.063623204530691618e-03
8.174025305043054745e-03
1.078809298525496875e-02
1.262230108391204815e-02
-5.508650677558226891e-03
-8.965736967132051718e-03
1.667329936670483960e-03
-1.176030428660046478e-02
1.977162527545585097e-03
-8.677830108910241161e-03
1.823469800569817514e-02
-6.383671152914008329e-03
-1.410746676146149535e-02
-8.303890432583376641e-03
1.541558422970912366e-03
-1.087308344369315727e-02
-1.872540777141867840e-02
1.915376616363577422e-02
1.981249879752862431e-02
-1.480145674763943056e-02
2.986295797082355770e-03
-5.534817499825137911e-03
2.290819679346075416e-03
1.017965940470476165e-02
-2.048012592108697932e-02
2.656048064825460020e-02
-2.060848856694669218e-02
1.268419139613720034e-02
1.149405539794172513e-04
8.775925422110031349e-03
-1.126135787244235062e-02
-3.723044871568974008e-04
6.762605237413414107e-03
-1.074543740128081244e-02
-6.508812411368313650e-03
-2.065502712361745596e-02
-2.859499091848172886e-03
-1.903161307593879189e-03
1.322915426109452786e-02
2.618768742921055714e-02
-6.548128145819719428e-03
-4.441040822261635782e-03
1.064493491227706465e-02
-1.894315455200319340e-02
1.945073216283488629e-02
-6.240317033974441749e-03
2.117498752244136376e-02
1.541334380971281885e-02
2.245024849471071154e-03
2.530378292240970453e-02
-5.321981231337998171e-04
2.005141610629536733e-02
1.406122617402185034e-02
-2.759008227002539976e-02
1.895703787597118398e-02
2.777464950345716072e-03
3.672201932711238476e-05
1.046314075862743269e-02
-1.849552158574703856e-02
1.503547969392242389e-02
1.180438106041076587e-02
1.005913726992280210e-02
-4.445149668085522469e-03
-2.233584155682171585e-02
-3.637566076703542019e-03
-9.830823946141434982e-03
1.420277155382789966e-02
-1.531450281089015084e-02
-1.685196306212047822e-03
-9.113014936498615645e-03
1.067496014664226647e-04
-1.608167781185880496e-02
-1.237041686320918855e-02
1.123788469058653074e-02
1.469218792256659495e-02
-5.103003230413924105e-03
4.905406994436764014e-04
7.466366286522026913e-03
-1.335513992590966689e-02
2.123478346888293955e-02
-7.126307420088392151e-03
-1.960618982029546306e-02
1.209242587090162552e-02
9.643885943232481314e-03
1.621908830633990439e-02
1.837600783669436286e-02
1.050550558927193295e-03
8.617238388860228027e-03
7.248600912385222070e-03
8.515083288953560411e-03
-7.377721582882697899e-04
1.741292311354971506e-02
-5.124176499827783580e-03
-1.585031365847268392e-02
-9.640304942859162854e-03
1.239154984896141849e-02
-7.235806774027492717e-04
-1.267241372282921358e-02
3.252512393230889282e-02
5.760458247750796859e-03
6.576097228610085221e-03
9.874754956665296804e-03
-3.404004863525262551e-03
-1.934436016305956033e-02
-1.191103332528090260e-02
1.439223508202593788e-02
-9.706429252706880520e-03
-3.470470166422290337e-02
5.987430267150407881e-03
-3.149724850066611820e-02
-3.248872493175497273e-03
1.301851487865861128e-03
2.588710507894965290e-02
4.366162599952276048e-03
2.167972373863962313e-02
1.134893745528966135e-03
-3.623752863079897357e-02
-1.646240073441299426e-02
7.201627593036998357e-03
1.578272420486745084e-02
-4.531202524823269712e-03
3.762908354452666575e-03
4.592735580591345533e-03
-4.598583902994196615e-03
1.538493297440871217e-02
2.303519386636963817e-02
1.883163173488726361e-02
-2.169246910572327717e-03
-9.803392272741054750e-03
-1.611136040028974398e-02
-1.042144690422233504e-02
4.547568581844355778e-03
3.738506650182481152e-03
-3.380509757431179874e-02
5.083261110536946292e-03
1.245280838457897034e-02
6.116026347464019464e-03
5.252899471222429026e-04
-7.856185179151741957e-03
-9.310717699351080123e-03
2.888956707076107550e-02
2.322498183644457898e-02
7.137748013040697177e-03
1.156744845815740359e-04
-6.273540630361443791e-03
-1.462288152271020228e-02
1.503187789194204184e-02
1.513225418420625391e-02
3.620757636480139915e-03
-5.779233245786370363e-03
2.844570313799792832e-02
-1.073357692794559698e-02
6.777312867720425640e-03
-2.794010408269105225e-02
-2.051491998383080453e-02
-3.579402859483191189e-04
2.126281809809217258e-02
-2.145729624581571918e-02
-1.964915978145460179e-02
-1.962421098681418289e-03
-1.210718651937983149e-02
1.031216291694537872e-02
1.089684776212418264e-02
-3.947053785109174567e-03
-3.191037478333896664e-03
-3.884643568018411510e-03
1.164209053848503164e-02
-2.070655693086847007e-02
-6.325162294365683363e-03
-3.355442663622028136e-03
-1.213790834377905838e-02
-2.427860588847609129e-03
-2.693964956963760485e-03
-1.237703032891187703e-04
-2.051942549831953927e-02
-1.097738456076756235e-03
2.116318661229201013e-03
1.803666733774239583e-02
-2.194636608916561080e-02
3.286578811202952536e-03
-1.401730170343593214e-02
-4.189863931333158431e-03
-8.480466928955465375e-03
-6.712154405532841372e-03
1.367838595964439991e-02
1.574475403385313874e-02
-2.319025094097906109e-02
-1.153904051689588241e-02
-1.089071487300335463e-02
1.318591885687629521e-02
1.318949978177169809e-02
7.464230889123102917e-03
3.358315726767599832e-03
-2.590376654221624602e-04
2.492540461749671605e-03
-1.651962748038712792e-02
1.737464283463257750e-02
5.200960873731758083e-03
-2.218332737028781400e-05
1.202126138620468812e-02
5.149025816580208182e-04
3.473401620905435666e-02
-1.107477292309337440e-02
-1.606093538230381201e-02
1.048760586548548070e-02
1.640069344621429559e-02
-3.592045390389719817e-02
-5.457705891737961229e-04
-1.054832475423432385e-02
-3.068908134028907816e-02
5.711195691931322642e-03
-3.874534313204270903e-03
5.966309491661221653e-03
-2.238134551640015568e-02
-1.510359584913518842e-02
-2.792703356172759888e-02
2.058246512001495141e-03
1.145847102924688748e-02
-1.949021821972901636e-03
3.516059106674533641e-02
-1.319979628671906317e-02
-2.593871416289703774e-02
-1.074857085214802254e-03
-4.169848778280548646e-02
-1.697564622284295291e-02
-1.005766316687707260e-02
-1.514868190141386434e-02
-4.884035824182779428e-03
1.348805458098228417e-02
2.746262871362383472e-03
5.253375740956320837e-03
-1.159729578106023958e-02
-7.188151379349772777e-04
-1.368359240787795500e-02
2.056121878490151447e-02
1.137667710812933879e-02
5.938948224830458388e-03
-1.011864168923371290e-02
1.350056821683289637e-02
-2.132671173651904881e-02
-3.264505667956530809e-03
9.670962501054066254e-03
-3.761220105144543607e-02
-8.857645324066200235e-04
-1.177113894657782697e-02
-8.576290524712785676e-03
-1.482422530806689481e-02
-1.236331638672412067e-02
-2.270122949795901415e-02
-4.007915713021706350e-02
7.481731623009672642e-03
-2.759238926149697180e-02
-1.620314407887600561e-02
-3.086727565980683808e-03
1.244795794936220251e-02
-8.208365568003292423e-03
-1.277865299924027011e-02
5.452514722315837670e-03
-1.025505348208522773e-02
-1.256927732500333177e-02
7.817968593998268767e-03
-6.000776082286000263e-03
-9.476191592243681308e-03
2.447175480960666130e-02
8.627277608693265099e-03
-1.321567219353769404e-02
-3.051427103528543596e-03
-2.688399337233169945e-03
-1.642694161022364594e-03
1.991127854881129255e-02
-4.507674205536184135e-03
6.920415623902874533e-04
-9.281732906990681348e-03
3.973260552932983414e-03
-1.718134227327105384e-02
2.649087842210135890e-03
-2.622466125419642066e-02
4.277447867859819793e-03
-3.361247347607636184e-03
5.743603284466217845e-03
-3.337390012593047239e-02
-2.674045265104630503e-02
-1.609912836620972876e-04
1.706822984099060905e-03
-1.377767067180658139e-02
-1.617975370688905234e-02
-2.714714596514246001e-02
-3.395911234224737590e-02
3.726691868912719585e-02
-6.680099914821671647e-03
1.553735467589114835e-02
-6.285487474981070292e-03
-1.941000597258076693e-02
6.682430849323461874e-03
-8.410404245498314182e-03
-4.855990970450038170e-03
-1.130855590206613498e-02
3.496890910950338927e-03
4.452717303776640261e-03
-4.934651674025247042e-03
4.115510771149234054e-02
9.794307500212200146e-03
1.261825426595195379e-02
2.106962420070255040e-03
-9.926271570306666875e-03
-1.013987720177671886e-02
-2.213667283614626467e-03
-2.164083031805356591e-02
1.367165373120765018e-03
-2.169813520474122605e-03
-1.777111202643038429e-02
-7.550955738842683902e-03
-3.060412819794475561e-03
9.403273843518232880e-03
6.267261914921410867e-03
3.690244303861505153e-04
-2.850067930767724925e-02
1.691660557305570134e-02
5.390856394446480113e-03
-8.077809527139078946e-03
-1.273702362689643416e-02
-2.818251574196174464e-03
-1.987054281637581216e-02
-2.702343528572498724e-02
-1.230746151210621378e-02
-1.407209048037978520e-02
5.044764645533196534e-03
6.874536261503605764e-03
-1.533790398373107398e-02
-2.388816376562396399e-02
-2.356172513405864477e-02
3.667418818084629099e-03
2.806427391045846625e-02
2.635626574489056441e-03
-3.903489935142307344e-03
1.995340763949448454e-02
2.740532480605268814e-02
-3.189594064296321328e-03
-3.115818273442999054e-04
-2.562884595232358884e-02
-3.691077806863125865e-02
-1.150347011032056693e-02
-3.128063572222154146e-03
1.739242137840947208e-02
1.346044474947807185e-02
-2.430501085640753706e-02
-2.565730411681024087e-02
-3.759998306362390824e-02
-3.501758920917695528e-02
-1.124124358469221797e-02
1.777907745301891612e-03
-6.883294089341171484e-03
-1.943148953536146537e-03
1.156079561686376841e-03
-8.042815706210557081e-03
-2.232656789738312036e-03
2.159330817907479522e-02
-1.495992767702175770e-02
-1.585720354994446871e-02
1.608588272212080339e-03
5.036917413486496041e-03
-1.055339423060129220e-03
4.407992513070891662e-03
2.223661252770443505e-02
8.576223353691481491e-03
-4.575963797920935654e-03
-1.855617701323821617e-02
-6.934356948527246357e-03
1.719073257621598141e-02
1.614319520845789238e-02
1.896093434746659243e-02
-1.685422518323280092e-02
-5.201593855248162453e-04
3.178465964907156716e-02
-1.716015299668334623e-03
-1.232055723359755210e-02
-1.867199386975328460e-02
-2.146816995076303650e-03
1.990574756829897179e-02
-6.488930591591194827e-03
-9.725731916913223779e-03
9.500526298391593141e-03
-5.654166011369983480e-03
1.710696180812045983e-02
1.493342377112842796e-02
5.737957496516991711e-03
1.889882649843542192e-02
1.343027250912935937e-03
8.545000144664409653e-04
-2.329486156370623451e-03
1.059577740164488989e-02
-6.689410548870511342e-03
2.203304421536908184e-02
1.027126474204091960e-03
1.515452357485602350e-02
-2.304445017269143164e-03
2.624044874477707290e-02
-2.723549483732530616e-03
1.486458294010828754e-02
1.131956896804906659e-02
-1.728346594424997121e-02
-2.045264899753985316e-02
-7.520011103903263654e-03
-7.492751073416783689e-03
-1.111886958238255188e-02
7.651637163801018951e-03
6.572612153475764082e-05
-7.328245055041447686e-03
-2.251436052754454339e-02
1.211959817404320745e-02
1.200921548068664343e-02
5.669032328157130873e-03
-1.571728299654739230e-02
4.593108467036184292e-03
2.377729354829681216e-02
2.874606443028582606e-02
1.370924476580738776e-03
-4.021708712115790521e-03
-1.642247972677594176e-02
-1.400539937495526299e-02
-1.154973590641362969e-03
6.754596874472033712e-03
-3.750268187987084410e-03
1.597306463280671190e-02
5.577647639395973481e-03
-4.836387661062644880e-03
1.017235710140553667e-02
4.222409591494939826e-04
4.452032799175801789e-03
1.998330354576797682e-02
2.630627174526941128e-02
-7.606158216861722172e-03
9.866889225263599655e-03
8.511801071116402093e-03
4.661953881772397217e-03
-2.635565617960929259e-03
1.674544789581051399e-03
1.765374986174448636e-03
-1.519555533843368333e-02
1.459160152653555392e-02
-1.327598097597348752e-02
-1.655112656027639406e-02
-1.036570743092097777e-02
2.577676441938444099e-02
-7.947441145114253480e-03
-1.152756598422668196e-03
3.199663538165191390e-02
2.369047994513299657e-02
-3.654891260382599118e-03
-5.353024083970701549e-03
-2.496790082888782677e-03
-9.528270494534613055e-03
-1.425765391177761555e-02
1.312933263573373872e-02
-1.522836497992481435e-02
1.766496328522319803e-02
-1.653486174341164613e-02
-1.562702350730335588e-02
7.527744982765688549e-03
-1.834595793827129354e-02
-1.665633967185288153e-02
1.116127197245393200e-02
-4.558579342312477946e-03
-2.505783097850837818e-03
1.557816981131955603e-02
-1.804820533280523248e-02
-2.119787525117048949e-04
-4.496972422632861989e-03
1.583686057643018605e-02
2.818910700852580303e-02
1.751291224824177593e-04
2.311770820164497225e-02
1.280171236575080099e-02
-1.406587797863510444e-03
9.904958871893599151e-03
-7.081400761635319764e-03
2.105611365935951967e-03
-1.200973989530490157e-02
-1.551717126451755517e-02
1.542674599919397621e-02
1.024393019751639912e-02
-1.472908854499082633e-02
-5.479307325515819262e-03
6.663126059629441260e-03
6.460252629615430633e-03
-8.243154979114665146e-03
1.234478727300377266e-03
1.270758705398165531e-02
1.157339304786596072e-02
-1.748635205552728777e-02
2.041757696272317093e-03
-1.992573336558448299e-03
9.181588940689334663e-03
-7.665565407567876202e-03
-4.123140295242317538e-03
1.221425529003672579e-02
1.345332091100451787e-02
2.094329288719560655e-03
1.422274240927833737e-03
2.095095465943148591e-02
-7.276295139740646470e-03
-1.391475082521802589e-02
1.216267424085567053e-02
-2.733354912154275021e-02
3.371091990452983189e-02
-1.410065196820906551e-02
-1.203695543546024101e-02
-2.988936494032298340e-03
-8.402003161076884372e-03
9.515272977304359801e-04
1.196115101948296705e-02
-7.369232812206216211e-03
2.241331705981902678e-02
9.712662685255953054e-03
8.303161917364606029e-03
1.055754032614050417e-02
-2.079959040291217559e-02
8.956970143912969945e-03
-1.272135135275667163e-02
-1.940478737485513278e-02
-3.242206448457927992e-03
1.509646402237240122e-02
8.065605557531602479e-03
2.640793533449828714e-02
-5.014292265416636640e-03
6.391970745070574104e-03
1.095334050236222191e-02
-1.176475781419366110e-02
7.824997355359703671e-03
4.428731838432830095e-03
3.808295263484422384e-03
1.454931298388042853e-02
8.674662189964604461e-03
-1.004025044107861517e-02
-8.014922364906770444e-03
-1.061540701743000567e-02
-8.364403343001187638e-03
1.111606360925525283e-02
2.691714120289831133e-02
7.739948043494742497e-03
2.274775755412070458e-02
-4.569874106516914891e-03
-2.675329795335008734e-04
3.545534580416506015e-03
9.840067220833172146e-03
-7.060036486534700118e-03
6.742809101160128016e-04
2.049940736729933058e-02
-8.765621010555392847e-03
-4.110840072199320461e-03
1.927482243853413657e-02
9.268553675971823776e-04
-1.043830112550933782e-03
1.023269502526606006e-02
4.725375748688287990e-03
7.169018391875596301e-03
1.404821078752610660e-03
1.121146324814358344e-02
-7.514623759448221113e-03
8.343291333863573148e-03
-7.605592594210686293e-03
-4.216072440036356707e-03
9.721856027946923495e-03
2.256249790549702539e-02
-3.588859400550521023e-02
-2.003337685280513064e-02
8.541188198480983290e-03
-1.562702009322556804e-02
6.228638620824868827e-03
1.453576402875226756e-02
6.877531561599656632e-03
9.653929386474111723e-03
-2.111255381428565892e-02
-5.672150595339682001e-03
-5.902515181391281875e-03
-1.182029335379886970e-04
3.629209014477735411e-03
-2.852239976847299567e-03
8.303882870766851262e-03
-1.212659672208977329e-02
-1.897232721556548971e-02
-2.932372551284267732e-03
1.150794032866281000e-02
8.100169095658438581e-04
-1.129366974660765861e-03
3.835368174248652857e-03
2.159149312019673778e-02
1.280702118783269387e-02
-4.819793835039350334e-03
1.256993274481150308e-02
-2.359837744873877902e-03
3.541507675210569389e-02
-2.189204939252847523e-02
-1.358633528914032079e-02
5.631954085511771055e-03
8.353188897068994714e-03
1.879234829622877584e-03
1.679309255288201005e-02
-2.037309301114860211e-03
-9.522228900417770495e-03
4.489912102061904375e-04
9.100062876215580035e-03
-1.279854026134796298e-02
1.787499871310682664e-02
-8.469504009969215652e-03
-2.680344428319540381e-02
-1.206318500686656909e-03
3.811473150934590465e-03
1.861704821087013795e-02
3.204594270562979158e-02
5.513166546397496592e-03
1.760031993901040731e-02
2.556519067785761185e-02
-1.804510995304134391e-02
-4.402772070898713225e-03
-9.421535766506138054e-03
-2.485892347778802247e-03
-8.840591552283907917e-03
3.123965113309176960e-03
-2.155116432658524782e-03
1.034115659213416354e-02
7.806231075419155577e-03
2.531530420376599047e-02
1.103563221827352087e-02
1.399445491739606008e-02
-1.985707983791631243e-03
-2.445621511935095263e-03
4.000186304182223873e-03
6.939642542729655694e-03
1.178721324445099021e-02
6.245195735476505479e-03
-2.310515112392897905e-03
-1.062867058796337265e-03
2.101968965251677438e-02
6.692175832518240837e-03
1.942401678189474427e-04
1.718403654008513609e-02
-1.211609883822518420e-02
-8.001948223224078158e-03
-9.710711385722325950e-03
-2.413788525796922019e-02
2.898915713344872580e-02
7.312418514775208787e-03
1.002373862644484123e-02
-1.784132477406615014e-03
-4.306372215391624826e-03
-1.532689919581533937e-02
-1.457671405412357991e-02
-1.439127077665473646e-02
3.579443964821146909e-05
5.670520842237347647e-03
-8.319688155131361312e-03
1.089654125799518342e-02
6.012499544627999092e-03
-2.014456218564813703e-02
1.217590394124507154e-02
-3.126358790434013990e-02
-4.407785989782603969e-03
1.286015585863124408e-02
3.582683734202169682e-03
2.401897897147952515e-02
1.238091282708915844e-02
-2.688400461369784555e-02
5.678190574132407041e-03
-1.747772352066649659e-02
-1.213982103230328534e-03
-1.407859852719270388e-02
-2.195920662463767339e-02
1.076140491217567399e-02
-5.516459881319144866e-03
-1.146959819790577262e-02
5.882011835671778661e-03
2.842511010740756631e-04
1.674590926308309330e-02
7.292725441513708308e-03
1.522196120366586282e-02
-2.276636449555619307e-04
4.533014779747756955e-03
1.189893077993414358e-02
1.263250680284676471e-02
1.708445562489819755e-02
-1.712364914011821684e-02
1.157327456801779224e-03
-1.904366791702397435e-02
1.356306564988001874e-02
-2.278512070054968669e-02
-1.814996287122790791e-02
-5.221143761018112381e-03
5.327184360403357764e-03
-4.507039968061089634e-03
-2.003818196768175630e-02
6.588474120907059951e-03
-1.770138538728647723e-02
-1.814480296332769346e-02
-1.508704528725147292e-02
-9.644538653151492336e-03
-2.954010093345484523e-03
1.529158546068437943e-02
-1.107170649774213630e-02
-9.897708165839517319e-03
2.677255483303177339e-03
-1.259199626294241550e-02
-1.816988338414870716e-02
-8.870837166034187607e-03
-1.308636619369746420e-03
2.118124710054198473e-02
-1.409636535806357838e-02
-2.651957673350790199e-04
8.305670246458771167e-03
-8.134249879140111050e-04
-4.422063866516117055e-03
-2.258240056254964476e-02
1.405392733211382160e-02
1.830547271709257384e-03
9.029991724916261583e-04
1.031140645319928231e-02
2.131039643581410931e-02
-5.505156720953535351e-03
-3.334663093441666420e-02
-5.022949586024526509e-04
-5.365651214047045471e-06
2.023136276353387775e-02
6.762548108137837397e-03
5.109500550731303770e-03
4.675985206484754332e-03
-3.033507496959789856e-02
2.079111695517678673e-02
-3.308970083955029701e-02
3.361679055281346137e-03
-9.496549334847061499e-03
1.464838973153012244e-02
4.366743385596894012e-03
2.818196378155460660e-02
-6.675761030665592136e-03
-3.447695940542883780e-03
5.922773351452336084e-03
2.425008384660161040e-02
-2.184291826927245092e-03
3.801547921422199130e-03
-1.526258432360992449e-02
8.206844557630970510e-03
3.642290127700578001e-02
-9.759750792106738470e-04
-6.347937566331803179e-03
-3.328718990601277263e-03
8.551229029647073460e-03
9.743849415816615038e-04
-1.360445823327042884e-03
-2.151136055265869679e-02
5.230422531779773190e-03
-8.419097833588046415e-04
4.252269280486913570e-03
-4.831731511598240901e-03
-1.609267536051961489e-02
-1.011205950374275547e-02
6.211498437087521751e-03
2.396902439680365093e-02
-3.317086336857541767e-03
4.552594679334749130e-03
1.192091397356045360e-03
1.006283200903129553e-02
-9.285048305261269994e-03
4.681755577271572676e-03
-9.129429995642144788e-03
-1.099496722514875166e-02
1.573194852829401177e-02
-1.190798476261546550e-02
4.809499142874485746e-03
2.080674795154449988e-02
4.116064249367659342e-03
-1.136962263650829683e-02
-2.412595403697945229e-02
-1.915022616929762389e-02
5.104977918580057630e-03
-1.656899712837141270e-02
-3.010314750293782444e-03
-2.926746176449230262e-03
2.460233929786949034e-02
-1.406072378234644871e-02
-1.766191018969333337e-02
-1.263337098733115053e-02
-8.445777117593757446e-03
-8.777537350584362075e-03
4.030725520045586215e-03
-2.342520677379711022e-02
-9.760381074745198143e-03
8.711871961408729909e-03
1.180191834650524832e-03
7.634431105310383577e-04
-2.616265258594542911e-03
-1.941106489633815171e-02
2.506867780922218680e-03
-9.609432682457175190e-03
6.773557123418949902e-03
-5.500490508219285472e-03
1.831491758386977545e-02
-2.609457996212048540e-03
1.991451948638802566e-02
-1.291070036717207291e-02
-1.976406364575615787e-03
-1.096449436859334159e-02
2.815597605008195517e-02
-1.454761903436428520e-02
1.961346797386593829e-02
-6.951357353896115560e-03
-2.485712756592785636e-02
3.370832782983004122e-02
-2.959988712853023340e-02
-5.540866095626585620e-04
3.079649577996085405e-04
1.622043309857238227e-02
-1.970628474945244901e-02
-2.221378300385056653e-02
4.036176597960527274e-03
3.315665057943944106e-03
-1.237478639423357334e-02
-1.552437231081426651e-02
-1.390264326997557066e-02
-8.696803090837822853e-03
7.217495233568545568e-03
-6.592926850490771380e-03
-1.476548130100680326e-02
-1.010601317422070433e-02
7.595725446575528512e-03
1.606990995368871508e-02
-1.249773850777649575e-02
7.072955886029133436e-03
6.480448198767959321e-03
-2.036034690150244613e-03
1.630982672708996412e-02
1.465951002674541204e-02
2.073464318514773100e-02
3.259606922504586571e-03
2.129127383618151237e-02
-1.781178925888239964e-02
-3.371724846533077132e-03
-8.547195273859487007e-04
3.766724533159333354e-04
6.732677326523960060e-03
7.196656172590831443e-03
-7.300722471144034317e-03
4.127362668634300576e-03
2.589987755564367514e-02
-2.333178967845876001e-02
1.312189240289713104e-03
1.795739082899806133e-02
-5.271792505854956852e-03
-4.575615306640743070e-03
-1.079964314833883367e-02
3.098757420815440380e-03
-1.297197597866742505e-02
2.261866837228268881e-02
7.545564848308056877e-03
-6.439505378976171507e-03
1.528998505654488929e-03
2.077455641274327663e-02
1.244692119079266433e-02
-6.728570558785696223e-03
3.798259596228420812e-03
-2.208249539290567040e-02
-1.020352799438331744e-02
-2.444695332093243731e-02
8.950514893885331766e-03
-1.656685328093977436e-02
-2.408784471332769007e-03
-1.091494969952893149e-02
3.394279070452933030e-03
6.705665030860963501e-03
-7.700754992945518969e-03
1.365885199524987173e-02
-9.358492650478382469e-03
-6.515908355080575996e-03
1.933893350005327222e-02
-7.071291782270361717e-03
6.679976957821940481e-03
1.090845559585371105e-03
1.114708066694558054e-02
-9.481106031544752483e-03
1.919001268913406166e-02
-3.148270187816234328e-02
-1.546444506516707861e-02
4.342395998484072962e-03
2.955130108270523880e-03
5.053181913088856600e-03
-5.364804224694818234e-03
-2.523629329683797079e-02
-7.029552801073151932e-03
3.456203795414327512e-02
-6.256471452814842474e-03
-9.695115675397561472e-03
-1.238810714733041976e-03
1.934087324364907809e-02
1.319008467054624542e-05
-5.004593615964389626e-04
-7.439242621439457609e-03
2.364885668340736130e-02
-1.195060749776768842e-02
4.598697535308294768e-03
-7.870836997006899110e-04
8.146284595914399587e-03
-1.011718019704588474e-02
2.833914619547731571e-03
1.354585288107207092e-03
-6.188122431156934701e-03
5.208369984682078950e-03
3.164122262096496097e-03
-1.590757758020277038e-02
9.246537084912138937e-03
1.295799204788043377e-02
-1.327933226103594419e-02
7.910138046326072037e-03
-1.730741466901245668e-02
1.062504146994555469e-02
1.199235553896928208e-02
-1.281900266152587002e-02
2.496485851395786187e-02
5.995672170422996746e-04
3.327056934767318175e-02
-7.249392733035978607e-03
1.190036466719215577e-02
-1.487595406524929928e-02
-1.128859341454524013e-03
-7.157680803469661061e-03
2.709760274324228904e-02
-2.058380228855944891e-02
-3.241775269184386278e-03
-9.746743582283611722e-04
-2.052465899341462041e-04
-3.219084349237316678e-02
2.087731544187371516e-02
1.724565362456038659e-03
2.662594049418553349e-03
1.587773639908989084e-03
1.314878034727945399e-02
-8.145508424892965518e-03
-2.360253398938960689e-02
-3.364993007680107135e-03
2.413621556625528478e-02
-6.646149397321005590e-03
1.991209807751663161e-02
1.078030751158495608e-02
-1.383014005451602179e-03
9.390988959021434601e-03
-1.529545930059460560e-02
-1.202741258381260538e-02
2.394265378213644886e-03
1.656172419807895937e-02
1.207258748616032648e-02
1.187165671920858458e-02
1.153057559263464052e-02
-1.089328660698368235e-02
2.444626844739390507e-03
2.837670444060303755e-03
-6.647529992607070434e-03
1.052785704743805506e-02
-3.378380672679155011e-02
-8.096824455326088977e-05
1.879475641935819631e-03
-7.737610970282041145e-03
6.551649534022995630e-03
-4.311824043055549269e-03
-2.974709206306362999e-02
-2.873110217175767721e-03
-6.499980855542773599e-04
1.104605504808026800e-02
-2.071336562738025980e-02
2.234189916516448118e-02
1.275327543214131720e-02
-2.197766943173700901e-03
1.366130140441731457e-02
3.040433283998538491e-04
4.841923748895599761e-03
-2.744896139005517308e-02
-2.051345101537592822e-02
4.101441439162610732e-03
-1.710294126813995466e-02
-3.616046790952100621e-03
1.035641533517653139e-02
-2.142283208264804308e-03
1.500012338341113680e-02
3.427218289781946980e-02
1.914511827866533303e-02
-1.050508317203914174e-02
1.187355558700957728e-02
6.086349926078649976e-03
-1.023142188329863485e-02
1.061521367081118446e-02
-1.543851613939000757e-02
3.835181804593826987e-02
-1.290887240432503184e-02
1.939958009909104660e-03
-5.275709241244198183e-03
8.815046488270440348e-04
3.951981278768856550e-04
-6.391277311728223425e-04
-2.316681046169876204e-02
-2.268126849088889646e-02
-1.478873895310236662e-03
-9.704828515513038920e-03
4.195885381187385368e-03
-1.799934128314733747e-02
1.220751788649043594e-02
1.480136564819486272e-02
-2.815761968456447634e-02
3.277129419395218013e-02
-2.120312199564956118e-02
-1.913227432532920921e-02
-3.772345692984396294e-03
-2.018154878583114376e-02
9.287329245756554413e-03
-5.721613125651434963e-03
1.690453020643939777e-02
1.678054143430734307e-03
-6.655449267438525232e-03
-1.637592492913410649e-02
7.841338002849779221e-03
-7.531328665088161955e-03
-1.090268557919304819e-02
-2.670901440629506237e-03
-6.127821844165114856e-03
3.768737578992583780e-03
-5.967776506802776118e-03
-1.377353840257456753e-02
4.067338683041537813e-04
-1.454758956146406414e-03
3.590349245504984889e-03
-1.259403839183788169e-02
-2.586262440936843571e-02
1.025472811875749457e-02
-1.048167421927576407e-02
-6.902652095129700564e-03
-1.288374187294730189e-02
1.431311978007892985e-03
-5.392732093002321897e-03
-2.411448808312879194e-02
2.895069162064468904e-02
-8.689842392494505352e-03
2.158372633637979307e-02
1.695335564092459793e-02
1.598333928306643406e-02
1.976335638484542218e-02
3.086019058022027028e-02
4.171146606344953121e-03
-8.375989369795559109e-03
-3.657903906687450489e-03
-1.557114114187387911e-02
1.274652875184024243e-03
-7.354408014061922412e-03
-1.631935184715622945e-03
-1.288529811453190121e-02
-1.085865183256336198e-03
-7.206181074609385381e-03
1.090134577399327898e-02
1.722454398915375991e-03
6.762563828606485590e-03
2.557671668894942549e-03
6.990253583801193243e-03
-1.174738026986669494e-02
-2.846956256836400551e-02
3.712634097917747508e-03
-4.563725167498288056e-03
3.139950932703900952e-03
-5.496732536782431705e-03
-2.530075239075737364e-02
-2.055640023677097247e-03
1.311635270723495415e-02
2.458820474060964198e-02
-4.556916348819324385e-03
1.700289082044055371e-03
1.492888145847593231e-02
-8.179163958427633843e-03
6.668316428224415433e-04
3.502186119887414680e-03
1.331522734646545074e-02
-1.685402731323749209e-02
-1.898208286316959217e-02
2.275706534811221607e-02
-3.850413412160000586e-03
2.453665408255504762e-03
2.194514984011597739e-02
6.330427350393030145e-03
-3.150520995115923401e-02
-1.028820171957571354e-02
1.318054716304534017e-02
9.045467684964668062e-03
3.072425398819921905e-04
2.010462885469220876e-02
8.832372702753010091e-03
7.704428777486939557e-03
-6.971914979894151126e-03
-7.465905436557538494e-03
-2.831040192583064892e-03
-9.495270990534376843e-03
-7.996151775078107551e-03
-1.645212386685670526e-03
8.187334909510863429e-03
2.447209239348278713e-03
-1.711168479012153618e-02
-2.660510672990751974e-02
2.203338280264963839e-02
-1.870151652120938604e-02
2.070831096774983227e-02
3.990057012583484580e-03
-1.047854679747175187e-03
2.506308367233619876e-03
5.417864190558623234e-03
2.654777942970077548e-03
1.246874065599169355e-03
-1.947726652497981095e-03
8.263004395932816923e-03
1.759621342029780641e-03
-3.186773304166562459e-02
1.457272732443532469e-02
-4.156185644023401189e-03
1.416789517942100346e-03
1.771924674320838472e-02
1.167185332145855188e-02
4.964302598311520417e-03
7.788390871061514655e-03
1.053517807293993282e-03
-1.515407222864516117e-02
-1.682524921017562389e-02
-1.049305194603881303e-02
1.659925064383626497e-03
3.886190218259377889e-03
-1.824189872979902274e-03
2.803180695179380375e-03
1.069179259196408917e-02
5.576138162232761528e-03
-7.001117917151176463e-03
-1.758522084076341585e-02
3.313349210383593514e-03
-3.095108275011854062e-03
3.299052819025800193e-02
-3.034756573637225827e-04
-1.597040012712239556e-03
2.675473383590048007e-03
-1.448533655957870425e-02
4.343300567999885432e-03
-2.112147908206654656e-02
-1.308772515852903292e-03
3.050160671215432304e-03
-4.895796173532251938e-03
1.456934876312464960e-02
1.397158013965345801e-02
1.029694862681722854e-02
-7.263586216806639309e-03
-3.517500848981020695e-02
2.248277523749723367e-02
-4.696025087314060001e-03
-7.722909679931032291e-04
-9.886291237313750424e-03
2.742267331901735924e-02
-7.295592774509234140e-04
1.458539405800523756e-02
-3.688548189547623517e-03
1.485137831682655819e-02
-5.830502525408263331e-03
-3.917227286931462653e-03
3.184755848715808621e-03
-2.240748344834463113e-02
-2.106260812848666578e-02
1.599383466764929193e-02
8.346192847967460679e-03
2.652026779788461269e-02
-2.809746871447932684e-02
1.272563817535147211e-02
1.280615068460503984e-02
-1.664681865216837212e-02
-1.298549110939316471e-02
6.098189371040516407e-03
-2.856260668668330824e-02
1.355697003761631610e-02
5.226422601158565084e-04
1.735014054124287344e-02
4.215071426196187639e-03
2.116459212506847931e-02
-5.193986372922888145e-03
-2.623100182842033265e-02
1.612814643293185995e-02
1.731636013954519337e-03
-1.508075526376505965e-02
-1.742681975669496675e-02
1.146825595652748928e-02
-9.054964782290297193e-03
1.400496477174162965e-04
4.205508974184515338e-03
-2.413582313695942019e-02
2.691733686155068934e-03
1.431958138773274485e-02
-1.000271450132568692e-02
-2.676284405376141637e-02
-1.270290112259540513e-02
5.969966938525647334e-04
1.721969419874781922e-03
-5.844689619947353136e-03
2.673764070672972684e-02
-1.682649262628049987e-03
2.242842804901456696e-02
1.096179166096017746e-02
9.141591763607652063e-03
1.193532159777702106e-02
2.191339883349050985e-02
-1.647398366848055844e-03
-2.168052693067606257e-02
1.919940207420361630e-02
1.542674377258814594e-02
5.866775681112785384e-03
3.036587874749661908e-02
2.669686735168471520e-02
-1.558567458424889264e-03
9.919500392416697593e-03
-1.832939981608702751e-02
-2.058260692633163622e-02
6.963140394138491417e-03
1.592326444130781615e-02
1.162532453643594366e-02
5.203715840097355647e-03
-7.782325060442082422e-03
-7.351870381854506281e-03
-3.667325557117205159e-03
3.520107327992023048e-03
-3.554817821668668915e-03
1.544750707799389181e-02
-2.196709716769342652e-02
1.610013345989370903e-02
-1.568879002557371435e-02
4.064951140508053784e-03
-1.026431804708831386e-02
-9.648673652518223454e-03
-9.805896779041235745e-03
9.499514462194144854e-04
-2.559849546564176622e-03
3.295963844396498227e-02
-9.796222595317538584e-03
-5.753140656579035402e-03
2.656943026077967368e-02
-2.138426395038383210e-03
1.108519320446109575e-02
-2.113923064386357548e-02
6.203657639285094921e-03
-9.462742310074554256e-03
4.390175859332661953e-03
-3.130636864961486993e-03
2.400798826734850278e-03
1.055495499030307573e-02
-2.058259175986341602e-03
1.349757451289313901e-03
-2.103938324543370552e-03
-3.097887263920979378e-03
-1.432655724137635832e-02
-3.910213254386124201e-03
2.877430394163098693e-03
-7.557929398550477899e-03
-2.014474519170691286e-02
-2.271143582137110165e-02
2.347469502812907921e-02
1.326662167882772074e-02
-7.969063352825387150e-03
1.204286781768309882e-02
8.580295430814016341e-03
2.854649483930162771e-03
-8.933452924828357705e-03
-1.026203131343915095e-02
5.354090180937070599e-03
-1.633849135434602834e-02
-1.429607150138383770e-02
1.215976706550589252e-02
-3.497124685917568730e-03
-1.794082058331089580e-02
-1.639449421493007278e-02
8.350626097541599679e-03
6.378549313269348681e-03
-2.596639673239775105e-03
-7.438592972793492408e-03
-7.655452185625011112e-03
-1.071490242623203588e-02
-8.419725148009704618e-03
-1.758329792885968135e-02
-9.006273554409204712e-03
-2.320798633650139955e-03
5.869524129836063871e-03
-2.505310776016918609e-02
-7.421405867908287615e-03
-4.667661271143363003e-03
2.518704670584121733e-03
-3.153281746850625927e-02
8.463552651900818971e-03
-9.305073960130328184e-03
6.029674962970751374e-03
-1.293122761408054683e-02
-5.792954164341636986e-03
-4.204162520997314738e-03
3.654502885585707208e-03
5.849357850025674321e-03
1.286828538643300032e-02
-4.131477862144433688e-03
5.823605810190438971e-03
-1.078678681376492483e-02
-5.466717252792239676e-03
-4.331946509269965322e-03
-2.120181158635026184e-03
-2.182241729862400767e-02
3.380032764626763470e-02
-2.067449157959208583e-02
2.048356564849527703e-02
1.364288373012870377e-02
-1.077120841006531330e-03
2.743206918304649800e-02
3.120034431031550731e-02
7.397497542725059395e-04
-3.683910243911057893e-03
8.404380064923446317e-04
-8.504906665397618526e-03
-2.135947572928068028e-02
2.101956710686936000e-02
-1.648167268201813918e-02
1.059277574370945212e-02
-3.695995152789724979e-03
-2.996578757745595612e-03
2.201419525108248149e-02
-3.711001490679884801e-02
7.633892234279771559e-03
-2.391583058915488710e-02
1.295297811510607092e-02
-8.563432651050032623e-03
1.249163248036127237e-02
5.388638542625041536e-03
4.357801456457767973e-03
2.026498270547268804e-02
7.014991138409855560e-03
6.945062252001134480e-03
-2.033562910705409219e-02
7.051934109334849488e-03
-4.478255451374257845e-03
-6.001899842398276778e-03
8.244717113789939641e-03
-2.440815927365597854e-02
-3.708165053913786702e-02
1.316693736840241283e-02
3.955233853128450883e-02
2.082397718592514206e-03
1.767418311900462689e-03
-8.337235619033956172e-03
-3.152879467636511036e-03
4.583279217664937288e-03
7.155068848618393977e-03
2.814334713913061239e-02
-1.145363829973504270e-02
3.746303129974509760e-03
-1.249804173437230395e-02
-9.910824497791624263e-03
2.642579344000117042e-02
-6.906092160061875172e-03
-1.309876286758814186e-02
-1.260940765295111288e-02
-1.576099602126692506e-02
-2.409364673119716513e-02
1.724480403240112245e-02
7.023136993101547964e-04
-3.210079945390801898e-03
-7.998332670036580397e-03
2.927565846913263072e-03
8.310997210203186652e-06
-4.028987866349048423e-03
1.002765743248496856e-02
-3.398078763067698561e-03
-4.278865910120136125e-03
1.325648688413331999e-02
7.852682289396587792e-04
2.809865150572034807e-03
-1.786207871430875449e-02
-2.508598937947784796e-02
2.098044205216740166e-03
1.366230285588167226e-02
1.088840754411296054e-02
-1.438863138230262080e-02
2.129586629199181624e-03
-2.964468918331922167e-04
-6.396395855355913734e-03
-7.860615600504800016e-03
-2.297574567310122634e-02
-3.047488439029836897e-03
-1.634047625821380412e-02
5.384301925014816671e-03
8.982337476585172328e-03
-1.410782196037911954e-02
3.622106804243314243e-03
-1.129486021430977857e-02
9.488102508267056909e-03
1.728018824067622389e-02
-8.077723773189243728e-04
5.577898563074972470e-03
2.025616028690767692e-03
1.044050548604244337e-02
-2.189319205765625793e-03
1.870845666834375712e-02
-1.896105908139969834e-03
-7.764217831322629132e-03
8.114939070551250438e-03
1.501087502417926961e-02
-4.450430671624413539e-04
-9.508515789633934998e-03
-3.320571109718904040e-02
4.063181698713408114e-04
-1.651587715901207606e-02
-7.786066106872524192e-03
-7.593905180389580629e-03
6.460176817350741542e-03
2.631839152704892968e-03
1.807690716554410460e-03
6.895168788792297235e-03
2.049486766167184486e-03
8.692213157231636414e-03
1.434920566835568533e-02
-1.729291857003605049e-02
-3.094338903313997250e-03
-6.743098443599811719e-03
3.491251919803025749e-03
-2.753562749301043718e-03
-1.390751831218441700e-03
-2.152184811488152844e-03
1.874208305212757275e-02
1.263412083974502394e-02
-1.284478071162696751e-02
6.274013447725578993e-03
-1.494955044904171422e-02
-3.506245455569793109e-03
4.599206163109732098e-03
-1.366334411993858945e-02
-8.597263268068465816e-03
-4.489766246530596354e-03
1.220869186097910380e-03
-1.099272945198427262e-02
-2.975694228185127993e-03
-3.783745634755847354e-02
-4.608267783870100866e-03
-2.807796732231666024e-04
6.418537775426242514e-03
1.775543103042385648e-02
8.725832624703080270e-03
1.409991953185770440e-02
-5.998530371613451997e-03
-1.062532762423069356e-02
4.941126911508822959e-03
2.201182901263496871e-03
-2.015760759251274473e-02
-1.245322710401123786e-02
-4.293123557731275478e-03
5.652332607520169951e-03
1.518542073363446127e-04
5.417167259824524385e-03
1.340186531421949656e-02
-3.125231679665833179e-03
6.665117650016622909e-03
-3.859258659033986631e-03
1.050858906873833667e-02
-2.740256566610946472e-03
1.376947066909355380e-02
6.446119430586550077e-03
-1.829136859025550649e-02
-3.165891111959010656e-02
1.203510442242085483e-02
8.960941173771361928e-03
-2.424246996124307385e-02
9.437433536486749402e-03
9.041819849353019758e-03
2.558376070042474651e-03
-1.891602240624070536e-02
1.739506935567179668e-02
6.706371879991884083e-03
2.130046641065659607e-02
9.280105095740360382e-03
-8.267821278896140408e-03
2.414850483178998183e-02
-8.422000842157797290e-03
-2.654751382790747566e-04
1.035820196848540042e-02
1.059406665238542787e-03
4.141704496068990965e-03
