1.037363296194314805e-01
2.015500976853734638e-01
1.059209274930242306e-01
1.374014535965826234e-01
2.556113629555464839e-01
1.588439574832612583e-02
-3.116947517883191243e-01
3.147616770702089672e-01
3.611329870113759166e-01
3.637128577714978106e-01
6.868165208046491665e-01
4.957662955169722663e-01
1.317633007270655743e-01
9.837956960839307208e-02
7.566749012065668856e-01
7.079119009535330687e-01
6.831218947321847645e-01
3.212310277279083470e-01
2.028858258072203935e-01
8.169413772627786008e-01
2.170033415570234436e-01
6.949104645810756653e-02
3.660025590051572131e-01
1.993187792901289501e-01
1.819621910573998025e-01
5.215487166075265524e-01
2.676925119554117716e-01
4.988790691062141014e-01
4.841360588299756240e-01
2.373026982561526610e-01
3.002133381639112142e-01
4.413885672256265824e-01
7.933501022116082879e-01
8.045414989165845521e-01
1.998583906779352326e-01
5.854242923159472256e-02
2.598076104123743235e-01
5.825938913955437393e-01
1.990025297112154312e-01
4.978960711668958816e-01
8.123246273920465832e-01
5.649860936059041272e-01
4.467198765595395971e-01
3.620708641563123997e-01
3.036148673819905053e-01
5.955215008647559705e-01
5.993763487098052734e-01
5.162366591129549098e-01
2.316127285265759117e-01
4.239753623630870272e-01
2.538469652918671216e-01
4.408939830267833426e-01
2.770556549770165633e-01
1.259552287952361294e-01
1.381209738514209140e-01
3.780612346318605599e-02
1.017282931781593458e-01
7.901499293739959462e-02
-1.792480721801788801e-01
-6.155608380907888755e-01
1.043794514402835716e-01
2.221081980266100819e-01
9.648112823162549589e-02
-1.283845737323161540e-01
-2.592838546988633988e-02
-1.050110427541659786e-01
-1.356412419997087004e-01
-4.643873953976882657e-02
8.469059110604193474e-02
7.321655024319070892e-02
-5.946753370885962068e-04
-7.015088640411576426e-02
1.294198917477842325e-01
3.167212691726795093e-01
-1.341771586967463181e-01
2.612336978365129569e-01
9.212242018362550022e-02
2.876983206205877691e-02
3.621591164840935739e-02
1.905916873589031946e-01
5.106454984733228564e-01
4.086084450172379201e-01
2.320702665991276337e-01
5.372964206060391046e-01
4.271764630545854535e-01
1.330149952180584572e-01
3.764126833185459375e-01
2.136675369473969854e-01
3.090025830522433181e-01
4.397233521763339592e-01
3.545227472452410211e-01
6.310347075359001856e-01
2.758086452854923709e-01
4.709814532209646853e-01
8.866919879042496344e-01
7.606384179595890860e-01
6.324656212611440287e-01
4.153565863647267209e-01
4.202571982601977507e-01
4.742720283128638581e-01
2.129566687423634086e-01
4.516434473048199782e-01
5.626584074609645159e-01
6.470359234119024139e-01
5.895498316799486771e-01
-3.526763454892443139e-01
-8.170770720102492335e-02
-1.947665732194282240e-01
6.303665943168658414e-02
2.625859930989521418e-01
3.086276272118050334e-01
5.093622155970062293e-02
6.662452168892241122e-02
2.218001732526783953e-01
-2.124992176925560861e-02
-1.957358796518649524e-01
3.207898176782050248e-01
4.848599121741787310e-01
3.985346454968592411e-01
4.828373707097982637e-01
2.400538567898011788e-01
4.209910400245124862e-01
-1.518320463521120045e-01
3.546660511643798253e-01
2.089990351525320700e-01
9.089815655243767278e-02
2.621261461553626160e-01
1.685485080789926038e-01
-1.309177441512435480e-01
1.349101689956916546e-02
1.102930890842453299e-01
1.785935159193894617e-01
-2.294826374295557136e-01
2.548441078298461782e-01
2.976685669730411710e-01
1.648346788707891752e-01
2.442422793981301465e-01
1.900680585050723292e-01
2.960000431033198987e-01
3.974507358108368693e-02
-2.316684057712050659e-01
-3.699707638745980964e-01
-5.021440468074239716e-01
-2.468196973200301458e-01
-3.867955374234349208e-01
-1.021828098222986314e-01
-1.209234813021256572e-01
-2.977538891430706602e-01
-1.891122973809437890e-01
-1.412994127963116686e-01
1.224695381614715611e-01
-1.922575486100761288e-01
-4.964591629346350454e-01
-3.367658531323462490e-01
-2.412652298041746135e-01
-3.996219240486204582e-01
-4.383613148520916769e-01
-3.235695753316005230e-01
-1.280977034697230732e-01
1.711203523401920099e-02
9.806933949222952640e-02
1.110836574640510638e-01
3.957859604572045442e-01
3.131131315952817573e-01
-1.225552724651278735e-01
-1.092077776792808597e-01
4.425583536771299925e-02
-4.220927652976681765e-02
-1.545106058482620393e-01
-3.451381412363347945e-01
-6.550091376233060370e-01
-7.173987902203347033e-01
-8.460265185532974686e-01
-4.624221971901064099e-01
-2.838000480023924466e-01
-4.888189606509308338e-01
-1.113179222514382449e-01
-3.982686766415353685e-01
2.316257408920659178e-02
-2.827063668299711202e-02
-8.561511369648917846e-02
-2.145097606399144763e-01
-3.202195293730848435e-01
-1.062686936325049070e-01
-3.059268918737900189e-01
-2.673626036438167541e-01
-2.227347667030143696e-01
-1.571227011521089678e-01
2.515177299515926057e-01
1.066658309651086628e-01
-2.974510396934883505e-01
-2.515164397572314803e-01
-3.445606239452659869e-01
-9.804042978783039652e-02
-4.229611138223591249e-01
-2.013075032325854496e-01
2.975924164482633000e-02
-5.835763564148459537e-01
-2.196703045771651250e-02
-2.173319869677501626e-01
1.969764018641706818e-03
-2.274484468503351342e-01
-7.123152829617145354e-01
-9.200259478261541002e-01
-3.181139657208126303e-01
1.244922464933962553e-01
-1.696675379232897574e-01
-6.220081236312609008e-01
-5.872080721717092278e-01
-2.738364895856055248e-01
-4.593857549263202777e-01
-7.395048689675131071e-01
-1.010856226795824597e-01
3.498019062963411002e-02
-1.741054800006187897e-02
-3.094897723738033180e-01
-2.463773598975090018e-02
2.951884063160455790e-02
1.196414412351556704e-02
-1.615156645379460798e-01
-2.191558468750503252e-01
-1.775386790414970883e-01
-4.091948047140469003e-01
2.452287994066269100e-02
-5.365653527212278090e-02
-2.298398794862764050e-01
-2.380227442188062592e-01
-4.237180878122356331e-01
-9.498505334839406344e-02
-3.032063898788509015e-02
-7.592887765079434081e-02
-3.263444058687874072e-02
-1.060445040852898979e-01
-1.998200242895638301e-01
1.502579863898899082e-01
-1.356907442809059394e-01
-5.965440570030169920e-02
3.286630694625236049e-01
2.499128771296812712e-01
-2.733456600336210962e-01
-1.651184277305894343e-01
-2.534406151496079174e-01
-2.139149532104688348e-02
-3.440365844004377172e-01
-1.240153510826747379e-01
1.666786488893503559e-01
2.772298251673064318e-01
1.845036039245764314e-01
-1.586601843728869254e-01
-3.432718829927131760e-02
-1.092528843235335695e-01
-1.492259981139108516e-01
-1.431762922585960995e-01
1.491812600200410899e-01
2.448235627624747168e-01
7.376951077154160485e-02
-3.070462302507639962e-02
6.896011763235383729e-02
1.122536393107131068e-02
3.728001684620385059e-01
1.019050386005530967e-01
3.339548772766788853e-01
3.459336277551856575e-01
6.119802949796011582e-01
2.525008039575037944e-01
2.377881128726732629e-01
4.330131399560002148e-01
4.499698217842495462e-01
5.844666429687620512e-01
9.308421319287079054e-01
6.986447687269606854e-01
2.601516718888126078e-01
3.025051104131243895e-01
2.560868843179219256e-01
1.029422041725231857e-01
-1.983104301699049332e-01
6.521886847167329519e-03
9.601018790467054365e-02
2.673440491113007744e-01
5.537738821506260622e-01
7.764376622323451160e-01
6.899592461437272783e-01
6.696308687688959926e-01
7.705728743700708538e-02
-1.069620612556792250e-01
1.775926030917031329e-01
6.863312177830566130e-02
4.595515300126815084e-02
5.270534455018520692e-01
7.390858164415313458e-02
3.646079574806915247e-02
-1.543621079234651639e-01
-3.050886030658126469e-01
-2.440452416850031059e-01
2.823941053225978992e-01
-1.685361093831447277e-01
-3.975785887756843051e-01
2.464068669573522552e-01
1.472570479167596980e-01
1.810507944546006498e-01
4.318747753953779966e-01
1.496414167055144795e-01
4.545581854724884407e-01
6.186652782448820442e-01
8.055091207278594068e-01
8.795151954825108920e-01
1.015825335040842603e+00
4.661387819311987868e-01
2.126595034213866198e-01
8.750945332825984524e-01
6.599063696299245496e-01
3.946991620780094245e-01
2.673110938234394829e-01
2.961929417400337994e-01
9.843739510300536510e-02
1.509702436546839499e-01
6.165680592820965700e-01
7.218033015852547418e-01
4.221448500734377163e-01
3.539964042927886689e-01
3.253618068168503408e-01
6.157851862550365318e-01
5.330132380417094140e-01
4.301173791842428651e-01
4.452036552843524619e-01
7.412265501642651966e-01
4.268441613173556415e-01
4.822170722254730257e-02
4.290675450262130403e-02
1.604615923799320443e-01
-1.209012481652427390e-01
3.250968074828977095e-01
2.744606623621048125e-01
1.954863909002174105e-01
2.459491401292346613e-01
3.312697730014154684e-01
1.366166534193922200e-01
2.398823101046105577e-01
1.361184235550201294e-01
8.099457906112141892e-01
2.435025673704303284e-01
-1.162188850729538869e-01
-3.014988301386878899e-01
8.932899217581510539e-04
-2.464589610181583124e-01
-3.484029232713978796e-01
-2.784182973950343754e-01
3.855381237280507412e-01
1.795036012839178186e-01
-3.775172249521063228e-01
-3.167983093213862511e-01
-2.834281495261057326e-01
-8.057966169434979120e-01
-2.569844764760514932e-01
-5.708226306420600971e-02
-3.124495067513478053e-01
-1.128234062180548392e-01
1.286168301472170872e-01
-2.944836633599299813e-01
-3.297148951670398342e-01
-3.180758698145429442e-01
-4.861844972526426223e-01
-2.403851381971886247e-01
2.444147194015975355e-01
1.883129258569778142e-01
8.560109932512253994e-02
1.571306735250269648e-01
1.882931405578212036e-01
2.115201373426816855e-01
7.686665264532108188e-02
2.694852373622578234e-01
7.331470557893593476e-01
3.419985749551360810e-01
5.221283994275823792e-01
2.288767627408190217e-02
4.161834401117933679e-02
1.792693026347152441e-01
4.453775292259596341e-01
6.082476802852069264e-01
7.674876043787883795e-01
7.228548096826866720e-01
6.363030160978596639e-01
4.372966154826898877e-01
3.674458610579683926e-01
5.247425743864358311e-02
3.240349312633109685e-02
7.109887298029886338e-02
1.578040244716077400e-01
2.701871291716441692e-01
2.551807965844454240e-01
4.992163677381765141e-01
5.573214301968810735e-01
6.885900514597484978e-01
4.572939567665419980e-01
-1.331049722962450998e-01
-2.121277438897648665e-02
3.637241791274045122e-01
4.185477996734024431e-01
5.362937087583837803e-01
4.806019629123988168e-01
4.127758429331673806e-01
6.040844303440265906e-01
4.196824713519460848e-01
4.131824830989848096e-01
3.901346430279019617e-01
6.518095485899867425e-01
7.242455999016695900e-01
9.906992440018703716e-01
6.386187089584670629e-01
8.599319623543316693e-01
4.228629347962258311e-01
2.179546674160914577e-01
6.546086814645655227e-01
4.184688360540917973e-01
5.544436106984870216e-01
7.054334822981653819e-01
7.669058410752072064e-01
5.742690411677404683e-01
7.819458701934800526e-01
6.186248132667375721e-01
2.612637387844817249e-01
5.291951997013504272e-01
7.655785597964003264e-01
8.394421659551333237e-01
2.381953747800102383e-01
3.337567826499273083e-01
4.046616076868069789e-01
2.042690229451716299e-01
1.135534608718321431e-01
5.070120407528933004e-01
6.239216645562375430e-01
3.701636231077560790e-01
2.089417379566010091e-01
-1.294584278708957314e-01
-1.346120289054089925e-01
2.500208126832836331e-01
-1.697598085277555457e-01
9.181447560483692316e-02
2.032842908059140363e-01
1.264278887646760607e-01
2.651389027366019002e-01
-1.436600262947870243e-01
-2.215333867688299985e-01
-4.598994129565729949e-01
-3.153867891641082971e-02
3.510158552320921665e-01
-2.656336021592814803e-03
1.216367308721037210e-01
1.809139692047700421e-01
4.210508546271083952e-01
-1.459651094634493718e-01
-5.120449658424176126e-02
1.747151878718420925e-01
9.762159688750593478e-02
3.088729432650609286e-01
3.313755126622363045e-01
1.247035088779104572e-01
3.653758390757627216e-03
-3.796238248434636309e-01
-2.585970520270365336e-01
-3.469246952365751535e-01
-1.781751691738279741e-01
-3.861855130834335181e-02
-2.456890919305390886e-01
-2.627479916028288565e-01
-2.186739574313375789e-01
-8.696155175997254128e-02
1.389220712374126809e-01
8.526183618322495661e-02
-4.481438776090875820e-01
-5.313816670265549824e-01
-2.533749316538069229e-01
-2.650798641504704956e-02
-3.056519508850821798e-01
7.014890399839172896e-02
-4.458963472855263510e-01
-5.377965059676061976e-01
-9.722618839933290513e-02
2.104671708084378257e-01
3.654900645143835392e-01
8.553912327149229902e-03
3.582248107182439134e-01
-2.565113065517080071e-01
-1.196729025008452241e-01
-3.049373469093790145e-01
-2.918991583113456634e-01
-3.402851296589651242e-01
-7.926496378234625106e-02
-1.427602363691015952e-01
-2.191654929732695101e-01
-1.012526187405165118e-01
-2.025452511801871247e-01
-8.453967520201496194e-03
1.304279825176230534e-01
-3.522970807858180065e-01
-4.800777135272666363e-01
-7.511000364976780919e-01
-3.058673282613600386e-01
-3.307532247271313675e-01
-3.721530046327188868e-01
-3.778266630067796394e-01
1.770825167612364581e-01
2.842416188821565437e-01
-2.538196842528741559e-01
-6.452154673334302426e-02
-1.429022444440668504e-01
-3.539988096590429567e-01
9.410566805961678716e-02
2.345531969133195921e-02
2.194375629606648559e-01
-1.958512227763298530e-01
-2.990854121789239539e-02
3.000592823239503493e-02
-4.182146115331841774e-01
-3.324611741633219375e-01
-5.080077255571708861e-01
-2.827733322802778448e-01
-2.669483754190719038e-01
-3.971198714421215192e-01
6.966306013791695451e-02
-1.086979324725187157e-01
-4.038443496380360598e-01
-4.228083293102868345e-01
-4.199654836501975352e-01
-9.390247397170559118e-01
-5.760303212315820431e-01
-1.037345184730215308e+00
-4.996477139765825859e-01
-3.473220652071696279e-01
-3.065857808663550732e-01
-6.783745496808094577e-01
-3.427392287720703590e-01
-1.967011367589719395e-01
-2.849019928861731832e-01
7.570329953009988233e-02
-5.239249258018573441e-01
-6.131076981272379767e-01
-5.235523566219612013e-01
-3.560076951643147969e-01
-7.208052341030671828e-01
-5.505834387480350589e-01
-5.115834736870821242e-01
-1.783656704969172890e-01
-2.026084201876342250e-01
7.388934519911821708e-02
-3.959459617512432472e-01
-5.899621933310555955e-01
-3.864719899339827403e-01
-3.533346159444000767e-01
-2.406885846268968232e-01
-4.503548117668413342e-01
-2.311597981751681297e-02
2.931200200711607251e-01
4.607028842388668499e-01
-5.512980248669543948e-02
-2.145364450174108428e-01
1.435033001429884270e-01
3.791271852213417420e-02
8.096006843372760553e-02
-1.393885285662762596e-01
-1.795964877552890249e-01
-3.800204353571827731e-01
-4.523872815291788974e-01
-2.885697655889823410e-01
8.608610930767331137e-02
-2.233992184867260034e-01
-3.068247054006570385e-01
-7.420112055716021615e-03
-2.284811191922250795e-01
1.137829662393343294e-01
-4.063177770022337043e-01
-5.380780722254994153e-01
-1.486661737527809335e-01
-6.986320103155065908e-01
-1.306207216637753632e-01
4.917950436505824467e-03
-2.164038342271292492e-01
1.628507065336168569e-01
-3.986907007245869133e-02
-2.933085458323318462e-01
-2.386542234479304414e-01
4.993400954058745816e-02
-3.803662702235725557e-01
-5.280896456928453331e-01
-6.326895289865158700e-01
-6.456929276412921581e-01
1.923388105020025773e-01
1.814124875627251832e-01
-5.324860670157870179e-02
1.557026138083962008e-01
-1.596268902795421885e-01
7.791589493569388292e-02
2.430865644454351382e-01
4.862230836801116896e-01
1.753403731425480783e-01
2.754293502658267112e-01
1.717709057409662621e-01
3.911383139199250958e-01
5.448870706827264598e-01
3.583710191571403691e-01
4.554090622023176382e-01
3.781420494288062484e-01
8.403535021043300191e-01
5.726867623509301897e-01
9.836737862637272567e-01
9.030068791809267026e-01
9.611594230302579200e-01
7.443929940302205228e-01
7.232930312468653922e-01
7.065518524177114568e-01
5.873241058066259734e-01
6.067941775467028398e-01
6.521085626170824989e-01
3.959293118677344459e-01
4.007315429297201304e-01
3.617669775241199592e-01
-3.256217035181983577e-01
1.890073890871849793e-01
-4.592598065241015881e-01
-2.999614092882099126e-01
-1.408204081341686564e-01
-2.399854191904524925e-01
-4.753424110465749863e-01
-3.515846281925982253e-01
-1.847349948706378531e-01
-2.563151938005584288e-02
-2.565579678955679649e-02
-2.646468316837544132e-01
-5.889014378410688533e-01
-6.504001733317152922e-01
-2.602975438167190458e-01
-4.016300234689466064e-01
-9.887468331510297637e-02
4.101175134916135723e-01
2.894091879467803330e-01
-2.257627579141881780e-01
-2.255120127721340073e-01
-1.890054596404019682e-01
-9.667306534143466079e-02
2.346269556624696814e-02
1.105402722961110334e-01
1.663068518535998630e-01
-1.732123413851028582e-01
-2.803491805303445772e-01
-8.807034307088877634e-02
-1.317697392185758487e-01
-2.331949471573144250e-01
-3.473190570382495568e-01
-2.576704398907080362e-01
-1.160680237376565671e-01
-4.569418568632671596e-02
-3.790543499787865644e-01
-1.902461047043181308e-01
2.174117309992354072e-02
-2.216387621156038767e-01
-2.152282686337755602e-01
1.200358692122958926e-01
-1.038706838035575730e-01
1.858861857585222266e-01
-1.080907074013250507e-01
-3.219092003715768868e-01
-4.751042627131742135e-02
-3.816018319395488301e-01
-1.493397380353742587e-01
-2.514583341279893469e-01
-3.180456043598869353e-01
-1.657150425133558369e-01
9.513406801744211938e-02
-2.845709297970027141e-01
-3.206438180600081345e-01
-3.096912577151521018e-01
-2.406903011752797861e-01
-2.467313242882267221e-01
2.259454763084529638e-01
-8.024518398851832046e-02
-4.115106470271357453e-01
-2.092543368000089263e-02
-6.312313115781080855e-03
-3.393749189879505246e-01
-4.627479295335666931e-01
1.029937364828681645e-01
-3.484126209905116095e-02
-2.398688304769806545e-01
-5.193896915607606468e-01
-5.338174188254450891e-01
-9.346254474376294308e-01
-3.914992074446311254e-01
-5.346171273580200278e-01
-3.237420525802724436e-01
-2.690329103136024358e-01
-4.862232875565029588e-01
-5.799398964767057407e-01
-1.806119265298549714e-01
-1.372940830282987253e-02
-3.741230916094593906e-01
-5.047133002678420022e-01
-4.903430739011928330e-02
-9.428120829049310703e-02
-6.893412459385629409e-01
-5.022860058708633613e-01
-1.514994908256040995e-01
9.626967773330380451e-02
-9.408210893686737297e-02
8.322590935362535192e-02
7.543335454912947213e-02
2.114485887973137357e-01
-1.576111604086298246e-01
-3.549036104591223872e-01
-2.800223662179314732e-01
-1.125747456488411513e-01
-2.811962978544064184e-01
8.064270645096471152e-03
-4.331287026567152698e-01
-4.339301238999199173e-01
-8.450361949994287247e-01
-5.827178746448275631e-02
5.391453476260851113e-02
-4.248440665806074018e-02
-1.130472777525542462e-02
-5.367652879044064740e-01
-3.580648426238337567e-01
-4.592861003259351982e-01
-3.054449395222906816e-01
-3.861102439575408996e-01
-2.733171992094355907e-01
-4.878249341622373225e-01
-3.421260688134249439e-01
-3.030997333046553943e-01
-4.871391386350106822e-01
-2.620952641316086074e-01
-1.335680479569772150e-01
-8.235744070816101159e-01
-7.539389735738202258e-01
-3.004435869729241704e-01
-4.534561975438639037e-01
-5.233604720783643360e-01
-8.552244733920224551e-01
-5.797215691812394045e-01
-4.948858017455861624e-01
-6.304366754538797135e-01
-3.768988910864767283e-01
-6.684815278863702748e-01
-5.807511871606598763e-01
-7.332508122747452006e-01
-1.059696345816256269e+00
-5.149285485259560424e-01
-4.071823157687121664e-01
-3.916687865542629599e-01
-4.717757930934256549e-01
-2.464326721471232773e-01
-9.284593516489607345e-02
-1.652917032348318604e-01
-3.003523562602614105e-01
-2.591830090494958161e-01
-6.054440487683844518e-02
-8.094898453391560778e-02
-6.429325151488445300e-01
-5.342971561929664714e-01
-6.625183390020441543e-01
-6.120420209725262461e-01
-6.576047978443883002e-01
-9.274336873030033512e-01
-6.679841837295817930e-01
-5.305469219142694426e-01
-9.373142233414951674e-01
-3.317855790604306021e-01
-2.483941855822010825e-01
-4.590704567156477789e-01
-2.172174751949977334e-01
-4.310299813929182600e-01
-6.597399089929523175e-01
-1.019588455071676725e+00
-5.865623952387357676e-01
-9.641547998238416683e-01
-7.557189028058317604e-01
-5.708223255997787460e-01
-3.733732457185165443e-01
-5.614217133745398325e-01
-7.104201056910178780e-01
-6.769979041825556765e-01
-2.959297432213180423e-01
-6.554074436889187893e-01
-8.571106422917358358e-01
-9.720108061680002853e-01
-7.958411090286690026e-01
-5.339954052575810461e-01
-6.591284999969310165e-01
-7.037019562329931421e-01
-2.449512295592060629e-01
-3.353127940257377704e-01
-5.226173427688682871e-01
-8.245618260053002579e-01
-1.078902611339834783e+00
-1.277624533605662860e+00
-1.231146553082635320e+00
-8.901992944039726074e-01
-6.609715892529022252e-01
-5.478241844272268013e-01
-5.574654234353010329e-01
-2.252877576051167952e-01
-3.464844149651740701e-01
-3.633968870323737721e-01
-2.600372587164772598e-01
-2.159416395302254585e-02
-3.922100687078801662e-01
-2.960068721802749381e-01
-3.662080402015636341e-03
-2.525126011903657819e-01
-6.995137772885342553e-01
-2.839605117271337131e-01
-4.667938734022438196e-01
-4.707526657006092519e-01
-1.516135531767083267e-01
-2.597206191082362392e-01
-4.136671479049033873e-01
-4.176326980808025557e-01
5.281212684379246736e-02
1.772652478590520594e-02
7.059557967881217172e-03
1.300038214564704364e-01
2.052437663744833274e-01
4.665278497018556791e-01
1.243091806927685075e-02
3.915623981658765580e-03
-2.852322338567286342e-01
-2.028061750157511001e-01
4.563940020537425868e-01
2.848809143197432170e-01
6.043733343486173276e-02
-9.097941761948942496e-02
-4.500866209448882715e-01
-2.339534739710841527e-01
-2.431180861889213063e-01
-4.306056323004717190e-01
-7.823644144739798634e-01
-4.442274426309953950e-01
-4.125252749132994889e-01
-2.033031767331580086e-01
-6.283866520362989538e-01
-5.073941367151900694e-01
-3.572365553568787599e-01
-3.527901935170320025e-01
-5.241257307280828837e-01
-3.946243127653011329e-01
-1.095927849181634745e-01
-3.545848419994677703e-01
-5.760581489683389567e-01
-3.050129747306724592e-01
-1.009622187841008462e-01
-2.120830276361451439e-01
-4.157772679156994111e-01
-5.135795588193946548e-01
-2.747646229476109481e-01
-1.979550378953765788e-01
-5.207230508439608663e-01
-3.822905016622537011e-01
-4.630773111229997685e-01
-3.323835353701831141e-01
-1.442412779696021496e-02
1.464566859174554758e-01
-4.306411238940528047e-02
6.900797361656013651e-02
6.766600241000342297e-02
-1.334581904656379492e-01
-1.082146668776289844e-01
1.679905627045985839e-01
-6.926442349843627000e-02
-3.841956454503779872e-01
5.191913876878660739e-02
-2.301755227184115182e-01
-1.503317614403447133e-01
-7.205813764797464049e-01
-1.202508095087322371e-01
-2.821626114380206274e-01
1.143343263483614231e-01
2.729561738495328016e-01
5.383906549002762804e-02
-4.572960395300735420e-02
-2.880149624793417740e-01
-3.978270207786090834e-02
8.471614771320688797e-02
-1.448165421761180016e-01
8.092584956766063486e-02
-4.768332696470665988e-02
3.787055844219112122e-01
4.306731251400507943e-01
9.730867161028451673e-02
-4.597980644488215696e-02
2.454226108166866482e-01
3.853749769121806446e-01
4.183361311741756738e-01
3.869175198492547096e-01
2.037522301084393750e-01
-6.709726779373274830e-02
-5.738854613107043923e-01
-2.286882074583887481e-01
1.433170509820685667e-01
-1.639848673044367600e-01
-3.122260347397732769e-02
-1.214311198517951940e-02
5.520735414322724965e-01
-1.497170875169152038e-01
2.537992460536963452e-02
-2.613864994565016087e-01
1.836829083088470649e-01
3.483662284723493263e-01
3.857795156550790083e-01
-5.003423040609151357e-02
-1.876234493623903099e-01
2.632048608976589321e-03
-4.393317826091357181e-02
2.214565857731355947e-01
4.624784355237624434e-01
5.836645045817902000e-01
6.888892721261219432e-01
6.989784278564206144e-01
2.861059900380661380e-01
5.046756580833393624e-01
2.009992413529874400e-01
7.485640126342747724e-02
9.216088975817508799e-02
-2.442964613776682781e-01
-2.540432044206668016e-01
7.642055923930141104e-02
1.853555965535935712e-01
1.461980205195742011e-01
-2.604965138918645673e-01
-4.076086538325219832e-01
-6.073576741245124699e-01
4.228818522339844455e-02
5.702105430921232676e-01
2.313615444394314102e-01
7.910622618296757336e-02
2.448980600643735905e-01
8.389427044047683690e-01
2.506712688649824772e-01
-4.582855326115337774e-02
-4.098013853707773713e-01
-1.898740918678747808e-02
-1.235517195545727948e-01
-2.527171290453354424e-01
1.853752350464247427e-03
1.689137520260605707e-01
1.767825115456290452e-01
1.792710368651491970e-01
3.396984885824287925e-01
3.194354174441771943e-01
4.592859419790555897e-01
6.812328799028577464e-01
2.230575829740941152e-01
6.866714338748959312e-01
6.348100368115869863e-01
2.313781114479213363e-01
2.732085776048477355e-01
1.017488053643553353e-01
3.987542203664189988e-01
-1.689866316821254100e-01
-2.260445782511480775e-02
-7.038756546120371327e-02
-2.464047579982120151e-01
1.883636468301985445e-01
-9.157775685532525134e-02
-1.261185512673109466e-01
-3.004881527883397352e-01
-2.290203892306426625e-01
2.164134305343736464e-01
-7.944571308058188952e-02
1.706075813456568169e-01
1.095897034541906540e-01
3.669545114373999606e-02
4.538103101617041446e-01
1.939515218626982340e-01
1.348547040025341037e-01
3.285423274913185088e-01
1.425662030988733009e-01
8.616923454614992817e-02
1.552887637349641137e-01
2.815948519822761842e-01
4.561254223927382889e-02
2.845623148317859008e-01
5.411946873464643648e-01
2.482225901315376904e-01
8.208133462411933146e-02
-3.008906140562225273e-01
-3.901381517894229600e-01
1.460768109903262946e-01
1.495410140609639005e-01
3.686960073235971413e-01
1.787027227546923447e-01
1.699771740899497230e-01
1.871730185887392761e-01
5.077735321655919565e-01
8.218998653686100386e-01
6.881413122295803042e-01
3.978091263212112927e-01
6.691036469823251620e-01
3.379393450547400479e-01
3.444982915049028538e-01
3.417346291574174105e-02
2.193715162604321922e-01
2.086862062137628815e-01
-3.244274931423150096e-03
4.264269568740057248e-01
3.710822010873368049e-01
3.831977387828392478e-01
-3.142103564333735381e-03
1.932017916873451924e-01
3.565942070033046307e-01
-1.641464156482201897e-01
-2.845473743028786306e-01
-6.345379210806946502e-02
-4.353101977344170370e-01
-3.792902088108279779e-01
-3.231617187898027099e-01
-2.290671983259308375e-01
-3.964827900733793042e-02
2.913117860172579898e-01
1.666017221167061246e-01
3.362298809972630864e-01
2.801379233115781631e-01
5.554750469056956019e-01
5.317147081363545608e-03
-8.271275060938926282e-02
-1.769027342000197012e-01
2.286903249340569225e-02
2.032311275416606444e-01
9.451748590695910335e-02
-2.055882404851480938e-01
-2.687085160604295031e-01
-2.795291441835642265e-01
-3.506899884031087766e-01
-1.295789698958441927e-01
-4.508827776870941162e-01
-5.158212411533060759e-01
-4.488175378285684247e-01
-3.772874035831789152e-01
-2.350213330734001460e-01
-2.968456427227444266e-02
1.765225891540066483e-01
-1.811923273267590784e-01
1.471638501755894723e-01
9.306195446576959185e-02
-2.817732970707259588e-01
-6.278228181449534151e-02
-4.598660079098365605e-01
-4.014254524775611177e-01
-2.880723907887007829e-01
-2.288800962819977913e-01
-1.351586543957620512e-01
-1.956545225613735284e-01
-3.953071143583740121e-01
-3.912993798518902833e-01
-5.479306131779208000e-01
-5.981668118347179819e-01
-4.058650183393815447e-01
8.681076208364026103e-02
-3.620207556331370147e-02
-8.059872612560849969e-01
-9.722215995294204438e-01
-5.428919321413394616e-01
-7.060757693174751770e-01
-9.727815087177845710e-01
-1.290939338349018417e+00
-7.247683234103593497e-01
-7.742063914643819711e-01
-6.259956975335977392e-01
-6.960472977036231690e-01
-4.358508774460145840e-01
-5.036450387453845767e-01
-4.160068348583614850e-01
-3.741457322023683529e-01
-3.521739914247578040e-01
-4.678501541038853073e-01
-4.891729194476644449e-01
3.103169429201059829e-02
-2.057510447976253765e-01
-1.563275463378677455e-01
7.409969431119460548e-02
-7.614269383310205697e-02
-7.825967386564240680e-02
-7.734160932789727050e-02
-2.472714914235381312e-01
-9.343700684963641978e-02
2.039691439292987130e-01
4.427495952899550002e-01
2.455510610518955306e-01
-1.835084262775930619e-01
7.210254592136147722e-02
3.474506406455882268e-02
2.501030888020334686e-01
5.911298907613389553e-02
-3.014319990649338421e-01
-1.673599071929017523e-01
-2.246289189581189005e-01
3.161043321174219489e-01
5.141414022868019684e-02
1.199529343043951035e-01
1.594297983867762683e-02
-3.189460509589973902e-02
2.169339792700496206e-01
1.460857989020971914e-01
-2.369711611142162611e-01
8.384850527634127304e-02
3.166095239198374323e-01
6.323284951296568313e-01
3.061005576984809351e-01
3.962126053889536426e-01
5.710298112472061982e-01
1.668871216747630504e-01
-2.079082781219976361e-02
-5.173147382875700750e-02
4.990569508230861817e-02
4.350655197187190959e-01
5.887228411920897297e-01
4.594272619522644652e-01
3.797168690052249995e-01
3.197254096064242046e-01
5.135681023713293495e-04
1.451530214380037931e-01
-8.497595662649670700e-02
2.059244607133603813e-02
6.401941602211283500e-02
2.990559453810164858e-01
6.541859666938778517e-01
3.325443938604625838e-01
7.068415575903350678e-01
5.893102056712063996e-01
3.415129412660787844e-01
2.647029647730017587e-02
2.204083718629850364e-01
2.983299860473533904e-01
5.101497481322565530e-01
4.876367734904346052e-01
7.069323626865028354e-01
2.337975123219552254e-01
6.633367624094479442e-01
5.941778977256788608e-01
3.591210135642479151e-01
3.127118147050854668e-01
4.742460802339354964e-01
1.930610539466763864e-01
2.904026597423702283e-01
-1.271209758986644178e-01
1.012676415720287909e-01
-1.329249554240079789e-01
1.802071732185237529e-01
2.713238245055449860e-01
2.157790172550801688e-01
4.651162782187990841e-01
1.387059308597994589e-01
7.549063312636632161e-02
1.595374849877606027e-01
-1.921860529195540124e-01
2.399618128251549132e-01
4.167701734217513776e-01
-1.294603477401675418e-01
-6.718632541249185131e-02
1.678932181525519540e-01
-1.823909157088599298e-01
-5.718129540328865945e-02
7.658541613699845763e-02
1.729101196648840377e-01
-5.537455455235103935e-02
1.859335318271227999e-01
4.421469521179683393e-01
2.596853144382127998e-01
9.442514877474276341e-03
5.302794327783456607e-01
3.837739523022737909e-01
1.443204651546646788e-01
2.364486284097791768e-01
6.352982914844661211e-02
1.422874427432489486e-01
2.404506236865309732e-01
1.536452643119498307e-01
-1.363118770040444849e-01
6.187153527688554061e-02
1.336346687888489981e-01
4.363356923004680921e-01
8.527515887763728597e-02
-2.797541900795637582e-01
2.618334129575820013e-01
4.386031704917638385e-01
5.201697316775475421e-01
6.071245703007452921e-01
7.536361019027341124e-01
1.986519650040735330e-01
4.687713517279336051e-01
4.610682597978293384e-01
4.202850382239414206e-01
4.298389821639254649e-01
5.254296309885625460e-01
2.708305320822450013e-01
2.370511725762067257e-02
1.669241972077338890e-02
-2.072765853388626733e-01
-4.325584628382884711e-01
-1.112814446310861904e-01
9.127869707727288839e-02
1.273923167741000395e-01
2.477334476747293790e-01
2.587346105152675269e-01
5.504127836735144275e-01
4.112572555698322252e-01
3.927247825744763499e-01
4.021098335215020914e-01
5.226592859971392890e-01
5.305978884482803748e-01
1.739015887716732767e-01
6.268358433276066677e-01
2.225811493253998796e-01
1.050527410365318243e-01
1.300700214064183791e-01
1.682978422955290834e-02
-2.837394254020110182e-02
7.215456044676938907e-01
6.273194068350516073e-01
3.267648910260197437e-01
5.013399051500673220e-01
9.816063538749611461e-02
6.070579795477979435e-01
3.785314875721745853e-01
5.377857595743950059e-01
6.345056549684966463e-01
6.637567967433342098e-01
6.666268973785414165e-01
5.648108447548598754e-01
8.310178106023601297e-01
9.443031909841874683e-01
8.966318776516607469e-01
8.175550201947058282e-01
5.607896376496790403e-01
6.711474275418114477e-01
6.711121011802433367e-01
2.189041995229849824e-01
3.883270910844820456e-01
4.022917865453330410e-01
2.082945429963123374e-01
3.200611085554712631e-01
3.738043635416904431e-01
8.294407494466772279e-01
1.086316894425724211e+00
8.848245732190279655e-01
4.940485308586513025e-01
1.964417454399472740e-01
5.578715225968838842e-01
6.702601974865755041e-01
2.110678508525981878e-01
-3.258421388248788353e-01
-3.483680344850937360e-01
-5.495914142165757993e-02
-1.218823621870408942e-02
-3.443437158318923275e-01
-4.019041803651200451e-01
-7.490629242767109230e-02
-4.328425988023011373e-01
-4.015463084977238806e-01
2.133586688952898158e-01
2.331048243212615056e-01
1.585250775741207374e-01
4.271754453774883609e-01
3.960258278314791880e-02
2.049337165003607686e-01
1.389870948790052907e-01
1.482040953387213644e-01
-2.483345980373453110e-01
-4.975156539792376792e-02
7.550721103884017182e-01
1.445674152690194503e-01
1.784579769686448214e-01
6.094288030139130563e-02
1.449642142867936523e-01
4.142742663964133487e-01
2.293794725106529375e-01
3.738135407692506629e-01
1.480634626123905617e-01
-9.955362072211214330e-02
-3.433381196664714863e-01
-1.682457255517787464e-01
-6.729464490596247517e-01
-7.620336559843946533e-01
-4.731575629613642420e-01
-8.377233718378861438e-01
-8.528812003870762937e-02
-5.706168104674081976e-01
-5.000312805752320511e-01
-7.148669678421181173e-01
5.049971634265975999e-03
-3.516889774351045772e-01
-7.891620043343747226e-02
-3.865251272835036334e-01
2.000046195654514580e-01
-1.808378389557872001e-01
-1.525569695268366166e-01
-3.021831607370846773e-01
-1.736981094166426542e-01
1.836854793488534310e-01
9.231651577406498055e-02
1.108272004823332435e-01
1.251846207501765007e-01
2.227253379134651878e-01
2.841599087712567973e-01
3.388720562170641770e-01
-3.317788685598609816e-02
4.886552804235515524e-01
4.173639304988223109e-01
5.853292121894637656e-01
6.308387983381955610e-01
8.004421263753659366e-01
7.076705332551629368e-01
5.181900962996363047e-01
3.033246796543851986e-01
3.373790166516296152e-01
1.734621676330898310e-01
2.266833329967886945e-01
1.845721240076691472e-01
4.260820304934018754e-01
6.052862523855554455e-01
6.599180506062548579e-01
2.864868256175911315e-02
-1.783930251744433593e-01
-2.207487945493079307e-01
1.856901145535769238e-01
2.084524062625860708e-01
3.753458183126304193e-01
4.013818729588995438e-01
-1.974887064623220001e-01
1.841724248570903166e-01
6.699074676045523036e-02
-5.419144687017271034e-01
-4.422652312062162472e-01
-2.397646734156714254e-01
-1.004387169420535297e-01
5.551009394914000472e-01
2.911837775258145355e-01
1.455285135389632889e-01
8.704906416662767932e-02
1.230177791412832150e-02
-1.686203649602125917e-02
-2.246004161446001346e-01
-2.414869967438675602e-01
4.137899179410563927e-02
3.242018670444737349e-01
3.797673999824123237e-01
2.810237647584787335e-01
-2.201401688087643860e-01
1.137992031422332267e-01
-1.363187858039164868e-01
2.843813528931148360e-01
3.958800061982885587e-01
-2.650187149294799815e-01
2.307718775333511274e-01
-1.013838316911775811e-01
-8.181488197118914896e-02
4.717931860765193358e-02
-1.382853115114558995e-01
-2.489084186935448528e-01
-2.910821377761195206e-01
-5.533193853143823782e-02
5.452947607526430207e-02
1.781335392302079712e-01
-1.137640399967610426e-02
1.269991682667329091e-02
-2.255989682236146376e-01
2.104797975480720562e-01
1.624609813109847978e-01
-8.665888179756128795e-02
3.805866125216981338e-02
-1.272969702018119098e-01
-2.649607818910791890e-01
1.958402367524421650e-01
-2.686541395674743038e-01
-2.830898896910922780e-01
-8.166198184085818323e-02
-4.619964590425785222e-01
-4.855063264649366328e-01
-4.009805192849565381e-01
-4.322375324771252636e-01
-3.151395904647721347e-01
-1.167813918947688961e-01
-1.725744517627773589e-01
-3.321783029284427480e-01
-1.929763119640821312e-01
-6.410674005154347599e-01
3.919454108702000866e-02
2.211810310852139194e-01
-3.433617876929987989e-01
-6.109323718374135570e-01
-2.078370588237818672e-01
-8.303454140672113237e-02
-2.240555385164972810e-03
-3.643732443219783318e-02
-4.206218636934099808e-01
-7.295218958446331170e-01
-3.734238833704694449e-01
-4.568528807336328934e-01
-5.263075715838861912e-01
-6.101529346511400664e-01
-5.486267941723247388e-01
-5.702203819748962177e-01
-3.034837908748600488e-01
-3.988972291299930917e-01
-4.950592009073476740e-01
-8.550875646440653233e-02
-2.316665752529227240e-01
2.642395560114897957e-01
5.347849596296369024e-01
3.702778749053755591e-01
4.402953026113221591e-01
4.649583294610296624e-01
1.793832574307790695e-01
5.569691748771120610e-01
2.400139039359083515e-01
-1.596099775299341106e-01
-1.558798811819509522e-01
-2.248606454106809871e-01
3.429879970272415451e-02
1.984836712191397345e-01
5.437435671262547121e-01
2.743390412966265623e-01
5.028583977139087224e-01
5.473302043786715254e-01
9.608205647669781913e-02
1.615502545185621697e-01
2.636962970564504793e-01
2.188504075359710976e-01
-5.675936395750236924e-02
-2.130293205244062349e-01
-4.878041764967225302e-01
-8.420284147885459536e-02
7.513787508735993159e-02
-9.877316641308785117e-02
1.052472525358758987e-01
2.346287480155065663e-01
3.610155795773578591e-01
8.661179178882193186e-02
1.029343802477082626e-01
-3.579345716288477586e-02
-1.252750779985496721e-01
-7.347960840198933252e-02
-5.933299665612940671e-02
1.621012454201553044e-01
1.608377619899370170e-01
3.018168178500917342e-01
1.778526310680207112e-01
-3.808132344120831320e-02
1.572888337340589693e-01
-1.471959815987529396e-01
-3.172706694293077334e-02
-8.242105240605006322e-02
-7.192614920684735347e-02
-3.660304046062980848e-02
-4.335519376736571284e-01
-3.154342506273373758e-01
-1.757667220102752947e-01
-2.642348572228024883e-01
-2.545516206207737997e-01
-7.279646256914573677e-02
-4.885961338335965687e-01
-9.804735642586104305e-02
-1.248933651761096747e-01
5.159384651462670807e-02
-7.349030264138350921e-02
-6.051428974336877653e-01
-3.313861081807333853e-01
-6.315189850768429536e-02
-1.091782550099418131e-01
-9.489240475065983949e-02
-3.869340570706033544e-01
-5.431253761106926703e-01
-9.742804595026227643e-01
-6.281606365671134062e-01
-7.001385480516748583e-01
-9.469321296694084289e-01
-9.346930015698378114e-01
-6.577637581133458644e-01
-6.270340284524869023e-01
-6.041473688538253617e-01
-1.660043251103925921e-01
-4.718791766735508375e-01
-2.137602358038733497e-01
-1.872734930386740493e-01
1.216038072387091856e-01
-3.954003645547582990e-01
9.242946578258406931e-02
-1.326992694836340025e-01
-4.069021226025828358e-02
-2.643690313773376932e-01
-1.938345108759937097e-01
-4.795953307407404415e-02
-1.561906140583928237e-01
1.241945299806794349e-02
4.626664299454122942e-01
2.254847178620829617e-01
7.522831803521341787e-02
9.453760704490866973e-02
-9.360766866827152644e-02
-1.401160797044853079e-01
-3.607603375453494188e-01
-4.494740515779439005e-01
7.869008985482128793e-02
1.477164995936749992e-01
-3.828194188110102536e-02
5.783535169369054957e-02
2.823616818764710934e-01
2.613101960175391869e-01
-5.425471001347631494e-02
3.223437297448609740e-01
7.161028196941124913e-01
7.505573181343675460e-01
6.185917855074766214e-01
4.122525721555545530e-01
6.105216259680559254e-01
4.884629024173207101e-01
1.916013902409364478e-01
1.434883982063762109e-01
2.321042189521066168e-01
2.997548002687608348e-01
1.182970633531808119e-01
-1.134903197532545482e-01
1.033872672496082001e-01
2.522022627121352500e-01
2.240168099737146756e-01
-5.468347319214961894e-02
9.256531848277520236e-02
-8.503858481777315514e-02
1.262267443214998563e-01
1.396427087709734560e-01
1.028729012091942618e-01
8.206554145037679715e-02
5.447995412537930821e-02
-4.258270325718017668e-01
-1.264813875497274587e-01
-1.347496780751502622e-02
1.518967704890001325e-01
1.468681305224762979e-01
6.465294177960577426e-02
1.269924293330565723e-01
-7.516649816747587864e-02
-1.317855796517801714e-01
-4.701628876343225648e-03
1.881941904298577994e-01
6.957002820057373894e-03
2.746536479443083545e-01
3.707588458283967991e-01
2.482161915585504863e-01
3.614546056870849428e-02
1.622634897731974057e-01
5.659924164623802989e-01
-7.388904383235896101e-02
2.954162421555989737e-01
3.851018643980875789e-01
1.732273811243705830e-01
1.307742633623542594e-01
3.273350593461002433e-01
2.282221123680851504e-01
-1.315545394113192545e-01
-2.771682440691913829e-01
1.546103187903801746e-01
2.306092841263148729e-01
1.963709136158974244e-01
2.090731366792111523e-01
6.687512808771232942e-02
5.852621567811384928e-02
-4.178182580120717859e-02
-3.268278854101404063e-01
-5.580557135641283084e-01
-4.069608900002017471e-01
4.153409082258700119e-02
-3.030759341685619959e-02
1.439188528116765453e-01
-1.870658965264406226e-01
-1.049490174208813076e-01
1.300291072457127328e-01
4.965377928608466496e-02
-4.606035997574906005e-01
-2.219906579437325722e-01
-9.796117470071659394e-02
1.304714159360610415e-01
1.823170582661035877e-01
1.340223580246236168e-01
1.939933441829088112e-01
4.099046424388974041e-01
2.290062998347574541e-01
1.089459475137523614e-01
8.943989349779438158e-02
-7.853734107229502423e-03
1.151494945955189864e-01
-1.126194240970132127e-01
1.769350722037544843e-01
-2.618043893817016965e-01
2.817474534946601272e-02
-8.833275444290412948e-02
2.899355866796798908e-01
1.749238936646854148e-01
2.274372609351360819e-01
2.472080202263483018e-01
-3.087784217155103896e-03
5.355837825513731602e-03
2.251292099934159852e-01
-3.983789522273981087e-02
4.247933244517488882e-01
5.665905193363753867e-01
2.166320203922693088e-01
-5.138844151138619032e-02
-1.060974285828238522e-01
2.518809030633394341e-01
4.728315269748973870e-01
-6.414279525752987487e-02
-2.236464151235654715e-02
1.429095831729006727e-01
9.475750607758709476e-02
2.189101449315565551e-01
2.183403116558465529e-01
5.907224772236237265e-02
1.209604012109270071e-01
2.444429573839497494e-01
9.718311216262996710e-02
-2.038725697088367983e-01
-1.273324815095996654e-01
-2.320010543567904704e-01
-1.208794280893676493e-01
-3.716308086610330824e-02
1.579339046091268461e-01
1.632248500507881353e-02
1.308704494888436043e-01
2.782053418548413037e-01
2.189877464504007276e-01
5.255159431100904222e-01
1.739455631815042536e-01
-2.487773402115103782e-01
-1.771678762201472634e-01
-1.309294344546143019e-01
-6.397809599706740791e-01
-1.310913867264654198e-01
-3.871677607944252197e-01
3.768660703325815708e-01
3.978619548277374518e-01
1.803879816178844409e-01
1.713071668278675075e-01
1.820108042218163136e-01
2.633222088239277059e-01
-4.505509686621370080e-02
3.040872228254443699e-01
-1.616438011000367048e-01
1.307234327747156810e-01
-5.314397795707909503e-03
-1.243124337708056623e-02
-1.529758740111314581e-02
-9.886502892224563466e-02
-1.000860331782692791e-01
6.513973585475768546e-02
-1.074148231236053408e-01
-3.057637238219042541e-01
2.174353928918310308e-01
-5.055521596792079686e-01
-3.769373522095795237e-01
-1.955535845405724227e-01
-3.494860941068598792e-01
-4.984660060049634911e-01
-3.094684522615760991e-01
-4.759108610270073592e-01
-4.592575482226763373e-01
-3.571391604703985090e-01
-1.507869241744114464e-01
-1.475218251712331619e-01
-7.753993435101661502e-01
-7.590844911845849863e-01
-3.716895084116714765e-01
-3.842897977516645525e-01
-5.793805146204528134e-01
-3.516909964506702013e-01
-4.388289718812826701e-01
-3.391534007152691710e-01
-4.988409650433393849e-02
-4.595046465663887858e-01
-1.756592224656687920e-02
-2.415511906731255265e-01
-4.820395598687272076e-01
-9.269775984274768177e-02
-1.410811989061936944e-01
-3.071871725332028236e-01
-7.741771339951072917e-02
-1.072132309895031110e-01
5.139744083831214450e-02
-5.264703271821974395e-01
-7.857696163796733524e-01
-4.312458429968470397e-01
-5.287395403504990821e-01
-8.974884150767134527e-02
-5.723735128206850487e-01
-4.236739743897331434e-01
-4.250840145959089433e-01
-3.015708195835204997e-01
-7.190737255995452437e-02
-1.589655434783049937e-01
8.769142467079867054e-02
1.241904916896834354e-01
-1.103101166540323974e-01
-8.862989493201568758e-02
3.382552976289441432e-02
-3.793148332670849276e-01
-2.763223977036703416e-01
-2.272854383209731710e-01
3.703809790600168794e-01
1.823490998139123409e-01
-3.398768371411277078e-01
8.410379815844797047e-02
4.961306520526934799e-02
-1.894448576512519633e-01
-1.447854843825859827e-01
1.220832445168549829e-01
-2.432468161080348912e-01
-6.104217486087095690e-01
-7.321195270141365175e-01
-4.247443764732646287e-01
-2.687640981059964962e-01
5.131173835136247641e-02
2.482170644134374937e-01
-1.143903642575544166e-01
-6.673021393880121388e-02
-4.417876759902224504e-01
-1.962142242103245837e-01
-7.543529460747541715e-02
3.145782707948717727e-01
-1.592412964407792855e-02
-1.952042746272438997e-02
-9.421037030901324716e-02
-2.343591240500312867e-01
-4.298235425343475691e-01
-1.751803827844855277e-01
-3.799071218846106213e-01
-1.316097136936603407e-01
-2.845292446018597432e-01
-3.848707295469619982e-01
-5.099389191793548548e-01
-2.182246966267143706e-01
-3.811469079875249855e-01
-1.619044795010875226e-01
-3.621440621709155483e-01
-1.009734968606921107e-01
-3.190655639662370868e-01
-5.525190484728266238e-01
-3.557183911299398593e-01
-3.775817020188734219e-01
-5.202994718917255401e-01
-2.186070985410048795e-01
-7.194990662986507080e-02
-5.303456549115957985e-01
-2.086088594420443532e-01
-4.339418452955436378e-01
-3.572306232652105451e-01
-3.633392338809031674e-01
-4.050352150274455498e-01
-5.640895039819500134e-01
-1.033662447670201379e-01
-8.844994167337433960e-03
-2.376112137471125263e-01
2.045095481126487924e-01
-8.521273047614510987e-02
-1.336293995580943306e-01
-6.373739963246288776e-02
-6.251960587753153942e-02
5.462227319674939352e-02
3.740136060600510529e-03
-1.400750076275706080e-01
-2.447922858731056972e-01
-1.963016095207686593e-02
-1.481059833595344821e-01
4.387361197044888916e-01
6.804711932014342324e-01
4.529405215064660206e-01
6.683960500885487432e-01
3.812125275405647828e-01
6.217762177950494351e-01
6.983338906224898501e-01
7.204646491279392828e-01
3.660013131792444474e-01
4.120240289567544401e-01
4.353498666582650833e-01
6.439560495780889682e-02
1.830440030134632967e-01
3.797286656268160643e-01
1.321759621398064244e-01
-7.853764482924428803e-02
2.985838738459462016e-01
1.941783624538314379e-01
4.295266178633842524e-01
4.869241430202145837e-01
5.937596567509352274e-01
2.921086531230377981e-01
4.811338756294235575e-01
2.644290334604584847e-01
-1.008273137486437182e-01
-9.090083363601325628e-02
3.090315057568350787e-01
3.555189353022233933e-01
5.146681320025940920e-01
1.697987295429903010e-01
