# data in one-minute intervals
1.471735286398951703e-03
-1.476265783519554314e-02
-3.457837756370138460e-02
2.311732854142513061e-01
2.667072015353205150e-01
1.151372133021416472e-01
1.548976083342281374e-01
4.061693623423794364e-01
7.202078541117213906e-01
4.874256749260661437e-01
4.861267353871135399e-01
5.402383020044001505e-01
1.996470435874841964e-01
1.705250178602448624e-02
-8.926086435605624231e-03
1.931107485862355519e-02
3.379651863097762887e-02
-2.401841207419768906e-03
2.902442123287370390e-01
5.704402469248238683e-01
3.498787431842984019e-01
8.430352175437569873e-01
7.497490803841021512e-01
3.313728761673674916e-01
-6.166298657945557676e-02
-2.689359772893665790e-01
-8.766693055591317021e-03
1.599533374076531067e-01
1.457999716152683090e-02
3.759094706966008004e-01
2.929887552992633815e-01
5.360634659732378404e-01
3.131127425698701505e-01
2.457926394428767425e-01
6.478748222454805417e-02
1.877666705792892521e-01
3.373197295739362445e-01
4.547189095702688921e-02
8.917647125502052574e-02
8.442240359722372189e-02
3.564566610602244445e-01
7.500269631937053205e-01
7.697504528326046813e-01
3.981495491888495941e-01
4.925718925308059659e-01
4.580222119279658832e-01
4.546614007891739973e-01
2.468834636907219771e-01
7.583218476487689763e-01
9.740836128452244891e-01
7.952598499681665656e-01
7.669488830669537460e-01
7.211720772794314449e-01
3.017688945276941204e-01
6.893540123136226994e-01
5.498680199288031867e-01
9.231530044722735528e-01
5.220405557871644620e-01
5.657366248857436108e-01
3.298024661969985449e-01
6.467158232489196301e-01
8.684123721593450806e-01
4.189945224552727443e-01
3.786535131711595836e-01
6.626305619406506198e-01
4.137415381469352615e-01
6.001778419221475147e-01
3.325039572183324799e-01
6.210320213053239780e-01
4.325055277019332900e-01
8.824066579226539364e-01
1.439275023650448682e-01
3.528450165974353347e-01
5.594773276484632518e-01
1.004420051631592203e+00
6.064912993428612786e-01
1.029453049105115925e+00
1.135048717254921957e+00
9.244227567225864473e-01
7.720680538705266827e-01
8.100211267878567600e-01
9.986466136908038749e-01
1.087591239519413167e+00
9.139592803255460751e-01
7.656913478465273704e-01
7.015822849042682163e-01
1.038341258402907030e+00
7.499325954012969753e-01
1.420336972461600178e+00
1.022054242424479842e+00
9.164946399778993724e-01
1.205650517421308798e+00
8.367337008151871647e-01
7.658970351341938265e-01
1.088347606637432463e+00
9.914096549100479550e-01
1.031019199740213610e+00
1.310577525164820401e+00
1.417252632418259495e+00
1.096576178214157871e+00
9.484851358386371389e-01
1.204550072104449532e+00
1.101894218782176527e+00
1.519755436066532406e+00
1.097195097166623556e+00
5.236156412926568082e-01
3.058970065533144211e-01
8.518027268807558672e-01
6.563418045340865259e-01
9.715495675893526251e-01
1.166409838909671981e+00
8.975858755521511911e-01
8.653127851421668071e-01
7.947303382766687241e-01
1.092037917173093842e+00
1.189694465778863730e+00
6.587406069881510673e-01
-1.235825697772271886e-01
1.458603462563346775e-01
1.972685328012034611e-01
9.020112320352208224e-02
-6.667229523794132584e-02
2.744825925289728352e-01
1.410142262659041246e-01
2.327977628241718333e-01
7.594067121324646341e-02
-5.981188301434779697e-02
2.478727481904016150e-01
2.608875880094368438e-01
2.440314852310833393e-01
4.248482558820013133e-01
5.540142728581246567e-01
2.587046476666233219e-01
5.142603778103124190e-01
4.654911264079810151e-01
3.491625123451567170e-01
3.932609991419614426e-01
3.846235926414932615e-01
3.675572724917065548e-01
-6.698098448487235790e-02
1.725140257540545147e-02
-1.065408223685110761e-01
1.333391164075514168e-01
3.910584000354329626e-01
2.427489013537569296e-01
9.680689495722753779e-02
5.232474141073194251e-02
4.019114148325121927e-01
1.439175961325003250e-01
2.095522179517325112e-01
4.479187236404493233e-01
-4.132542724799894152e-01
-2.339662998330130916e-01
-1.330994961838340429e-01
4.059338793121353151e-02
2.762052032431960291e-01
4.590558602435755864e-01
-2.647796185314175710e-01
-1.374007720785312692e-01
-3.617228353422916477e-03
1.526236511322419109e-01
1.458012927715032075e-02
2.878436194704130369e-01
5.160247680355090072e-01
3.054494618502137659e-01
2.863457571091368448e-01
5.719965342073752845e-01
3.968917716115108463e-01
3.386665631039773583e-01
2.591940721023979211e-01
2.468532446575320838e-01
1.454810776212400736e-01
4.263000361113254422e-01
5.277239730267644369e-01
5.970445688329707457e-01
1.846802834438815155e-01
4.985013226927824670e-01
3.763027082608464413e-01
6.221523415537539847e-01
5.889210780130442746e-01
9.222280133460155627e-01
9.976732481449521739e-01
6.676453234856843943e-01
9.265044426296832336e-01
9.106156671336961272e-01
6.435731943422623447e-01
2.586516471192913391e-01
5.482967027186669284e-01
2.683151990714900403e-01
3.796161435545880591e-01
6.426043809590106237e-01
1.454355007781882037e-01
5.541715779911944306e-01
6.321198299016875799e-01
8.152820906676758739e-01
4.858770532429773636e-01
4.167281067201538125e-01
6.268113148256890810e-01
5.731312122108678242e-01
4.250075779812650389e-01
6.172275473101760390e-01
5.669700362130596361e-01
3.515515076839991204e-01
5.093614859023128938e-01
6.162683013982729330e-01
1.570603138381229391e-01
8.807435731584745131e-01
9.829746062365535275e-01
6.154690681953055575e-01
1.117371602380800910e+00
9.772495648719580208e-01
5.407994605455681558e-01
6.518322825254342368e-01
2.096906809957852225e-01
3.629934830992151418e-01
4.525530115030146350e-01
5.789788724739307613e-01
3.367392862373936868e-01
-8.346248970115292820e-02
7.767395452790251675e-02
1.979774496842871545e-01
3.166724502365215743e-01
1.660001090954691394e-01
1.949302682642037321e-01
4.494022193081371325e-02
1.284010180719445393e-01
7.843968063229863619e-01
4.970985964201828367e-01
7.848246294377770882e-01
3.508080484593302795e-01
5.621321897091001718e-01
9.831769066638010868e-01
4.849965274973954688e-01
5.778304102761683270e-01
3.667876789563931372e-01
5.145936676586141401e-01
1.312251056323260334e-01
-2.810891043997149064e-01
2.781313017484805528e-01
7.487562886768860393e-01
7.658578566740382731e-01
5.407147916282104561e-01
3.856004938685534955e-01
5.668033468742680325e-01
6.380826374764956288e-01
8.715550358974062384e-01
7.062935461804935589e-01
3.564067693554203164e-01
1.098871338537021625e-01
2.676481969589402099e-01
-9.429024114794032352e-02
-1.351619317455160507e-01
6.687925696034373313e-02
9.148869463984074524e-02
5.198919395075417976e-02
1.466544020978253204e-01
2.633947788445913374e-01
8.275932697261198512e-02
7.088969879410930708e-02
2.219745027805165860e-01
-5.996457452439359070e-02
-1.684468725561061864e-01
-1.015587672050013157e-01
-1.355920867375516592e-01
1.176252121247429450e-01
2.938001234191791045e-01
4.609218368873128219e-02
1.951196891510890985e-01
1.329633766135702166e-01
3.212377983694946620e-02
2.386428505032110181e-01
2.740575606520181950e-01
1.065630610662594152e-01
5.332921529775045029e-03
-5.248454788696745726e-02
-2.146400598634405354e-01
-3.461901843867543072e-01
-2.842147675891223413e-01
-7.933914563329322323e-02
-2.950752699672430923e-01
-2.217153567053509189e-01
-3.206693496146777178e-02
-7.562088290908235144e-02
1.105856860227807104e-01
4.898641502629607070e-01
7.542937907860627900e-02
-4.278338470737651222e-02
-3.142812519134771665e-01
1.003013938429861140e-01
3.079080502700613509e-01
4.346911326822058830e-02
1.120713858900169585e-01
-1.289253293589651128e-01
-9.726815747693408690e-03
-1.833655439165044476e-01
-3.279907971189473526e-01
-4.418550803155302797e-01
2.118843077066270009e-01
-1.081800270423317750e-01
1.744903431077237665e-01
3.176356026518565301e-01
4.358051519645248506e-01
5.851648446334846154e-01
2.234079879583643624e-01
2.760900972312489432e-01
4.202745852002185423e-01
9.876216981810519158e-02
3.200685379518531382e-01
-3.219560602113085146e-01
-1.725964368515209013e-01
-8.484278269342806489e-01
-4.240032313217592108e-01
-3.141950515257699306e-01
-1.058370364694853905e-01
1.518196179183133598e-01
1.383652655117061647e-01
-6.827999367036730050e-02
-2.894475573558872306e-01
-2.929469927101128676e-02
1.274927311835140076e-01
2.516547507200050382e-01
2.653885422232702893e-02
1.162540995146706391e-01
-9.886879856444788506e-02
-2.235275455865225469e-01
-3.960197654669501272e-02
9.001506276970543119e-02
1.360084593311434720e-01
1.654970159299777310e-01
-5.025869179859941693e-02
1.176267240096724870e-01
3.848733664828852263e-01
3.030916084974254465e-01
3.614749147990895528e-01
4.037552606645872788e-01
5.365658077035163620e-01
3.231501972693767155e-01
4.671933228899968205e-01
3.526236417766561715e-01
3.664027984353903089e-01
1.069946683595677656e-01
3.011774944242953111e-01
2.398675665868772178e-01
6.777073300671966338e-01
7.043768437377664338e-01
2.275664676907065975e-01
1.204282161005664903e-01
5.629915158592978530e-01
2.375354623606745763e-01
7.270517120637710884e-02
-1.451988119203167504e-01
2.538884863795506375e-01
1.141812255882379279e-01
-1.970696129677435571e-01
1.937216251799490363e-01
7.811189717674246746e-02
-5.855639578018032726e-02
-2.678615488024017055e-01
1.151200886626686237e-01
5.575303308825444448e-01
2.082880118257004476e-01
-2.452824079566134075e-01
4.424187123336871807e-01
1.709464699001447541e-01
3.593838083565954467e-01
-2.600165485906312246e-01
3.709179109777211436e-01
6.531601465976895060e-01
6.478213857862017422e-01
6.800602161458361161e-01
7.420732418434698996e-01
6.301539239550255633e-01
3.922990229866326617e-01
3.657956650039306812e-01
6.622983738363956707e-01
5.912809489084015491e-01
6.098885707275970569e-01
5.522799881510650488e-01
6.911980229888097238e-01
6.153464982056668919e-01
4.149295795387912822e-01
5.776989601647376515e-01
8.969700159030578046e-01
6.634010151410120182e-01
4.989124349497783273e-01
4.205440883855150469e-01
4.010574517180408582e-01
2.212779892895082312e-01
3.496098796467039249e-01
5.046534382579545008e-01
2.652690269523339528e-01
5.656594881835196320e-01
3.134704036944832573e-01
5.241298084632398657e-01
5.499608420868282721e-01
2.754455588619274531e-01
-2.733304677641394953e-01
-2.784537518330164607e-01
-2.712343687643663515e-01
-9.429809178835084349e-02
-1.288296188206718429e-01
-1.724823367561274245e-01
1.225576637199208146e-01
-4.180417897416093265e-01
-1.832109238554630870e-01
1.541761629986629911e-01
-4.543331781692481197e-01
-4.908704479877790128e-01
-3.343145046180764357e-01
-3.836329677130759785e-01
-4.753755275713856809e-01
-2.411829028663405039e-01
-9.492378836964621147e-02
-2.579824269959197780e-01
-3.913646915797942549e-01
-3.859021397151083943e-01
-3.461027509764062482e-01
-1.012661955007612552e-01
-5.599933601874609174e-02
-2.530957923110404018e-01
-4.348016070349969286e-01
-1.677317887417310305e-01
-2.996767313491104923e-01
-3.753262173359708798e-01
-5.293679603034043973e-02
1.911211274695982509e-01
1.833280412979645668e-01
4.147753845394423489e-01
4.442207789737904200e-01
5.533821374871812360e-01
1.938639393861911198e-01
5.673380416854238995e-01
4.456199706357921730e-01
2.493622721554688282e-01
-1.265018256436026556e-01
-1.597730558795451283e-01
-2.129325415873698779e-01
-9.434240472247317627e-03
-3.742216100317711791e-01
-2.627682387317445967e-01
7.919362335094086436e-02
8.447342120857415093e-02
-1.079521099220308589e-01
-2.273301334416503727e-01
-3.373165893854093711e-01
-3.674810529761988742e-01
2.580830940113887362e-02
1.375071191182394015e-01
1.593359896308264578e-01
-2.910505664205688056e-02
-7.602406088258148453e-02
-2.755825877270577928e-01
1.914090440801136939e-01
-3.066671864000597991e-01
-1.386039696929445564e-01
-6.715356287264466484e-02
-3.050214898801568708e-01
-3.850698971282593558e-02
2.809163899732446956e-01
8.502853675691732227e-02
1.679333827466127360e-01
-2.669033301019416715e-01
-4.000052117810954377e-01
-3.670529477960224329e-01
-3.821160129770989067e-01
-3.344596625710348770e-01
-5.412370065644228623e-01
-4.017622074890039863e-01
-4.303618845663897408e-01
-2.063147925393964688e-01
-2.566346569370788755e-01
-2.849272389837144148e-01
-3.886120242453279250e-01
-4.781880774857443228e-01
-3.417187709452583766e-01
-6.510021733753539319e-01
-6.502090149606954972e-01
-2.647918084015716267e-01
-2.829746622939262601e-01
-5.065458735279905200e-01
-1.028613518838172730e-01
-1.259516297624356795e-01
-1.600428225082904110e-01
-1.198184233538315685e-01
5.932239507820345759e-02
-1.848763969291268849e-01
-6.462528831255339723e-01
-2.755022373119346835e-01
-2.904832030127747489e-01
-3.856151687882356516e-01
-8.904847756384737245e-01
-8.048046802940889144e-01
-6.932436676984824464e-01
-7.561771762452195178e-01
-6.876474282379978487e-01
-7.754175391026362218e-01
-5.983256191401811197e-01
-3.741290211034906110e-01
-3.925101384241434510e-01
-2.530207511667721954e-01
-5.197909542655807513e-01
-4.316050809605499472e-01
-6.502519082129598615e-01
-7.907428933541357230e-01
-5.200312151292758589e-01
-4.531863041306027351e-01
-1.462093471153073088e-01
-3.657658346918956083e-01
-3.062819860702942765e-01
-4.976672961669757062e-02
-2.587927498931652526e-02
-2.590578978735751936e-01
-3.124492448780822884e-01
-8.412472338270836347e-02
-3.090775590265563977e-02
-2.148232687825550324e-01
-5.491998401735772584e-01
-3.047071198844973905e-01
4.181315130996732243e-02
-3.259885407071363428e-01
-1.840876102435947681e-01
-4.719421422458248694e-01
-2.316725165474712023e-01
-2.696635715927155341e-01
-2.750972013021472651e-01
-2.250567048449523266e-01
-8.820510506526893502e-02
-2.321856042264882833e-02
-8.558288728605077667e-02
-1.986836628955736608e-02
-4.752252707149147437e-02
2.980932171432553179e-01
2.213099304165251913e-01
-8.751754332395453306e-02
2.224224003127655003e-01
6.511379361219907236e-02
-9.959418729757155142e-02
-1.513204579741306288e-01
-4.307955666364479685e-01
-3.071636759366142555e-01
-1.881266602669533494e-01
1.729693398051435071e-01
-2.659527852166421527e-02
-1.885720548443183264e-01
2.136955094750052353e-01
-4.915383136846938200e-02
1.071975520045396063e-01
6.991912565483801578e-02
1.676973544328569030e-02
-9.022344510372862225e-02
3.660326028000239762e-01
-4.862814965597181405e-02
1.709129099035735511e-01
4.814063388247428327e-02
-1.258517655612424457e-01
-8.340925199323524775e-02
-1.059690856417810495e-01
-2.940086959164579516e-01
-1.510054126033077704e-01
-3.526217929377372662e-01
-9.808935519692703331e-02
-1.403191207328115808e-01
-5.309492991353505220e-02
-4.061309500529760030e-01
-4.456449762597153863e-01
-1.576214206846484334e-01
-2.947785737278210139e-01
-2.615098665506061515e-01
-5.313288591968718944e-01
-2.561207546541668378e-01
-5.289631002328229123e-03
-4.088345001262371214e-01
-1.765077687780174653e-01
1.015279942227947929e-01
-1.308718373535299462e-01
-4.481544598987758365e-01
-2.116701533927441148e-01
-3.446366545377650970e-01
-4.336692741895397663e-01
-6.566261447340392410e-01
-3.714491861294140218e-01
-6.918763912310809117e-01
-9.273247754581012137e-01
-1.227263157705662300e+00
-1.591960198161081586e+00
-1.002400649750814665e+00
-1.131627482863727385e+00
-5.739172555345587456e-01
-3.003989922168011084e-01
-5.355151253681419421e-01
-7.982001906882597586e-01
-6.331908212119290447e-01
-6.933031577708644866e-01
-5.505530896463918245e-01
-4.918136298279334184e-01
-6.913341685769015532e-01
-6.839217659459705390e-01
-6.507224084977528689e-01
-3.831132933137401664e-01
-1.155026737634494149e-01
-3.633265624903097013e-01
-2.956378989808901014e-01
-2.563763703639104219e-01
-2.008579918493267613e-01
9.736069104887630499e-02
1.154697116182487465e-01
-9.874096717287263181e-02
3.046779233034122569e-01
2.733312616259039318e-01
5.882906022627470977e-02
-3.627376990154007608e-01
-4.377998858908647706e-01
-5.111745876135885824e-01
-3.578961768341246685e-01
-3.238053610506673174e-01
-3.817501940293318574e-01
-5.534888688691762537e-01
-1.469725721518226613e-01
-3.424321914201466921e-01
-2.327685191148329003e-01
-7.376671674570597914e-02
-6.110118890608418757e-02
-3.958326056815090754e-01
-1.189973756275671590e+00
-7.825034602106636372e-01
-3.453854534776544249e-01
-3.301255614189688159e-01
-3.404904014642555765e-01
1.362835391803634590e-02
6.249615019665106380e-02
-6.651379199868977243e-02
4.203834401528992043e-02
1.090512429472197814e-01
6.119678072207206110e-02
-1.688085703100481727e-01
3.000748458764452339e-03
-3.384816400242005030e-01
-2.901912111147843532e-01
-3.718050162712374096e-01
-3.775591962652387612e-01
-7.860620833453402234e-02
-6.284557163906884236e-01
-5.604412862142227336e-01
-7.899900791435815472e-01
-4.758933941134855794e-01
-5.156961251505128851e-01
-5.207044901863250308e-01
-2.428625329542431210e-01
-6.621610095042558264e-01
-4.335356839756436265e-01
-2.329908137097909393e-01
-3.804713835466265182e-01
-2.764719176227108388e-01
-5.155453047685499418e-02
-9.173127107906699218e-02
3.024307275453670951e-01
2.447583548493859062e-02
-1.698713511081376693e-01
-8.430318054667264305e-02
1.326975711023251348e-01
9.787144775915310180e-02
-1.518352485203636471e-01
9.079715491790651960e-02
2.913556693392385655e-01
-6.622645330279677833e-02
-2.127179549499943201e-01
-4.613821845480134964e-01
8.964920149332612775e-02
3.235242606663699030e-03
1.478851908124133030e-01
1.559743879722620685e-01
5.021693545391611724e-02
-6.392646847813225619e-02
1.164437204000432491e-01
4.603450854319998675e-01
2.244918596985627235e-01
2.903415739470362467e-01
3.661391690585753533e-01
-2.638520664488135381e-01
7.175830409466932291e-02
7.596388808914424084e-02
2.916335055476042548e-01
2.855979810586665724e-01
3.411779958954900410e-02
7.747582028605229376e-02
3.061315410483157473e-01
9.133739362184324639e-02
7.789175085996700998e-02
3.017091566633344768e-01
1.782068267248051747e-03
2.771582878448095033e-01
4.092505277484464327e-02
8.463964572019631871e-02
1.571724792467115717e-01
2.105319034850595405e-01
8.442161972160376615e-02
2.342908110137858352e-02
3.398407297331448307e-01
1.008415473196848516e-01
1.152209532930200397e-01
2.314658734821109787e-01
1.443662898277882634e-01
6.730726373989052644e-03
-4.330242743194487494e-03
-2.899827058655692902e-01
-2.912380128263790113e-01
7.218056789516484606e-02
-8.817308533837821261e-02
-4.356743212584057723e-01
-3.201965759125200983e-01
-3.688594062567620013e-01
-3.185018965314909689e-01
3.437760673081042273e-01
-1.555004586385545437e-02
1.252494935863603664e-01
-1.495639129233456988e-01
-3.304069639279075821e-01
-2.405379369547668289e-01
-4.125977993215441675e-01
-4.026455377322892826e-01
-9.573299426379248966e-02
-5.877736146891158198e-01
2.600396219330487063e-02
-6.139263365160025493e-02
-1.082935533388564159e-01
2.522082453918628869e-02
-3.449781299784125954e-01
-2.403524408435257220e-01
-4.960576344794399017e-01
-3.430676627598964190e-01
-6.392203188283287485e-01
-4.476691814144719839e-01
-3.102458576145252223e-01
-8.802869618241830896e-01
-1.023791473038412336e+00
-5.320317556754029509e-01
-3.558664445936858822e-01
-9.956717429161130450e-01
-1.860703961081144331e-01
-5.086117786216918235e-01
-2.780709353621564350e-01
-4.330497281170488932e-01
-5.851542858664672275e-01
-5.446424040500159602e-01
-1.699827939854015590e-01
-4.549655017119795808e-01
-8.860838874684954236e-01
-7.418754462981909104e-01
-8.887477255696419887e-01
-2.269500597853139900e-01
-5.219121823933738913e-01
-4.897740350654289365e-01
-6.269433918599146560e-01
-1.118574416317217463e-01
8.634219263315411064e-02
-2.423819797275234555e-01
-4.889668049373364633e-01
-4.811573645316853387e-01
-3.797589147358995665e-01
-5.845715676589278154e-01
-4.489486949686628536e-01
-3.334298641117490747e-01
-5.685147765420083266e-01
-6.986198346469917053e-02
-4.357773733900148772e-01
-1.201121386988149714e-01
1.002071561637538216e-01
-2.867659910165560322e-01
2.540205563651912746e-01
1.851203368589681986e-01
-2.116031986100444517e-02
-3.122914376193621777e-01
-4.636669923579152530e-01
-4.195603564259544060e-01
-4.112473498977888831e-01
-1.176465964543784576e-02
-6.541300206106243076e-02
2.246899711392311150e-01
-3.247325507851926002e-03
-1.505675381241413369e-01
4.154687351071561369e-02
5.806956499289951390e-01
4.774843257346306769e-01
2.309111096491720805e-01
-2.991311624319666351e-01
-2.934547676891731682e-01
-6.913925986056122797e-02
-3.058090742028143350e-01
-6.113802736618869638e-01
1.123498147277024982e-02
-1.973152632573897947e-01
-5.237659918279291560e-01
-5.448060742475056006e-01
-1.956680419330151799e-01
-5.578231815545501293e-01
-5.810038393003176260e-01
-6.094687847353738031e-01
-8.119935029859972619e-01
-2.102900508223668197e-01
-4.017871060644765957e-01
-2.070585335315604791e-01
-3.585520398012626009e-01
-1.638357059880759803e-01
-2.156760817130728702e-01
-1.737169249604378074e-01
-3.358282606746628152e-01
-8.306492360997926039e-02
-5.576185925703445179e-01
-3.779420770729149393e-01
-2.464603543398573016e-01
-2.955642410685589416e-01
-6.279464032108686977e-01
-3.313898624003794868e-01
-5.154471866120139412e-01
-5.778419541200268128e-01
-3.602030070954067020e-01
-5.367877508507074014e-01
-3.408130792888015015e-01
-9.348751388804583951e-02
-2.235408086820971363e-01
5.098512351293340433e-02
1.298387471778693625e-01
9.716119605929571246e-02
7.075308709651337291e-02
3.900151070767863826e-01
8.488617914829205136e-02
-2.478848544972130918e-01
3.133820719715648129e-01
6.622713770485272322e-01
3.880009539947332220e-01
-1.560283637285872667e-02
-2.839795494874767234e-01
2.364270621243242110e-01
1.304969346032993673e-02
2.800746280440943869e-01
4.643824159914508032e-01
1.948577288076460690e-01
4.398906635966771256e-02
2.029778589008939538e-01
2.368027927657839204e-01
1.317100772002705866e-01
1.827583226045397316e-02
2.691811258526372597e-01
3.117358630744601067e-01
1.966408518521538806e-01
3.491613173676939574e-01
6.142384474670625760e-01
8.727013912861302236e-01
-2.046468637728189599e-01
-3.227034466793829437e-01
-1.553394466702028021e-01
2.927882864646817462e-01
1.189553862612178353e-02
-1.697063213006747284e-01
-1.346582822760255815e-01
-6.003696418907090715e-01
-7.283739597150150347e-02
-3.782684461416758182e-01
-4.236855827531819108e-01
3.295113095256240604e-02
-1.679752456334710486e-01
-1.801400417936314946e-01
4.024557683664381491e-01
1.008578411653881790e-01
-1.056738709550327469e-02
1.061955791880072469e-01
-2.942671454684941401e-01
2.648912610644756360e-01
3.523922838967984972e-01
3.792182377532027360e-01
1.483795027168805236e-01
1.019589923537698312e-01
-8.676358244420849519e-02
-4.756755433238620684e-02
-1.704105733238726605e-01
1.016318599631962499e-01
8.365658289335850539e-02
-6.813442353243474858e-02
-3.912459925842677599e-02
-4.871598781560737557e-02
1.539838843185482586e-01
3.759260804691326729e-01
6.708077870947867227e-01
1.908962795129346968e-01
2.237889107536150390e-01
4.518728275249326298e-01
2.301828238491931411e-01
2.051744926652144252e-01
5.304548004916607162e-01
4.910175535910010769e-02
5.265721291342544408e-01
6.277077346929478274e-01
3.931612400587952694e-01
4.594111678330735637e-01
3.576632676779317177e-01
5.396703539561584773e-01
3.842009630065812420e-01
3.489922641292653727e-01
3.367414787792299413e-01
4.530895995491702188e-01
3.263077244790436593e-01
3.842199721154444525e-01
5.003499295283093673e-01
4.610382966422962303e-01
2.442776682548002953e-01
2.027460448335242360e-01
6.057192113541195466e-01
3.526564180121068426e-01
2.054206791239737151e-01
4.980199831183124703e-01
2.000118622445049843e-01
2.851033692394623342e-01
9.755869151375343162e-02
1.846769101415355122e-02
-7.438583468570421353e-02
1.081977104115900423e-01
2.007169875650759855e-02
1.475454142358658682e-01
1.473994646233402483e-01
3.665867631905046081e-02
3.258218990528951031e-01
5.374780143960642548e-02
1.208929592089242194e-01
-9.307418558324946634e-02
8.545043096371914004e-02
-1.307210487993709647e-01
4.141886503673289921e-01
6.981628881109210871e-01
4.486950157636390157e-01
3.566395941733015440e-01
2.632123159410867594e-02
2.502331654429575947e-01
2.121313440366494885e-01
4.845790638778942339e-01
1.472349139330154932e-01
1.029447121956479812e-02
9.847311334598944643e-02
6.280803283416715177e-02
4.057539936431132643e-01
-6.547686924996727609e-02
7.047024065725207564e-02
2.922378687039429712e-01
-2.357912348375629519e-01
-6.400011115943525508e-02
1.308103263739606170e-01
9.227765248360979278e-02
-4.271346854937904669e-02
-1.238976650983648620e-01
6.648337841376243673e-03
-4.629479222154388868e-02
-1.713289001094177588e-01
-1.317775418526069553e-01
-3.925343809485729030e-01
-5.343420921905149834e-01
-4.269406287191543359e-01
-1.615262825885372400e-01
5.048871299317050226e-02
2.539675283877819087e-02
-6.912004856463989377e-02
-5.248814919280015562e-02
-4.938085790452056423e-01
-4.332863493403352750e-01
-3.301710419390365692e-01
1.680777368624338311e-02
1.836214038802318638e-03
-8.633568204951163130e-03
-8.915681308148191986e-02
-6.593246420642351335e-02
-2.781415513547235152e-01
-1.783192513770557042e-01
1.915741218041117355e-01
-1.790160305274501040e-01
-5.523935593355512597e-02
-2.158041696776870633e-01
5.575667423132320971e-02
2.892420379016428233e-01
2.614295396617857814e-01
-2.041463086843989527e-01
3.457998869120053331e-02
-1.674396737045310835e-01
-1.118350344936470675e-01
1.181476094089188716e-01
-6.825324363792261151e-01
-6.227866332987875841e-01
-7.864882830919373014e-01
-5.923031666569437137e-01
-3.165373306562781486e-01
-4.270549382689862172e-01
-5.369905791374269821e-01
-3.150595393443834102e-01
-7.686334778373361543e-01
-6.945927834527345635e-01
-1.967896919249361443e-01
-3.966957143657622864e-01
-4.172070776508640666e-01
-2.726598327658268373e-01
-4.759017049804683541e-01
-3.997344970837276579e-01
-3.774699727759050355e-02
-1.352307461576040259e-01
-7.396730386746164232e-02
-2.250269859373517922e-01
-1.058578755857824405e-01
6.748864274735776915e-03
-1.461969078354205531e-01
-2.020421512882784876e-01
4.025272606054349778e-01
1.358591256320999530e-01
6.123838455904666994e-02
-2.637289735741010083e-02
-6.632279818695628604e-02
1.545990356140515276e-01
-1.739669090733016454e-01
-6.398581829013970379e-02
1.257733526588467043e-01
-4.034635674075948142e-01
-4.362154018695070246e-01
2.435660250155779333e-02
-6.518463236260085836e-02
1.960328673854646875e-01
1.680767372701663376e-01
1.094640400912623261e-02
-1.048332243133372546e-02
-4.324338812650801445e-01
-6.596549429672574627e-01
-5.052905290953330075e-01
-4.563294464242120818e-01
-2.864177499868139076e-01
-5.026699131252134745e-01
-2.564275833221593692e-01
1.646332095580599342e-02
-3.728312674444647645e-01
-1.547196803269283438e-01
-1.541888741227654402e-01
-2.468178944058431745e-01
-1.282850362106225661e-01
1.345513972220603316e-01
-3.704209395431383167e-01
-2.725996537576711454e-01
6.633250548888068587e-02
-1.685040593512799889e-01
-5.060674247861602915e-01
-3.923677201936402459e-01
-5.424513859390657222e-01
-5.405588437890289644e-01
-1.042953288677525986e-01
3.517140203874232762e-01
8.863529931834354669e-02
3.300369470837653529e-01
3.082364154062689626e-02
-5.449311974937153663e-02
-1.044941062578137320e-01
-5.078446780092553681e-01
-4.790112295391531216e-02
1.965025974545600296e-01
-3.742389880963040844e-02
-3.485339706278246519e-01
2.317771394146682720e-02
-6.901153680830551806e-02
-2.851940290410046042e-01
-1.488610424891918249e-01
-1.040523107664138719e-01
-4.336311522655723061e-01
4.290484006926755661e-02
2.269529226816562606e-01
3.985641156445727251e-01
4.442818037155301103e-01
4.153856162487533643e-01
4.651743469769487049e-01
3.246085027548859525e-01
-2.019447246102025473e-01
-3.013525103463485233e-01
-1.470801350383635631e-01
5.228963273691369235e-02
1.895214526864878735e-01
-9.235877104954182126e-02
-2.431161322650958745e-01
-3.369224967430788920e-01
1.287347929552273319e-02
1.181192408895548607e-01
-7.902933924561292289e-02
-1.159616244103770302e-02
-9.142243318480298975e-02
1.517893905471680294e-01
1.955987931511727340e-01
9.825499351346346499e-02
5.346507280558389086e-01
6.061601857226329299e-02
-6.584712234310198531e-02
-5.443221633871088427e-02
-2.462254711218522241e-01
-2.710674854543340326e-02
9.921228276878919783e-02
-2.288218144747492799e-01
3.533739717972028682e-01
1.683131622735250729e-02
-3.248297028459590785e-01
-3.344237321343639380e-01
-1.628500395819565405e-01
-1.276868107283272158e-01
-1.251855072167746552e-01
3.467672238780779570e-01
4.663573382356698271e-01
5.229188568498072121e-01
4.699922008696053033e-01
5.030788864633300994e-01
1.865546508282445448e-01
2.244536869297554527e-01
3.546524855446221425e-01
4.397527536304235429e-01
3.819700487485168661e-01
9.066681402620882513e-02
4.435074289635066586e-02
-4.861480556325361441e-02
-1.939122606506598623e-01
-5.693677726668656680e-01
8.102417246495009079e-03
3.966711384359511983e-01
-6.746920932422881267e-02
8.816401522579339622e-02
-8.453227025142603934e-02
-2.506284437578038538e-01
-2.557602854700425365e-01
6.117279996937968062e-02
-3.817206209630538000e-02
-1.317383313410567525e-01
-5.027218329819954645e-02
-2.218887313275716769e-02
4.169992635372261197e-02
8.284953132583075530e-02
3.867311204098352051e-01
7.715398825726574317e-02
-2.292784283629812347e-01
-1.313152802412846376e-01
-1.335258715755054393e-01
5.452949538013338038e-02
1.649056439019934428e-03
-2.625820097828672206e-01
-3.446104468042396340e-02
1.010954335732833914e-01
-1.143277035941128554e-02
1.993552632724183982e-02
4.358639148379353512e-02
4.290560363031887814e-01
1.011423243122445276e-01
-1.055780813648510424e-01
-1.127525269104277528e-01
4.979322749011345084e-01
6.963485549908530192e-01
5.962746352673161665e-01
3.912430871459344206e-01
3.292490648710112433e-01
6.421187705930756495e-01
1.967398813988434914e-01
2.613642396958607561e-01
4.848038346836817253e-02
8.120836746262051487e-02
1.108191402340815424e-01
9.067267508937545961e-02
-2.155561381072479132e-01
-2.020231312175375382e-01
-5.920730865779612051e-01
-1.725966097226078466e-01
-5.089199502222500199e-02
-4.075498081588698786e-03
-3.223590032631828278e-02
2.638676330556611327e-01
3.659312547216507505e-02
-5.758244925531852410e-01
-4.869964535320903121e-01
-6.621014011194338300e-01
-6.751168325583856156e-01
-7.064912994956344949e-01
-7.983420573627307837e-01
-5.207172535566927385e-01
-6.266025561273739219e-01
-5.614891794424529126e-01
-2.720078294164329780e-01
-3.129859478354937163e-01
-4.285405731952173225e-01
-1.215481495502808568e-01
-3.052395994952419311e-01
-4.520143585382117024e-01
-4.819995337229322496e-01
-4.403624549969111235e-01
-7.074826655522511443e-01
-3.545857360475798692e-01
-1.706385716316339007e-01
-7.135306638923338829e-02
-2.680977706165314500e-01
-3.307613681496411329e-01
-1.629501488986307700e-01
-8.258496160169999378e-02
2.494587765888561445e-02
-5.167929714636197019e-02
1.297291213876287375e-01
1.477257467423558892e-03
-6.566189677249091063e-03
-2.462689103195553342e-01
-3.432339020782530781e-02
-3.508844023754663366e-02
-3.118530887856666434e-01
-5.642175171721236504e-01
-4.765180591804096810e-01
-4.239917122177582209e-01
-3.205639182280413391e-02
-1.434058980271475936e-01
-6.186742983576256627e-01
-3.795159876815694666e-01
-3.940722648090937419e-01
-4.332242227606424301e-01
3.753003690477430682e-02
-3.466450547779764690e-01
-8.325854265239168717e-02
-3.356837090608921770e-01
9.948273542349744814e-02
-2.741894154128808880e-01
-1.586909637126465711e-01
2.164860345636051842e-01
-1.473363273200959112e-01
3.824346042914684163e-01
1.503681436576330965e-01
3.553500786474375062e-01
2.073909770703921407e-01
5.412289697635159769e-01
2.674775527590981805e-01
3.978026130965515161e-01
2.339762791186734692e-01
-1.307485329970714105e-03
4.654377889070572538e-02
3.584315611727623141e-01
1.457470518101866841e-01
-4.130899193655954149e-02
-3.484388008451650420e-01
-1.156746660023071256e-02
-3.361778631112186666e-01
-2.880280073212667102e-01
2.115724558446087020e-02
2.799381692731157112e-01
5.493872462488762903e-02
1.704688140398986362e-01
8.206347498909596916e-03
5.058153280334650725e-01
4.237915769880141736e-01
2.394730228811279282e-01
1.883816847650668716e-02
1.884574961886455180e-01
-1.687868730433175757e-02
-7.967376504376251500e-02
-2.036457437485632849e-01
-3.343888091642007732e-01
-2.737540352549527878e-01
-2.296756098770702526e-01
-3.634306262481109551e-01
7.111480012164084208e-02
3.917296206369995648e-01
-9.959763630107512991e-03
-8.854834518091539430e-02
-3.140424805937377384e-01
-5.147705693014800188e-01
-1.136926487065080260e-01
-3.961535135683094122e-01
-4.175400380735335704e-01
-1.846566401731022655e-01
-1.209596522324778850e-01
-4.234166590469626290e-01
-3.495322264274915436e-01
-3.285021240114655572e-01
-4.221316595101468616e-01
-3.100258576839299285e-01
-2.205775880308039893e-01
-3.895902385127262835e-01
-4.953514838401512077e-01
-4.411409421114387275e-01
-9.168520525675481758e-02
-1.578842802089416575e-01
-1.362959353335312356e-03
4.215740033011904364e-01
-2.288953195011010078e-01
-1.719683951682076384e-01
-2.002193449484520327e-01
-1.037900692337792863e-01
-4.949026451764253487e-01
-3.091713061089139125e-01
1.374543148526306269e-01
-3.844277030704846415e-02
-4.185430545636364963e-01
-1.782478866217827307e-01
-1.800639453783696164e-01
-1.658919530447537927e-01
-1.349585294301797189e-01
1.635601450265928569e-01
6.807766932290686135e-02
-4.338626469412882464e-02
-1.714270740475899724e-01
-4.644034380577132248e-01
-6.244566798040741551e-01
-3.875177645203316534e-01
-3.572868589266348094e-01
-2.507046884340770054e-01
-1.056700255883528117e-01
-2.629532571453241374e-01
-5.356215806388017198e-01
-1.681544616530552261e-01
-3.334685954343906689e-01
-2.360323850971006165e-01
-3.988824658222375752e-01
-6.376468553788342541e-01
-1.008928605710530668e-01
-3.674661192968688983e-01
-3.637624370704647947e-01
-5.497253564323351105e-01
-4.892913307322138694e-01
-3.474203269148784523e-01
-3.572378906233464324e-01
-6.755648694910590946e-01
-6.570248455959969425e-01
-5.171511091946019434e-01
1.107478273055913787e-01
-4.270414638359351089e-01
-3.925461190694059521e-01
-3.960850093213426071e-01
-5.784497496090670321e-01
-7.364098081854731914e-01
-8.544210820536576323e-01
-7.793715695620564432e-01
-1.099419019988438606e+00
-1.026615507331634980e+00
-8.517695385072872050e-01
-5.642489793793329378e-01
-5.357614833207461347e-01
-4.882204491989652340e-01
-5.935578008672344197e-01
-8.398029067835713901e-01
-7.187725085489127252e-01
-7.888502779503723250e-01
-9.642247019412344411e-01
-6.991081171718268594e-01
-4.611590316668800482e-01
-6.759645575175802223e-01
-6.214986036114477086e-01
-4.878788903900441176e-01
-6.006511813330503990e-01
-7.458479231255151776e-01
-5.695217154301647211e-01
-5.723965713909822117e-01
1.136770826893230939e-02
-2.576959937930720090e-01
-6.448853842559046923e-01
-5.024230642590015172e-01
-5.396597293630654990e-01
-1.858619912222462811e-01
-2.597595965888642097e-02
-1.561382383723881606e-01
-4.749026290556009333e-01
-1.484910921147014340e-01
-1.478442580554103214e-01
-5.608963022493761441e-01
4.802682926637348582e-02
-1.672031625737447902e-01
7.955497820910903406e-02
1.465036278879750797e-01
7.867826478387315858e-02
-2.185940618112621470e-01
1.664261557742460484e-01
-1.525020026026644715e-01
-1.575650539769713754e-01
-8.747447074416489499e-02
-2.022939489087032250e-01
-2.764830203587376189e-01
2.422047281228400795e-01
-2.062983886751285911e-01
3.096581048680790427e-01
2.000242675582041829e-01
1.214357448462049099e-01
-3.190514634980169406e-01
-2.379321587618432043e-01
-1.434817873026837665e-02
1.038122585366094836e-01
6.616135432784976678e-02
2.095913236014956549e-01
-9.998899362922493428e-02
-5.887504517320733127e-02
-9.605569997038135299e-02
-1.959326632140168112e-01
-5.158242755829270942e-01
-1.805697740411279784e-01
-4.974510877980545809e-01
-4.180801768938635643e-01
-3.011915087439923644e-01
-1.326818445064859298e-01
-4.585156592179786550e-01
-2.961805833914418207e-01
-2.424408950798082329e-01
-4.434816716228980882e-01
-4.193530134897777151e-01
-8.069176852008300704e-01
-5.333095710816595503e-01
-4.687493802360432338e-01
-2.630322332387342033e-01
-1.223656401670170923e-01
-3.898435626339552540e-01
-6.898685231889469804e-01
-8.404383627323360750e-01
-7.571620679456928515e-01
-8.335353364139203025e-01
-5.806983073860877420e-01
-5.461723232183146592e-01
-8.073088921316858846e-01
-4.392975575096514929e-01
-3.705098917470597275e-01
-5.922234148501436257e-01
-6.758605214925417215e-01
-4.212390148757073072e-01
-7.258880984832413175e-01
-7.612364713779040670e-01
-5.860880047159029438e-01
-6.610005874522046909e-01
-8.556928629000741804e-01
-4.933676170223223467e-01
-4.144356015789388836e-01
-2.303754315298641581e-02
-5.548057939542028888e-02
-5.947006830553844270e-02
4.976301263626066174e-01
-2.571544667827001598e-02
-4.954554469450209164e-02
9.355118934957741550e-02
-1.949708839631303092e-01
-2.929079587298490939e-01
-5.495126326606781381e-02
-4.189358154482821228e-01
-2.848327448764182424e-01
-2.677424039496563157e-01
-1.574015988267106481e-01
1.147170520024070606e-01
-2.215284983238157146e-01
-3.159573557289715451e-01
-5.885839112880353330e-01
-3.733938070526066078e-01
-4.943050038083266484e-01
-5.080693258899240394e-01
-5.225872917101891391e-01
-5.347840645522218272e-01
-3.535398808932311843e-01
2.744027172775265200e-01
-1.270759956553025594e-01
-9.018351308527984556e-02
-5.787668241843844097e-01
-1.551119737331123905e-01
-1.749093358464805792e-01
-7.002202101631821440e-02
7.533241873728317717e-02
7.849760995754161141e-02
4.188571442038633297e-01
5.278288536589467173e-01
5.856785816257305266e-02
2.191969497517173016e-01
-1.204536584058402832e-01
-4.249265413110503431e-01
-3.102497749207399624e-01
-1.424810976998856782e-01
-1.931598807626926373e-01
-1.035697102667870517e+00
-1.110437658218164092e+00
-6.548997646041382348e-01
-2.374720197151730383e-01
-2.164730236361328553e-01
-4.182951579225684391e-01
-6.031646144164702905e-01
-8.051143217392919826e-01
-3.802123240340186672e-01
-4.632140266480271329e-01
-7.679340393334968540e-02
6.360444961077778292e-02
1.467130094523674266e-01
2.029599983945611363e-01
1.517787691404675898e-01
-1.887499247463583774e-01
-6.569670077716828482e-02
-4.060363716955556201e-02
-1.631908136971647605e-01
-1.906861409771845872e-01
-2.213080002416089320e-01
-1.957334441486279497e-01
-1.038538659159998073e-01
-2.081636203957688280e-01
-2.385500192508499540e-01
-5.137991253267295555e-01
-4.370707197060037796e-02
-2.766210839984032943e-01
-2.606821512016712084e-01
-1.996117949893665144e-01
-1.068028009627462194e-01
-3.046524688248158225e-02
-3.991351527805948041e-01
-5.604543328985971407e-01
-5.172819409448754513e-01
-2.727173740604195706e-01
-7.285270392059425282e-01
-6.366614507740070428e-01
-5.345235625448544470e-01
-2.904172152389642228e-02
-1.164739076775999360e-01
-5.827308464604121635e-02
2.922390205965957333e-01
-9.543847436615092439e-02
2.738476600320768894e-01
6.837713910935314110e-02
-1.784140647810984401e-02
1.470626574183640511e-01
2.350926878177655166e-01
3.671842422918865090e-01
1.089045662609336440e-01
1.437193085245424273e-01
6.536545476171413682e-01
3.088309578862952764e-01
4.585979875166383835e-01
1.330458182717764171e-01
1.147918014956474664e-01
1.332991066658645585e-01
-5.635046041922741056e-01
-9.766377308312238492e-01
-6.594113415241189546e-01
-5.101658716612644806e-01
-3.147088173534435263e-01
-4.114433911397189503e-01
-1.292982774190478412e-01
6.707967937867087560e-02
-2.054296399291987707e-01
-3.016668749066385158e-01
-2.759465717985916111e-01
-1.107561119099777780e-01
5.436542821266786979e-02
-3.958267774513228865e-01
-1.810510894268800575e-01
-1.868648519462170476e-01
9.350045384266272852e-02
-8.359337821928217865e-03
-4.180541591871560492e-01
-4.314651220708094481e-01
-3.436366120936388824e-01
-5.732758458284760161e-01
-6.270595779212214671e-01
-6.536047833864284673e-01
-3.531401673744166136e-01
-3.550098579568924384e-01
-5.670854439409664938e-01
-2.587749116924410453e-01
-1.074966579068117184e-01
2.858153628583176564e-01
-7.437601653496320707e-03
3.838381749893702288e-01
1.802976998951208998e-01
1.682306003872593436e-01
2.617833775378628491e-01
1.269794566805388658e-01
5.898622720035107125e-01
1.386367630369204074e-01
8.411157199002347595e-02
1.329006419520003257e-01
3.616172307129438164e-04
1.608592636725491853e-01
5.923951788542562019e-02
1.958390620143983241e-01
-2.041898743074403999e-01
1.447806394697032373e-01
2.394523608810137927e-01
2.827564181874905325e-01
2.408827273563002580e-01
3.682617768009125991e-01
-1.026655331940096033e-01
2.320106739867771051e-01
-1.210201421127667099e-02
1.907234845167150861e-01
1.199887356469726690e-01
-1.752687115884315333e-02
-5.547931308385740425e-03
-2.080051633840011849e-01
-4.986459832278023474e-01
-2.581037098069836055e-01
-3.336181369201834390e-01
-2.700803460752606022e-01
-8.411371000913397955e-02
-1.287993567279100693e-01
2.771894812943804798e-01
3.147738294586976959e-02
-8.177858647112812296e-02
-1.718241320467178007e-02
-2.101141530588784001e-01
-5.702142388001313345e-02
-1.298505868018941800e-01
-8.309648041955769449e-02
1.988679039835318241e-01
-7.241197042451147196e-03
8.138165743774145033e-02
2.121077406565989587e-01
3.782221773141525301e-01
-2.215473524627017965e-02
-6.689801527868728670e-02
-5.196731452135089357e-02
-4.376103726340728473e-02
-2.980539435177461671e-01
-2.319876568963810115e-01
-8.842112838133399377e-02
-3.357691946577107123e-02
3.915427859972933633e-02
2.140401592361002719e-02
3.269319102175722441e-02
2.701122833518181388e-01
1.537185054812089946e-01
1.925840568290970167e-01
2.166718099316536084e-01
4.823591185630053402e-01
8.023558599571614103e-01
6.685282523627733564e-01
1.781374064603069851e-01
3.596933217801263627e-01
5.753334849610174107e-02
2.757997065809389761e-02
2.836995376105291289e-01
3.570774330295825583e-01
-7.785187586303669860e-02
4.025473939010484892e-02
3.423796537889325364e-01
4.917028999769648689e-01
7.197998417555369066e-01
3.035567636075938922e-02
-5.800347095994159430e-01
-5.737292525657987363e-02
-1.180401707572848596e-01
3.384004965444229462e-01
1.217615917743956055e-01
8.042817178802198763e-02
2.028445043248667812e-01
2.983455463655578233e-01
5.490804644076808794e-01
6.172749964609761664e-01
2.394929263871897474e-01
-7.657407587657845405e-02
2.044074537241141742e-01
5.678679397934943696e-01
3.098110689413798302e-01
8.739783924439576204e-03
5.072268357891656088e-01
1.895579060052241527e-01
2.489901608686226897e-01
2.393697216310462783e-01
3.769032435367394851e-01
5.698835962181338921e-01
6.710580602033839881e-01
6.549131914390364795e-01
1.283268914102904668e-01
5.772315363983120395e-01
3.931049236656802282e-01
6.903898516039190802e-01
4.258378287894962755e-01
4.275771759614195311e-01
5.295099014454565101e-01
6.396400351103088688e-01
-1.247080582604586235e-01
2.011704055977389105e-01
2.876050443947840707e-01
1.855853899028906961e-01
2.187164096368320043e-01
1.358066972490871716e-01
3.647560387935694926e-01
7.612857949019731507e-02
-1.319994304680154329e-01
1.539447020027517876e-01
6.104746970759941105e-01
4.516571263473413977e-01
4.035971798738731131e-01
3.346940745814097617e-01
8.936958639718631248e-02
2.420791671412551860e-01
3.456348288802200130e-01
4.778502879425415295e-01
4.414712386929596222e-01
6.682344793003881511e-01
-3.537058398860015024e-02
-2.827362205452334520e-01
-3.663938082330464585e-01
-2.425785150703203830e-01
-1.989839693906202689e-01
-1.787728323488637638e-01
-3.256777201402092370e-01
1.751384642669704117e-01
2.262888591708321628e-01
2.818515803033663780e-02
-2.502142474530286219e-04
-2.794123877653987842e-01
-5.792985054612670437e-01
-5.442901971684348528e-01
-3.481273328287736168e-01
-1.569132760141061789e-01
-7.975031656622377785e-02
1.113478777326161184e-01
1.504197259093454329e-02
9.826159117961483572e-03
-1.908326326493751668e-01
1.092974177821146586e-01
1.053813626515569257e-01
-7.001765865630785179e-02
-7.503583908437071312e-04
-1.498981046828707642e-01
-4.617947402216004416e-01
1.704762871612788555e-01
4.717053242600355301e-01
6.530334951725264014e-01
2.369416509002851001e-01
-2.734129235101245836e-01
-4.866030538822032486e-02
1.646627926623589755e-01
1.748423900240109186e-02
-1.724172827089577587e-02
3.122429035020276022e-01
2.006607716444511469e-01
-6.474990333019471633e-02
-4.462836171647641681e-01
-2.577084172342549162e-01
-6.774456221046039339e-02
2.159815258752768030e-01
3.840101615835718740e-01
2.926504143483624754e-01
2.393659112952794543e-01
4.813744133186397267e-01
-5.062072830540971860e-03
3.212322564396182245e-01
2.156160482676977297e-01
4.401511168720611544e-01
1.063296340370572635e+00
6.850010074464299992e-01
6.044598382178401064e-01
5.294890742724753796e-01
3.373324316372298126e-01
3.594946705893957341e-03
1.196176733842363171e-01
8.533176860120504637e-02
-2.851253229382898213e-02
1.167398320387015298e-01
3.203663218321715633e-01
1.776628171978878457e-01
9.584620475350677515e-02
2.576037041487255208e-01
2.271326633496265901e-01
-2.982806220325436852e-01
7.081843711807941921e-02
1.342489895823196777e-01
6.109488495952760528e-02
2.721270207480289138e-01
2.343375479214553359e-01
1.873418912817355064e-01
2.041238193453764338e-01
2.212218893940449127e-01
2.755366236539571467e-01
1.742422282185797366e-01
3.990748669218937006e-01
5.905888848011997538e-01
7.199243214310849792e-01
6.807108015450704652e-01
6.196495539603126268e-01
-1.151149997608812009e-01
1.278189979877388527e-01
5.512714041896259465e-01
6.252403911556485561e-01
1.585779405052067104e-01
6.905279832370299353e-02
2.609414560616120649e-01
1.054871619512473407e-01
1.248228699562190236e-01
-1.022785680356168708e-01
-1.899210041129687221e-01
1.791548614159603481e-02
-1.309297958059408573e-01
-1.914618245961094076e-02
-9.317224604465783322e-02
2.364935025114598688e-01
-2.162381675924540114e-01
-1.677322681408983940e-01
-2.716287975800769638e-01
5.819015051703943509e-02
-1.829982156765379980e-02
-2.192511093189450089e-01
2.576981499820953925e-01
1.243184462558907660e-01
-1.340951659528939188e-01
6.580030068635325455e-03
2.311783129404595682e-01
7.362975844577904772e-01
5.267613308803701377e-01
5.794370422958519118e-01
4.675866760095507280e-01
5.932716289657810060e-01
7.038477026123849400e-01
2.123457016996784241e-01
2.681932468835285244e-01
3.897632425619504404e-01
2.532279137171958849e-01
-3.675306786273902643e-02
