# data in one-minute intervals
-1.429779750202209065e+01
-8.128388586152242468e+00
-6.024739387468261320e+00
-1.152567561676774943e+01
-6.438198791064415616e+00
-5.768976035787469314e+00
-4.564204936032985493e+00
-3.094023090174602419e+00
-5.703853653650359234e+00
-5.027705520280709273e+00
-1.517389668695387250e+01
-1.938889188753839221e+01
-2.249288490885157543e+01
-2.049343410269259991e+01
-2.196005404834134467e+01
-2.047711590273862470e+01
-2.473335003556629275e+01
-2.310838555620252777e+01
-2.340221767559236454e+01
-2.508422576195023979e+01
-2.670189535455081398e+01
-2.803259497854874738e+01
-3.215512488027572147e+01
-3.850685700980289283e+01
-4.550195416829964756e+01
-4.644033532583370771e+01
-4.988352279615088491e+01
-4.905213343691990246e+01
-4.666816665439508682e+01
-4.985666068158805331e+01
-5.972438513983246366e+01
-5.490960696983990630e+01
-4.521054496322277316e+01
-3.992955894283858242e+01
-4.543048997133326594e+01
-5.033666999360893612e+01
-5.483091850290191616e+01
-5.077359445617171474e+01
-4.569261090761352762e+01
-4.545251101139313477e+01
-4.768842654931040670e+01
-5.166676413119832034e+01
-6.594208269340543893e+01
-8.542520238214301287e+01
-8.843414677878456587e+01
-8.727892027640568529e+01
-9.203887110809699834e+01
-9.066823921747707971e+01
-1.002375681613054041e+02
-9.548392235841274100e+01
-8.659559436478893701e+01
-8.995195078052151416e+01
-9.417231510392475968e+01
-8.431739536401084933e+01
-7.426964727955704859e+01
-7.212203704955332739e+01
-7.315230061888803448e+01
-7.400128636405806049e+01
-7.499871525442473796e+01
-6.920792520962595518e+01
-7.823401013630549983e+01
-7.482976213290640999e+01
-8.120962826434757176e+01
-8.535584973731529601e+01
-7.676270010382818043e+01
-7.853784224841191985e+01
-8.751887583394888281e+01
-8.916432769358955568e+01
-9.317496317623786695e+01
-9.711396253108907217e+01
-9.144552012648328798e+01
-8.554545720546529708e+01
-9.472684097926904201e+01
-9.832416066671720500e+01
-9.749180943094212637e+01
-9.880180815816714812e+01
-9.357726255801675563e+01
-8.682459625300579376e+01
-7.971264590196467736e+01
-7.401971321569787676e+01
-6.638839332096807766e+01
-5.868254647285758097e+01
-6.068010816227836557e+01
-6.027392964610356074e+01
-6.414652934511663318e+01
-6.132755976633535511e+01
-5.754606013395479636e+01
-5.244152406613099515e+01
-5.131646433040748434e+01
-5.576057510506307580e+01
-6.382332113177254485e+01
-7.970550413371243792e+01
-7.667221365867847283e+01
-7.639506015297534702e+01
-7.463317263595138229e+01
-7.606073761124127941e+01
-7.433632340121563686e+01
-7.874153626686997143e+01
-8.558341685793824638e+01
-7.380664124124427872e+01
-7.504345081778625115e+01
-7.257432134917971212e+01
-7.561803074255148260e+01
-7.022901380210545597e+01
-7.151355307007756323e+01
-7.001383256536178123e+01
-6.737976718932888787e+01
-6.869926249403570750e+01
-6.427594052838263394e+01
-6.749816170127175496e+01
-6.687742129287497050e+01
-6.054068240036215087e+01
-6.218558050197954401e+01
-6.429251611604608740e+01
-5.299575302619726358e+01
-4.879863312144632204e+01
-4.612502654699098059e+01
-5.669721862573274507e+01
-6.057249366851907268e+01
-6.768787106988506252e+01
-7.489566361564814656e+01
-6.322916323276254502e+01
-6.224642942479643182e+01
-6.616672165782551929e+01
-5.894047797033829283e+01
-4.592773610419563823e+01
-3.756580864934532116e+01
-3.260891042325872036e+01
-2.860747483575454098e+01
-2.536979554363581002e+01
-3.260269188973884269e+01
-3.384837269469600329e+01
-3.488664629415499974e+01
-4.603553999162446786e+01
-4.145469426703987637e+01
-3.389538492587764296e+01
-3.196006450260331633e+01
-2.667043758055353919e+01
-2.146211538975274635e+01
-1.986958260232715645e+01
-1.243768365137534104e+01
-9.647066715527396141e+00
-1.723005860747589324e+00
-6.062957502945517163e+00
-1.554833678981090150e+00
-2.079580924364583805e-01
6.199456987648821915e+00
5.141005202863362378e+00
7.336974828660112635e+00
5.079644559029579121e+00
-1.561277821480504757e+00
5.500595666231118841e+00
4.587633455430778717e+00
7.806163635812724877e+00
1.309215466338254608e+01
2.044759018748756318e+01
2.318674628628955503e+01
2.399478438101641231e+01
1.719705429237394512e+01
1.490327005553996997e+01
1.206170133703292358e+01
1.364773478764767134e+01
1.063822113191431562e+01
9.183460138465422418e+00
1.041329201235697255e+01
1.101452112146303541e+01
1.534207370561583872e+01
2.508326004250218233e+01
1.873887797718148462e+01
1.190472071551055677e+01
1.349008658619537471e+01
1.301879848662879091e+01
1.240489612225069216e+01
1.868792665642227746e+01
1.689269473519318865e+01
1.288756709560307101e+01
2.225605679518524482e+01
2.530727813568206486e+01
2.932426030551694041e+01
2.735012201010372479e+01
2.931390022482867863e+01
3.118059444047132800e+01
3.891845459789718120e+01
4.221626533402300652e+01
4.847913862494866066e+01
3.441987905103080436e+01
3.287995418881615706e+01
3.897784573089125360e+01
4.311757525166513716e+01
5.158197639424518144e+01
5.459721242670986641e+01
5.316772568796840659e+01
4.657060552584682256e+01
4.693237702960112046e+01
4.839729860056359456e+01
4.197488968060956438e+01
3.551550347811438968e+01
2.816089227229942082e+01
2.893390339175603643e+01
2.043720148817869031e+01
1.863496676219424231e+01
2.203977536511406043e+01
1.759161446482001878e+01
1.406847303382106951e+01
2.421749868052575394e+01
2.796513633440359570e+01
3.698723658809479531e+01
3.792943185219790081e+01
3.648143102347277278e+01
4.607407588551252786e+01
4.136212799286070663e+01
3.511446005492985023e+01
3.605540302888146442e+01
3.942797450082979793e+01
4.219067863918386507e+01
3.783567588309507812e+01
3.682968369195911862e+01
3.938528071315376167e+01
3.695899371453815263e+01
4.192553543529270854e+01
4.734829968799176925e+01
3.962647145756738354e+01
3.796249855205183366e+01
3.296889933879744916e+01
3.070845723274502603e+01
3.891545816121117696e+01
4.997902025495159961e+01
5.811783768481711832e+01
6.473807509229897050e+01
6.478900512488628749e+01
5.954994024474918035e+01
5.930972300069754510e+01
5.470954513002008923e+01
5.535773719054071762e+01
5.755878855596878196e+01
5.881137281391636407e+01
6.890425766230870863e+01
7.473455131559023812e+01
6.794049911427849509e+01
5.074257051508551086e+01
3.723422244049328356e+01
3.009491633821049561e+01
2.751516981207219814e+01
2.943048984815787961e+01
2.897518886949271177e+01
2.541616193501916499e+01
2.797393312861598247e+01
1.609552416860686108e+01
1.403503741781119629e+01
1.041573562820646082e+01
1.797186863917260879e+01
1.449786857810665275e+01
1.227011868785837478e+01
8.266023562934293523e+00
7.320108599100219493e+00
1.223018558571622982e+01
1.452634947272061616e+01
1.759268361676726755e+01
1.687506257884891170e+01
1.844827833591060440e+01
2.247893828170678887e+01
2.411640640287635051e+01
2.024011764960732407e+01
1.432333111318225960e+01
1.940439085260139152e+01
1.631846130988695265e+01
1.436425820246267193e+01
2.028070480776494477e+01
2.469070224937266644e+01
2.218794681758762621e+01
1.526075807000766282e+01
7.479030146762482900e+00
9.202001251529182468e+00
4.350602902633667335e-01
3.021162508115975420e+00
-1.146921890696040869e+01
-7.986045631891104613e+00
-1.550487379600100546e+01
-2.637074025432479374e+01
-2.284649296496395010e+01
-2.981753138357636246e+01
-3.650687155917907489e+01
-3.698680549169431941e+01
-3.142653063318643802e+01
-2.591620162989789122e+01
-2.240763928578347475e+01
-2.917064000937007151e+01
-2.566058934122612101e+01
-3.499613392098721931e+01
-3.399487501251379484e+01
-3.334291251893945685e+01
-3.211905001551620131e+01
-2.536059140968187720e+01
-1.747990803466414533e+01
-1.570712860672250599e+01
-1.083008053457055908e+01
-9.924389179854362197e+00
-1.553287909060661676e+01
-1.654303144352456911e+01
-1.437246714537473302e+01
-1.923845067324389646e+01
-8.705668210470051349e+00
-2.031833100426262639e+00
-2.733139425824703261e-01
-5.644704458928826440e+00
-6.648296739208340966e+00
-9.757294652137828095e+00
-1.202037734496344257e+01
-8.334094277218479618e+00
-1.085578377036198638e+01
-1.777533253090702914e+01
-2.099466541348030546e+01
-2.708233483637168959e+01
-3.039909709208709643e+01
-2.886879023532824817e+01
-2.671146948169807800e+01
-2.895123224028605691e+01
-2.903315100327705878e+01
-3.387269837131201200e+01
-3.707370094473834143e+01
-2.634808589799320799e+01
-2.221973189147445993e+01
-2.148557334999248880e+01
-2.340806189343016896e+01
-2.456856287724322030e+01
-1.787298266178509820e+01
-1.044608857490948672e+01
-7.198376387188662129e+00
-9.127402731764519217e+00
-1.446701374241960636e+01
-2.194353405748195485e+01
-3.104704642423365257e+01
-3.568699497498864304e+01
-2.138539470606573545e+01
-2.711856913629463861e+01
-2.216353386774512657e+01
-2.846553355375941408e+01
-3.426047030593822029e+01
-3.221087180752574852e+01
-3.463563218655465192e+01
-4.202511734490839501e+01
-3.406714081074657940e+01
-4.197513488852674612e+01
-4.076299487528013543e+01
-3.307352068619226770e+01
-2.431776823316399216e+01
-2.935198428275484872e+01
-3.010462077654741364e+01
-2.539465131333249914e+01
-2.440653498051279158e+01
-1.925465312054610223e+01
-1.488827239225241428e+01
-1.089098825926568814e+01
-1.289459178750261259e+01
-1.512841132894796381e+01
-1.984992370055876876e+01
-2.184201354241524484e+01
-2.242607925367101984e+01
-1.912550861075102304e+01
-7.135898008464874209e+00
-9.955033427260380208e+00
-1.572628580540218124e+01
-2.432832781368972164e+01
-3.041106272973916802e+01
-3.598810665706205469e+01
-3.303456159916419921e+01
-3.116199239309483815e+01
-3.476432861839925437e+01
-3.786754543315228716e+01
-4.406678379792118960e+01
-5.820772142289970219e+01
-5.380530502592685593e+01
-5.575249379862994203e+01
-5.009639451248108344e+01
-4.541385098602417258e+01
-4.338510550110412822e+01
-5.966012652467776434e+01
-5.388241334614545508e+01
-4.332440885024988830e+01
-4.813346197863878473e+01
-4.283193473448611854e+01
-4.719311947187026846e+01
-5.614828375668511740e+01
-5.412756040362575760e+01
-4.578682577588458003e+01
-3.965325671620433923e+01
-4.372133479347183282e+01
-4.890515995026713369e+01
-4.499805973686765270e+01
-4.584118038798050776e+01
-4.784797798579084827e+01
-3.839462130636879067e+01
-2.578189830558307705e+01
-2.086450655122077080e+01
-1.713342950636094386e+01
-8.675133604033815615e+00
3.114314622188014692e+00
2.943526499619194770e+00
1.030863732982862579e+01
7.219300110875281007e+00
1.832955609692735166e+01
2.399046244981101239e+01
2.179215925965446132e+01
2.289232368670918660e+01
2.177954998690224286e+01
1.267001046785179064e+01
1.359243600345878100e+01
1.815451483240236996e+01
2.964330704086441415e+01
3.821244042345687575e+01
4.284395011721149871e+01
3.227272895852292578e+01
2.243496693905186135e+01
2.215899755231242452e+01
1.491557746779216842e+01
7.528532558504968719e+00
8.463682718046504405e+00
5.359148457937234156e+00
5.196648068234861029e+00
7.171945966540681283e+00
4.144728575411318339e+00
1.287477389701157016e+01
1.295019570333840875e+01
5.540601660914764359e+00
1.406882028097106607e+00
-3.883387988793868928e+00
-1.604095740597898256e+01
-1.753763933928930285e+01
-1.852802790257290155e+01
-1.576626042643621517e+01
-1.562786654820876642e+01
-2.273299056781647209e+01
-1.702347015607435310e+01
-1.212523012181222981e+01
-9.480707005433728796e+00
-1.296710065715731552e+01
-1.985738018613607636e+01
-1.370022392431325287e+01
-2.997690039764711045e+01
-2.683030356466010602e+01
-3.498178417323413925e+01
-4.256551405399820709e+01
-4.645803635598918646e+01
-4.551715691929249630e+01
-4.209027182021103641e+01
-3.865240200100969759e+01
-3.946659258582425878e+01
-4.194944039525517354e+01
-4.827331025152552968e+01
-4.966227402540587121e+01
-5.817395873568722209e+01
-6.020584706278854270e+01
-6.079101251109995019e+01
-6.100633994947997962e+01
-6.783854224259214050e+01
-7.875272134316961115e+01
-7.329702558906765830e+01
-7.571030852752771523e+01
-6.439084775364489133e+01
-6.413476885913534886e+01
-6.502413344157612585e+01
-7.221361422324919488e+01
-7.108985401923926872e+01
-7.086840957408359998e+01
-7.783970447442584373e+01
-8.401582008526928291e+01
-8.970916338255881328e+01
-8.646232905241367916e+01
-8.978829020524722182e+01
-8.900630753549084773e+01
-7.839427481854066571e+01
-8.169714674571619639e+01
-7.340518248423539660e+01
-7.053852213314537778e+01
-7.902989177192584691e+01
-8.258851058677754509e+01
-8.653161696487997290e+01
-8.215188078583450704e+01
-8.070033913432034467e+01
-8.751539673231916083e+01
-9.059406715447444469e+01
-8.342921050690405593e+01
-8.260822121782528882e+01
-8.679210379644642614e+01
-8.186235931074678263e+01
-7.824021482608766576e+01
-7.596445182843693544e+01
-8.245669558088913220e+01
-8.065623832874742050e+01
-7.629861357153865242e+01
-6.929266397033980240e+01
-6.332031671953706820e+01
-6.297120190026327435e+01
-6.824309535724486864e+01
-6.966619468206704369e+01
-6.798701698514533120e+01
-6.439979147545248850e+01
-6.153565046619920054e+01
-5.997936985549136324e+01
-5.684655780986449969e+01
-6.129668841225493736e+01
-6.777761144098009538e+01
-5.849838536959787660e+01
-4.961289419593914829e+01
-4.344155630082379105e+01
-5.290592405900076756e+01
-4.173690046036515611e+01
-4.381730481109077147e+01
-4.020570946063335782e+01
-3.311135635766534335e+01
-3.081240819718770041e+01
-3.754590214920222024e+01
-4.035491374328717740e+01
-3.159505377936710246e+01
-3.912478719250937331e+01
-4.429370782155610442e+01
-4.322194359484075932e+01
-4.071546841934588201e+01
-4.433506587543543986e+01
-3.495587763367977630e+01
-2.293148206567871128e+01
-2.714119763164734067e+01
-3.095231615913442980e+01
-2.851162729079763380e+01
-2.309946549958575801e+01
-2.551340119342044233e+01
-3.905127670832418829e+01
-4.653614076451728465e+01
-3.809614580499463443e+01
-3.790402095314099995e+01
-4.475584398551120557e+01
-4.489461463492313698e+01
-3.678975224211641404e+01
-2.596044986611751426e+01
-2.403649439525440812e+01
-1.819988799639110510e+01
-1.624427617889729447e+01
-1.479990580490909480e+01
-1.350041684972316247e+01
-1.469123179735347406e+01
-1.791414717516751054e+01
-1.598342231733447782e+01
-1.293605917436134511e+01
-1.631277635425667327e+01
-2.371048578531156537e+01
-2.457393357951836776e+01
-2.597066811546909193e+01
-2.187086155542603549e+01
-1.963031675040811663e+01
-1.338933682564604766e+01
-5.869984818165240981e+00
-5.293058347357052718e+00
-1.080691474404994912e+00
1.864448738637274616e-01
8.279923728238385294e+00
5.372209315968810905e+00
6.779602076369296348e+00
1.666957073678495771e+00
2.296623021105723250e+00
7.805207234921462955e-01
-8.211244096584586760e-01
2.619916840803671931e+00
2.148752962906331110e+00
7.619392776554060331e-01
2.446405442817305875e+00
-2.951954567836055698e+00
-6.357203446844436279e+00
-5.641501629979627452e+00
-3.187759326300892315e+00
-7.099328871917626849e+00
-9.424574070562467654e+00
-1.049607136100958016e+01
-2.467051828780583733e+01
-3.372620018821775290e+01
-2.402097656226455769e+01
-2.225468965463125670e+01
-2.111052464037078380e+01
-2.519957692284551953e+01
-2.865113621696615098e+01
-2.456079857730664173e+01
-1.392538402043138923e+01
-1.228519227638725475e+01
-1.669097417055591848e+01
-2.288343473703626429e+01
-1.829570926152234023e+01
-1.981888533090896232e+01
-2.205545399023048247e+01
-2.181148243793054675e+01
-3.404342131433326557e+01
-3.109836588033031646e+01
-3.489628559925959905e+01
-4.844051456925105015e+01
-5.338952814153933701e+01
-5.879186349752050944e+01
-6.181759461605327033e+01
-5.856878437862690134e+01
-5.182801520957070807e+01
-5.220528793653562616e+01
-5.467277324021644347e+01
-5.183831690340279863e+01
-5.037698998988168597e+01
-5.130748636140305763e+01
-4.078126200511486132e+01
-3.322224827120124502e+01
-2.048027330251343869e+01
-1.731744917284447638e+01
-2.842020744943147648e+01
-3.138408241047939740e+01
-3.275300773003282728e+01
-3.592276230270179838e+01
-3.257949619134723918e+01
-3.314790347610078669e+01
-3.897180801106466674e+01
-3.851089322374528479e+01
-3.958291356166132147e+01
-3.425581285280689769e+01
-2.630401882830952331e+01
-2.537807960182600908e+01
-2.805830944207846045e+01
-1.861117835899936068e+01
-1.943021149619694654e+01
-1.458483401288349057e+01
-1.071742833730518285e+01
-1.362043004995370765e+01
-1.169164432523125541e+01
-1.508368715389122805e+01
-2.238306347286290787e+01
-1.659236050244122751e+01
-7.564551940698358123e+00
-3.855335193516498560e+00
1.087817117586131754e+00
8.444734401308810590e+00
5.995406787620972899e+00
7.929875739701081727e+00
4.633869102337442314e+00
7.997085918439074348e+00
8.403585074696858115e+00
4.814439900627152547e+00
1.547087929987565502e+01
2.824852155166789203e+01
3.017025236893934803e+01
2.572748131418488171e+01
2.435395879436128652e+01
2.242389516905642566e+01
2.342510954522113664e+01
2.923383902220237829e+01
2.938470717613206773e+01
3.290651176066641170e+01
3.290587354399161057e+01
3.185869459135462023e+01
3.448948353535194400e+01
2.411013411646054294e+01
2.198483387936041922e+01
1.717650854428433149e+01
1.986915392557631677e+01
2.452776341069498400e+01
2.837150394988854885e+01
3.243828891296903549e+01
2.294136946596095683e+01
1.684311013055991424e+01
1.318177702851859401e+01
1.826812138217197301e+01
2.246040726279900568e+01
2.008833188528042513e+01
2.159844880489994168e+01
1.728562839318082922e+01
2.438890614970673454e+01
3.472726797839399637e+01
3.145566111102616702e+01
3.792297094501883237e+01
3.627985065176121537e+01
3.115183747097848865e+01
3.172397305894826758e+01
3.323320297171130022e+01
2.973164384430170770e+01
3.110860759369889195e+01
2.413751148720114159e+01
2.299456725074169228e+01
2.378741783381365593e+01
2.196896160171224111e+01
2.359665622646642191e+01
2.272595573952994386e+01
1.888810917672179457e+01
1.910727593294464555e+01
1.702942096800414262e+01
1.524708558245204770e+01
2.316480978883980768e+01
2.901152463556138628e+01
2.459947277112926400e+01
3.111970566176353969e+01
2.476128189076796460e+01
2.236815602833747363e+01
2.014264057926963503e+01
2.234449275972644600e+01
3.043842014959827935e+01
2.390227520323236376e+01
2.930204152992652311e+01
3.049957386158249761e+01
2.994208171518095440e+01
3.362705806225334726e+01
4.942217875887615719e+01
6.295119500004859248e+01
5.825962458241242814e+01
6.158617298145554031e+01
5.995508127040629631e+01
5.181478587394170177e+01
4.993765404376778605e+01
4.203321230649751072e+01
2.935863748816395713e+01
3.376719774526930706e+01
4.570740915071194621e+01
4.931779940435416165e+01
5.559456490411997009e+01
5.835375232893952102e+01
6.003566437444261084e+01
5.300827544673379066e+01
5.112172705166495490e+01
4.745343030658581540e+01
4.475820504399173672e+01
5.114239995192333055e+01
6.065404663149560349e+01
6.657264974715207018e+01
6.891029589738789696e+01
7.808505104516602557e+01
7.946868078306827954e+01
8.268768739503609311e+01
8.568768200679497227e+01
7.911042639983948277e+01
8.375959135975701031e+01
8.557152152328222883e+01
8.320972597951021044e+01
9.133200402455463518e+01
9.307286056986194467e+01
9.455922096308890445e+01
1.029313242641943162e+02
1.038020158342368546e+02
1.007117572563103494e+02
9.455741902731912774e+01
1.016999012048513578e+02
1.048460167740581710e+02
1.053461397303093037e+02
1.066801373321576136e+02
1.030117374014614313e+02
1.079954136036838719e+02
1.046893066902746341e+02
9.216885688962001666e+01
8.301024563543373347e+01
8.860963248920724311e+01
7.817005137752283872e+01
7.872222146119129604e+01
7.523103569291899362e+01
8.152794906910200723e+01
8.109108094878438067e+01
7.238021733549648218e+01
7.118659941305320160e+01
7.241390374140365793e+01
6.872693714686000988e+01
5.859487858930444304e+01
5.471136071502027676e+01
5.846321785971112206e+01
5.311162282684593805e+01
5.282890504319895797e+01
5.632242763497721683e+01
5.196606058159120067e+01
5.529723688739790077e+01
5.553687934849406105e+01
6.093143725446111603e+01
7.324781593753696995e+01
7.565494217366921248e+01
7.556088070198882178e+01
7.744008984944029805e+01
7.981733934745740555e+01
7.548977199114314374e+01
6.901202300135938117e+01
7.586929526684829739e+01
7.355268109762268125e+01
7.340120114397169004e+01
6.314354292580151906e+01
5.687661817202882020e+01
6.768609551833912974e+01
7.298599692699430364e+01
8.035172745025325014e+01
8.033785144322919791e+01
7.834993884317246682e+01
7.849142071848000057e+01
7.270212031355862337e+01
6.986484772879627769e+01
6.246506107412321995e+01
5.910684190637424251e+01
6.293857681966392903e+01
6.914064724406328821e+01
6.226120558200469901e+01
6.160526253203563130e+01
6.439613455073684634e+01
6.779002882016939679e+01
6.812641823815462772e+01
6.601273758894063803e+01
6.607517221585331413e+01
6.857924131103746390e+01
6.898308725978978373e+01
7.516489460548172019e+01
7.515914078998704895e+01
7.008861546395057474e+01
7.320812705512264529e+01
7.100546283231174982e+01
6.679813722086461780e+01
6.225342764573012744e+01
5.943051695577763383e+01
6.239750474264123170e+01
5.516461224087749571e+01
5.178049737906126637e+01
5.504179997682985714e+01
6.036635821632642518e+01
6.122267573538096030e+01
6.295716676214930629e+01
5.538831826224074462e+01
5.509818022039386420e+01
5.998735260992577167e+01
5.735548541295842284e+01
5.602380665219293121e+01
5.090824063718000048e+01
4.767714366945382665e+01
4.551470020852369913e+01
5.719445427628873801e+01
5.309161835048062983e+01
5.494486043452510415e+01
6.156318985113381359e+01
6.240649116286484599e+01
5.696811186579208908e+01
5.531486656033036553e+01
5.072764505794946643e+01
4.991646508225748846e+01
4.546005756602183823e+01
5.294941571736718089e+01
5.398730171761884122e+01
5.005230862335173470e+01
4.877748572697305462e+01
4.342804737104060564e+01
4.417235717656295435e+01
4.161901507757816177e+01
3.022030544622649018e+01
2.817960493247710474e+01
1.640949707309031069e+01
1.452144867138165374e+01
2.167407883118374556e+01
1.988625593192202246e+01
2.224733659539504771e+01
2.828160976875758337e+01
3.453062847459886342e+01
4.083726502625239618e+01
3.801250846356513335e+01
4.053976159930907386e+01
3.971500550941888008e+01
4.307014380224656236e+01
4.773512306470274780e+01
4.861372265853439956e+01
4.515884005222422104e+01
4.032254226302976718e+01
4.172309461026995336e+01
3.741487282042108120e+01
4.252666828450115588e+01
5.209703176883392928e+01
4.944274563225015129e+01
5.282009879308876066e+01
5.051629343195315158e+01
5.723722728435424045e+01
6.782031720725728974e+01
7.934126937667296886e+01
7.386254026540666473e+01
7.281873723978193880e+01
6.604971866375169043e+01
5.580466500887093417e+01
6.151931397031324877e+01
6.327416671470795961e+01
7.044847800100660606e+01
7.854177663026588618e+01
6.970138780760575514e+01
6.914586467072606979e+01
6.865608951196344378e+01
6.401721484845948851e+01
5.558285627201169632e+01
5.144729893732540660e+01
5.580363366727028307e+01
5.916940773561659483e+01
6.824084816580955248e+01
6.524626578651580644e+01
7.105002718229364689e+01
7.476402148610348775e+01
7.462922269109689921e+01
6.394476027225977077e+01
5.978840517993494785e+01
6.193180442509740402e+01
6.310064798903571415e+01
5.559743748675515462e+01
5.084643837600313532e+01
5.586703444919432116e+01
5.563587020348735024e+01
5.575402602612407321e+01
5.297761087311269534e+01
4.622267788662891519e+01
3.840527106335913032e+01
3.695539262695311322e+01
3.999410453789658959e+01
4.473943288362313808e+01
3.725123003301492020e+01
4.244744037649006430e+01
4.144147479324995942e+01
4.393748754452789029e+01
5.114986609480063606e+01
5.202048720581005625e+01
4.482688340864974919e+01
3.489381793646749230e+01
4.197350643000758197e+01
4.205408061040829182e+01
4.379215134343639448e+01
4.230981974329407080e+01
3.955413992859642036e+01
3.836811304555020286e+01
2.954261178926802600e+01
3.270830868998978502e+01
2.795415291246924028e+01
2.483566489582614167e+01
2.205406235303388840e+01
1.802526026309599771e+01
7.042051616732741159e+00
1.007326663818098389e+01
6.284937771593416933e+00
1.221494029562805039e+01
7.723198595629460206e-01
7.950110742890963145e-02
6.121795628387327604e+00
5.306424954953607553e+00
9.381269669848384396e+00
1.375001015217745426e+01
1.897998254778402227e+01
1.164927950891309472e+01
1.326972237454362791e+01
1.819719469245258736e+01
1.047847719185975990e+01
1.449999671142312785e+01
1.557632482610775959e+01
1.604127857540548874e+01
1.765470740526172477e+01
1.538589007681415310e+01
1.446080321317314699e+01
1.499817457367080609e+00
-2.659516443920373341e+00
5.393262613018280582e+00
6.754279099569547640e+00
3.228023898565335781e+00
4.262453878282753905e+00
2.579841731291914630e+00
8.406034986518989172e+00
8.182923560995494228e+00
1.128188192538388712e+01
8.769728488606142847e+00
3.750512564461056186e+00
4.615145306464071950e+00
-6.160844775857537980e-01
-9.634319900296896222e+00
-1.424117418797976597e+01
-7.737148733649972243e+00
-9.106267308206847488e+00
-1.191885294613897450e+01
-2.039309466556593264e+01
-2.365527076908317028e+01
-3.002902680998120744e+01
-3.313109060641353665e+01
-1.867592780520406137e+01
-1.902170048173741534e+01
-2.732576176261998313e+01
-2.769857129161190201e+01
-2.307326208509179466e+01
-1.678792930629735025e+01
-1.715414606350199023e+01
-2.601700306931378393e+01
-4.250690648708393127e+01
-3.734302895711093839e+01
-3.508914511120594426e+01
-2.496023745871972466e+01
-2.545455956441517031e+01
-3.264429595089708869e+01
-3.697175218797512741e+01
-3.747599780174629558e+01
-3.729373737697962810e+01
-3.411516400278743077e+01
-4.277063272081235823e+01
-4.322532759185620677e+01
-4.222938785238773107e+01
-3.605894185485179548e+01
-2.682076424717707397e+01
-3.063350753649782021e+01
-4.150897103710518365e+01
-4.526084421537146341e+01
-4.262889093878369806e+01
-5.179852119812532152e+01
-5.827711653900566091e+01
-5.877355771828477060e+01
-5.577102902406967644e+01
-5.763033917211040347e+01
-5.383429372999489004e+01
-4.925539933970466677e+01
-4.918803986154551922e+01
-4.199622566305643545e+01
-2.753516220027826122e+01
-3.080273215382251806e+01
-2.640301800634136242e+01
-2.640502922396558816e+01
-2.567154709989261718e+01
-3.345990324440262498e+01
-2.137133814620360184e+01
-1.940096166250696186e+01
-1.574237476599816077e+01
-2.286251576701608812e+01
-3.017520199463864472e+01
-3.564301528444151046e+01
-3.921750805231557990e+01
-3.242615596881704221e+01
-2.634559366367978228e+01
-3.029171930164988069e+01
-2.987737996991533862e+01
-2.095168342686216789e+01
-1.384596991515681985e+01
-1.482392504486798934e+01
-1.825127421882092094e+01
-3.101424528266179692e+01
-3.506030555536755600e+01
-3.634301594530289492e+01
-4.292873845012859846e+01
-4.594733126486644892e+01
-4.509749007954621192e+01
-4.502871057653037923e+01
-3.648869011500858761e+01
-3.449572947318401361e+01
-4.594292665612876192e+01
-4.172138755226551154e+01
-3.854097588831165666e+01
-4.293756797167590378e+01
-4.743996706990280643e+01
-4.781842363252689410e+01
-4.528701346073251699e+01
-3.818443039608835932e+01
-3.038518331575202325e+01
-3.370567799158308731e+01
-3.959015674323018885e+01
-4.107658522793592226e+01
-4.146050634908873178e+01
-4.740235066464317981e+01
-4.934137013744149414e+01
-5.350750218254949431e+01
-6.007908871540975326e+01
-6.063493403289957939e+01
-7.064780309168844497e+01
-7.565115435391454923e+01
-7.979356761847731150e+01
-7.908677909396173789e+01
-7.985505105395161252e+01
-7.717610671214765716e+01
-6.959112140458485385e+01
-6.984153565372150752e+01
-6.843301156762417747e+01
-7.369285634189718337e+01
-7.274071551266834490e+01
-6.772932818731609927e+01
-5.525838609529390055e+01
-5.085648025338157652e+01
-4.516088160970159748e+01
-4.059102612879940608e+01
-4.133375298788904217e+01
-5.405624643075943681e+01
-5.694480565794982141e+01
-5.189648288646282737e+01
-5.260343259402675642e+01
-5.701871199136138557e+01
-5.797853768610968217e+01
-5.144056214342098343e+01
-4.286648271914824448e+01
-4.379291024835961110e+01
-5.198005728964051997e+01
-5.633438578325520751e+01
-5.650389415147309791e+01
-5.064179962864850637e+01
-4.422999153991812449e+01
-4.500869807393358002e+01
-4.563520044159371025e+01
-5.084914051646916988e+01
-5.087564217352172591e+01
-5.197578106388977659e+01
-5.949709397541738554e+01
-6.517749908712167439e+01
-6.276502483315258019e+01
-6.117316541268627361e+01
-6.500621497257486681e+01
-6.422401076938224662e+01
-6.423607317312516329e+01
-6.459573336056610060e+01
-6.078491289699132949e+01
-5.560517859245884864e+01
-5.329984498478778931e+01
-5.007599847219250933e+01
-4.623050826505121336e+01
-4.715371618435356993e+01
-4.133215948822217456e+01
-3.221574762357812460e+01
-3.691816715136441474e+01
-3.750635625515004534e+01
-4.178637154721445057e+01
-5.525733380036559339e+01
-5.938003381926851887e+01
-6.242149933300567000e+01
-6.264011896805674695e+01
-7.010347451562138588e+01
-6.660217040158391910e+01
-7.170464414965150013e+01
-7.604023558505004132e+01
-7.927683562038913578e+01
-7.816904693988072950e+01
-8.520427372272430944e+01
-8.775434528821072888e+01
-7.722081542902319029e+01
-8.095331053782339836e+01
-7.516420102696451977e+01
-7.712222819690008180e+01
-7.456979954549260015e+01
-6.707171164739037295e+01
-6.942842801008168863e+01
-7.173292461175266510e+01
-7.573279215304296486e+01
-7.559436084763264319e+01
-7.047777515381186220e+01
-7.419006314203535624e+01
-8.166508350890512702e+01
-7.446611921168045001e+01
-7.622430753297417994e+01
-7.235549868705456333e+01
-7.353463620264498957e+01
-8.433562859656134947e+01
-8.982904899159053969e+01
-9.207443422977516434e+01
-8.276045359034266369e+01
-7.527798215712807917e+01
-7.581991417573890146e+01
-8.387505080795634171e+01
-8.026210158387007709e+01
-8.087086312307874891e+01
-8.141917427493187631e+01
-8.171552643815230965e+01
-8.597246110211372638e+01
-8.923262907568755509e+01
-8.974995962126328664e+01
-8.516534509997548241e+01
-9.139719483088151719e+01
-8.911439387118078059e+01
-9.083817476036344374e+01
-9.361897560227285453e+01
-9.129824807358576777e+01
-8.424194198011559820e+01
-8.866535920805706894e+01
-9.254689961755279626e+01
-9.418227221758834844e+01
-8.962841706352077153e+01
-9.495261214638063052e+01
-9.763004843762442420e+01
-9.370789911294986041e+01
-1.004264691794894446e+02
-1.068319872611073436e+02
-1.017872729710239952e+02
-9.474026415273969803e+01
-9.209035643350924261e+01
-9.361676984616275377e+01
-8.787134887000290462e+01
-8.855808214861855276e+01
-8.130560877694792055e+01
-7.004593577566831186e+01
-6.708287845731706511e+01
-5.712532134539473816e+01
-6.082882971375119752e+01
-5.552442007417846526e+01
-4.746829453959740874e+01
-4.979913471302383243e+01
-4.393883693429019388e+01
-3.866786743700069451e+01
-3.591936033068483169e+01
-3.605847994724246774e+01
-3.015032561321508098e+01
-2.670248803665513648e+01
-2.806880399084921862e+01
-3.459576126977895427e+01
-3.544774052093124794e+01
-2.581018459035659873e+01
-2.414435448562591091e+01
-2.453158315335802087e+01
-2.309423324127939381e+01
-2.756385963417722351e+01
-2.244809774851296780e+01
-1.356393016251521999e+01
-7.595063684615080746e+00
-7.297900050946178219e+00
-9.823321508315430606e+00
-1.602203838602218511e+01
-4.451444780540680490e+00
-1.577984037383201726e-02
-2.897539675528950198e+00
-7.851280386388210353e+00
-4.519897116119159008e+00
1.572214137416491353e-01
2.787620798613138717e+00
1.425324256517208843e+00
1.860006298751815113e+00
-1.827894260082540301e+00
5.468705120675244835e+00
6.183351718704219735e+00
6.560131952666385935e+00
1.456914638719408295e+01
2.038492598862618621e+01
1.954199781027914540e+01
1.869925132492379660e+01
2.595714264862851550e+01
2.202266344772707285e+01
2.116905163051552918e+01
3.146151637473774443e+01
2.908263723576563109e+01
2.662291487358695008e+01
3.401662319240678301e+01
3.327967617187886162e+01
3.943556682114142831e+01
4.833177301737954679e+01
4.885509155272047366e+01
5.381004578371669567e+01
5.369813961067716690e+01
5.670901115348034693e+01
5.290820414583800613e+01
3.965921465364594667e+01
3.588135592168712407e+01
2.976528671071003629e+01
2.476348314973659370e+01
2.318631769882570026e+01
3.365986181639107855e+01
3.805436880294380586e+01
3.299494966731176504e+01
3.006133286075511180e+01
4.555989194424562072e+01
3.229004826655029348e+01
2.380798050068433369e+01
2.020847406932756485e+01
2.188140317222821096e+01
2.096636787692029458e+01
2.733293753557742534e+01
3.276998155293050274e+01
3.308377276564005598e+01
3.889029124879476740e+01
4.405797135981752177e+01
4.927347413968790590e+01
4.849778312291903859e+01
5.189602689279643499e+01
5.977842904265365576e+01
6.851692775233102850e+01
6.006609913120197319e+01
5.710937942927013466e+01
5.921531013774556129e+01
6.292735309511871122e+01
6.408497903128252915e+01
6.451843185159680161e+01
6.386844751209412152e+01
6.628540325810200784e+01
6.228268005283672437e+01
7.296525179923833093e+01
7.921152364433467596e+01
7.990337506156079428e+01
8.633150186543053906e+01
9.294738320249766161e+01
9.844489796745513388e+01
9.838401903716906816e+01
8.738325054003486514e+01
7.954489196240449189e+01
7.446093507413260681e+01
7.027059712121027246e+01
8.062378194235000706e+01
7.429818719615833800e+01
7.891378640617413964e+01
7.247232446480082046e+01
6.431462839501011786e+01
6.826305046674023913e+01
7.000434196435500667e+01
6.243714101280691153e+01
5.227299876988220717e+01
4.609827592466169222e+01
4.055743728298683948e+01
4.951476945142294994e+01
5.371096642076187067e+01
4.164821070995005670e+01
4.415134122416558426e+01
4.813619285140753590e+01
4.452366270367663503e+01
3.977785498780142603e+01
3.741033610067512427e+01
3.838897219392671190e+01
3.632403554358419484e+01
3.124206956127413548e+01
3.323597403837784015e+01
2.929300975664505202e+01
2.453346054095988293e+01
3.256100392253101461e+01
3.806944996082405197e+01
4.236848489640550497e+01
4.796264674447012055e+01
5.732026855542563482e+01
5.484632265966897791e+01
5.499839407716718398e+01
4.875147677528932633e+01
4.757962842986131591e+01
4.772061575720204019e+01
4.922591778321736911e+01
3.599243474153870181e+01
3.597977285661846025e+01
4.311962733935150283e+01
4.175917722682648758e+01
4.618491153880901123e+01
4.517541590521047112e+01
4.568679708165661424e+01
3.177695266366226434e+01
2.367520536130570008e+01
2.624784850156610361e+01
1.979666237746745239e+01
1.808512801194910935e+01
2.315529627275763147e+01
2.508071733920625945e+01
2.020181353609299890e+01
2.330735431933092983e+01
2.273902992898763387e+01
2.210258701695527250e+01
3.020830581795953051e+01
3.220139035778672110e+01
3.650993674134547717e+01
3.614303168461898252e+01
3.621104701990780228e+01
3.249460391201676401e+01
3.126404309422799699e+01
3.873340805562528288e+01
5.225391421002667869e+01
5.226011559370842008e+01
5.314306641240512619e+01
5.057285656290941489e+01
5.545461649704131446e+01
5.381504517320207270e+01
5.446400264615650855e+01
5.365375365430838173e+01
5.228460333015280526e+01
5.016014459161085171e+01
5.328503155835644378e+01
5.935291000439097076e+01
6.343753752905645626e+01
6.378590886022565343e+01
6.109975928865555517e+01
6.647987556628642380e+01
6.732356191984881377e+01
6.311327760696484290e+01
6.199361744618907721e+01
6.476576059742230029e+01
6.402956062738783771e+01
6.200141015134759925e+01
5.953038140503931430e+01
5.925560716764443470e+01
6.503726232730515733e+01
6.884029932296552090e+01
6.983047655481085769e+01
7.752903954491767990e+01
7.916134140225362614e+01
7.229351693471679141e+01
6.287055533172858190e+01
6.908239221399979613e+01
7.082829969897136380e+01
7.013851816338319622e+01
7.356209211901459355e+01
6.925754599504000453e+01
7.547191618766476040e+01
6.765741938543308720e+01
6.039434464210542330e+01
6.506872066264492105e+01
6.833093331736563414e+01
6.259879622068383753e+01
6.703971929574149158e+01
6.828392657431453472e+01
7.587134380528721067e+01
8.624725821698191908e+01
8.210488880725192473e+01
7.611215279362831154e+01
7.869825305816010541e+01
7.562786386680922135e+01
7.238026219518742721e+01
6.622667578807902089e+01
6.769165708571847517e+01
6.265119555354309000e+01
5.785816970414350635e+01
6.265935425543401749e+01
5.550224807211062483e+01
4.364485502446294873e+01
5.088019126497535893e+01
5.202337017165243083e+01
5.162687578663286558e+01
4.341365879152580476e+01
3.268045169906836378e+01
2.868761752272641274e+01
3.324290384353825800e+01
2.767536414504756692e+01
3.182970413800810761e+01
4.699462862974603894e+01
5.858690302036213637e+01
6.052873575032023012e+01
7.223589177664369743e+01
7.179462203335582160e+01
7.515789671254975701e+01
7.442081326054959334e+01
8.015461945006389044e+01
8.471075967584276611e+01
7.842621125844414109e+01
8.103366299312010312e+01
7.038268617942878791e+01
8.292322146565393837e+01
9.093110196401981682e+01
8.914402588755683610e+01
8.722308147840747949e+01
7.425826104513022585e+01
7.377031075041159625e+01
8.514213893310113690e+01
9.926752273318882658e+01
9.061021518049791723e+01
8.417223815134870790e+01
8.706530543347599860e+01
9.406528982869865274e+01
9.974897436562960706e+01
9.713360907172918246e+01
9.850242524749657491e+01
1.015943001591215875e+02
1.032372309241203965e+02
9.964184857904039916e+01
9.885266002178504152e+01
1.100636667453238005e+02
1.113578859020334875e+02
1.100493032761803391e+02
1.098593513871843186e+02
1.109291676647399782e+02
1.079116728311238660e+02
1.097467609514563662e+02
1.130354175498371205e+02
1.186055158036783297e+02
1.216698262240047370e+02
1.213293421535061896e+02
1.075891114313459838e+02
9.844191373063091532e+01
9.130196833807835333e+01
9.464900252414685156e+01
9.934582023640443538e+01
1.005081140959084678e+02
9.585867414529747066e+01
9.491297528128043837e+01
9.528322608679273742e+01
9.714999323152129307e+01
8.839397701955155640e+01
7.896510961579441812e+01
7.128198251335436453e+01
7.197022359259571544e+01
8.295527308274404277e+01
8.575416969918160248e+01
8.632979314034247409e+01
8.438950797754782229e+01
8.549710493923406318e+01
7.918232452352037853e+01
7.793087981962544575e+01
7.369774728140667719e+01
8.005724232888536562e+01
8.539196990222593797e+01
9.029892243369927485e+01
9.128175416134506293e+01
9.231339084982870702e+01
9.024637246592571671e+01
8.280723360050568260e+01
8.777727680199072324e+01
8.467038479751154512e+01
8.575111678865920339e+01
8.054989104214682527e+01
8.158140494507986773e+01
8.866597362812524352e+01
9.291408724184155687e+01
9.091953302565725892e+01
8.513951883793272657e+01
9.259558001754345469e+01
9.611469839990503772e+01
9.767497986212644889e+01
9.652304360814143536e+01
9.273091612929070493e+01
1.004771084569006092e+02
9.699911955407705477e+01
9.150523542159881174e+01
9.280354789986014907e+01
9.609044027460052462e+01
8.915819751721780051e+01
8.223837886168455213e+01
8.604134266544193110e+01
8.434264994062669984e+01
7.622911614804375802e+01
6.447705471642355235e+01
5.979001640048589650e+01
6.439657639591912641e+01
5.695665892325581581e+01
5.173531493308215801e+01
6.054479427077857423e+01
6.163776647738063730e+01
6.279595383627686545e+01
6.373226744935502097e+01
6.290055374321315895e+01
6.951066443801879302e+01
7.588026239419446028e+01
8.128912942502472561e+01
7.941494021164589867e+01
7.864908000827945500e+01
6.838692724599560790e+01
6.375716609504711840e+01
7.176371069388436297e+01
6.656649783742459192e+01
6.635109024458112970e+01
6.643169316573340666e+01
7.319083475363989066e+01
7.010840257071745896e+01
7.153249443628091342e+01
7.658021278383407093e+01
7.586663784281580547e+01
7.113147403561499971e+01
7.771758793044361369e+01
7.448233027543312801e+01
8.041930277155661599e+01
6.933245715681543686e+01
6.769896401387580909e+01
5.694203287375719214e+01
5.111875210261181479e+01
5.490045149937258628e+01
4.893214419573068596e+01
5.313888728330111633e+01
5.010893429807178734e+01
3.899816407348631486e+01
4.128905363471349688e+01
3.350116884169267450e+01
2.913774804633808913e+01
2.950237942480169906e+01
2.669132348314944281e+01
2.520078981043021216e+01
1.562851816791692805e+01
9.323703008757862065e+00
5.477517166995374609e+00
9.081480329482088720e+00
4.672476140742457318e+00
3.010779956864243267e+00
1.899825976703121144e+00
-2.872655171247100903e+00
-8.526461454002404849e+00
-1.608991850217940822e+01
-1.887977424835760232e+01
-2.231700486957765861e+01
-2.357193576983203442e+01
-2.167278166036569687e+01
-1.341498898426747743e+01
-4.786314559325399287e+00
-1.007965603812651700e+01
-1.651921975785191066e+01
-6.419978154528042325e+00
-4.055668155829194710e+00
-9.968240796943792503e+00
-1.618732126939046623e+01
-1.340930875016896273e+01
-1.632558531045649275e+01
-2.020677938263972351e+01
-2.423763343579336649e+01
-2.036287067083984681e+01
-2.549293463182374708e+01
-2.974984735061118002e+01
-3.034950755250122967e+01
-2.069178097356055801e+01
-2.682627932333497611e+01
-2.649465428228496933e+01
-3.015873088540605096e+01
-3.979306252001886435e+01
-3.400423371157992136e+01
-2.902591691392134265e+01
-3.684545148083294208e+01
-4.170241302229310776e+01
-4.810715264734830043e+01
-5.064137391087933082e+01
-6.391634836729014779e+01
-6.740607100091297355e+01
-7.653478655769227146e+01
-8.135012511830278470e+01
-9.224799733194224416e+01
-9.307435667805376056e+01
-1.035628870503448269e+02
-1.075724347036691597e+02
-9.743540191300351694e+01
-9.668332368794197862e+01
-9.370200036946312139e+01
-1.032389349711344977e+02
-1.134735371383264777e+02
-1.146242609736183056e+02
-1.102710536744001502e+02
-1.044471572527178296e+02
-1.035076251988941181e+02
-1.057256750663758709e+02
-9.672354289483654100e+01
-8.890198085661069172e+01
-9.308766598732985642e+01
-8.438788397834595401e+01
-8.835822726964299534e+01
-9.387064124011892829e+01
-9.866488542534298745e+01
-1.062377841515634174e+02
-1.073792101068102767e+02
-1.123641444659303090e+02
-1.137292843835826943e+02
-1.192065978606494951e+02
-1.173602130774993100e+02
-1.235844725834573836e+02
-1.297521039491847148e+02
-1.273856044040219757e+02
-1.297924924827973712e+02
-1.387905089289656075e+02
-1.384715747936404000e+02
-1.443287935734597625e+02
-1.500625919074752233e+02
-1.451077339870549281e+02
-1.460638566379602423e+02
-1.441479360302933799e+02
-1.467754618280967520e+02
-1.393732100152340081e+02
-1.394526172955127379e+02
-1.371083560822108325e+02
-1.285407767180965664e+02
-1.342410815718243100e+02
-1.433065016508164433e+02
-1.411536960603533828e+02
-1.405954670397086943e+02
-1.369573145466328299e+02
-1.383211407150745913e+02
-1.364572291022296326e+02
-1.289713835142233620e+02
-1.212522261214977419e+02
-1.205239688430630736e+02
-1.081533898225396939e+02
-1.078037277216803460e+02
-1.139454689889785044e+02
-1.045548080017611454e+02
-1.075573324375803139e+02
-1.005077843349666864e+02
-9.096294957472035492e+01
-8.119810324679666280e+01
-7.737848645188196883e+01
-7.003389740454072410e+01
-5.602230941732760527e+01
-6.717025639034734752e+01
-5.820642945459071882e+01
-5.558272198561368782e+01
-5.100563388847653812e+01
-4.200159876353270505e+01
-4.074896182502767772e+01
-4.848166874562198814e+01
-5.110774476634141905e+01
-4.698188471492671425e+01
-4.033006389860709362e+01
-4.039839778244644464e+01
-4.615355203067118595e+01
-4.929100591693590872e+01
-4.693413707689966685e+01
-4.027041970220812317e+01
-3.409101273462469806e+01
-2.195625056214371185e+01
-2.834460242371944716e+01
-2.859233855741500463e+01
-2.468541043759150355e+01
-3.070506596634492880e+01
-2.799681054242628520e+01
-1.342220262813679632e+01
-4.766389326835112961e+00
-5.812700302623013293e+00
-4.297437979329401969e+00
-3.180912539591191912e+00
2.740307065037323575e+00
3.336727512221433045e+00
6.011488008853590692e+00
7.890009717134957690e+00
2.733780594382280604e+00
1.024584159917750625e+01
1.535501526941637529e+01
1.166993761087223191e+01
-4.583347818489877379e-01
1.854223796787763057e+00
7.170158172224748938e+00
6.388795149145883201e+00
4.986416683269489170e+00
1.286242879631255676e+01
1.174757611991596207e+01
9.981823588016778714e+00
6.254252435905705454e+00
2.212357468988523923e+00
3.482762886760159660e+00
5.768798494340763305e+00
1.124930763273628287e+01
7.299962952728529686e+00
1.183386776577525223e+00
4.182042805728497292e+00
6.266486408115673257e+00
3.344467141062479332e+00
6.099943523464880002e+00
1.630380018161702793e+01
1.460296066363352452e+01
1.405159897971014082e+01
1.591906219923444787e+01
2.108343896585881794e+01
1.806595016040186508e+01
2.261898792556495508e+01
2.624711826460919539e+01
2.281995223302748954e+01
2.292896576270902287e+01
2.305234526278259466e+01
2.899635016590060488e+01
2.646097788765706227e+01
1.126555692935703590e+01
8.906731905284670958e+00
1.370529886265859076e+01
1.106596062582679352e+01
6.181736787563455238e+00
8.249927806927029650e+00
1.085786823375300791e+01
3.589030747638803032e+00
2.054660947269053572e+00
4.781772819253864881e+00
1.846402729229737716e+01
1.533792157577006066e+01
1.151842026988513901e+01
1.003669309569636781e+01
1.179573242893159524e+01
1.611899497286226435e+01
2.151720343533532542e+01
2.859390083345691735e+01
2.637306109065971782e+01
3.060074772591512726e+01
2.974717452930436679e+01
1.983494991959820908e+01
1.315890791845629160e+01
7.137024468109945730e+00
-4.437573170746281548e+00
-7.242845568875496909e+00
-1.506547336927203951e+01
-1.023466608998973371e+01
-3.960265539785651878e+00
-7.041267285316233249e+00
-1.218187073078265925e+01
-1.880868458081047123e+01
-9.511385392859445176e+00
-5.751450419072415166e+00
5.494483952765091495e+00
4.438043054247199137e+00
8.773724994857120540e-01
-4.647407441352840785e+00
-2.596691276824003580e+00
-8.702547123067404300e+00
-1.692146090921524504e+01
-1.708325473442090825e+01
-1.487225237723280813e+01
-1.296807923885003966e+01
-6.554499161379410133e+00
-9.516850327126782361e+00
-9.172994781147643550e+00
-6.743903825531455176e+00
6.897376901668613947e+00
6.610532347039106860e+00
9.716723101406753216e+00
1.278041383115906804e+01
6.579633887761810129e+00
5.028765831323555702e+00
1.228778037370155829e+01
1.025027189556881702e+01
9.420544857825175811e+00
2.772421330538032525e+00
-4.173442704641186829e+00
4.673635676372525083e+00
-4.643430319518159211e-01
3.295082881842652966e+00
8.478917915444871056e+00
9.107960263573568582e+00
4.659354302638252676e+00
8.703666501383288789e+00
-2.401489222578923943e+00
-4.700321303094330716e+00
-2.518875644106042699e+00
-3.160898504949134935e+00
-1.113607191110405381e+01
-1.405950875415889456e+01
-1.392410494420876965e+01
-1.328770493794851504e+01
-1.165605231044172108e+01
-8.350696627704417452e+00
-1.411289426568293592e+01
