1.069731210689728665e-02
-1.787450857283468669e-02
-9.854873475096483093e-03
-2.567361695502816399e-02
-3.109674599207428239e-02
-3.834013941511627607e-03
4.503583242799962666e-02
-1.226229978508656601e-02
-1.643040292656624407e-02
-2.978804040403439102e-03
-1.364311916780376220e-03
-6.218260999010400206e-03
-1.616351355122288766e-02
9.304814993398665204e-03
5.006506046182393824e-03
1.876252207252296182e-03
2.552926486903402820e-02
-2.262125420584910895e-02
9.570463253362018405e-03
-1.627763333434209883e-02
-3.324037694252932225e-03
1.447749319067403659e-02
-1.250133510446427981e-02
-8.423183074602318837e-05
9.462151296437400043e-04
-1.502894569116853098e-03
1.034503947464250444e-02
-3.179982223600058555e-02
-1.104604663854289077e-02
3.286123461896009890e-03
-1.149795353303379418e-02
2.913670098390453225e-02
1.403034413808059919e-02
-1.069076240911165550e-02
-1.468299518853364086e-02
1.168291163977044564e-02
-1.750858457056028369e-02
-1.118206214494842261e-02
-1.221306693580658962e-03
4.950911547404029771e-03
-3.831296776561155318e-03
-1.293053058009417146e-02
-8.660900329859059360e-03
-6.143785717885312525e-03
-3.321352568815939300e-03
-1.023836841031558649e-02
4.364891827370485575e-03
-1.000225705224741177e-02
5.764205762022538496e-03
3.607046774591444137e-05
-1.461434187436075165e-02
3.810479108482407382e-03
-8.976676736778843937e-03
-1.723343298559319031e-02
-6.894674042506459231e-03
9.809401352634375404e-03
-1.747394556229443568e-03
4.430753140570290599e-03
-1.491680086533272130e-02
-7.600021147642296165e-03
1.751979660746249418e-02
7.714892428446395653e-03
-4.181859344812828040e-03
-4.596957669957909068e-03
-3.317958156509476578e-03
6.411402088760695915e-03
-5.758774684292831958e-03
8.164047965720747091e-03
5.536121239738771120e-03
2.468857639801378193e-03
2.148294968842616101e-02
3.098849206277226945e-03
3.060865103566644914e-04
2.158456423342039812e-02
8.772334686983329285e-03
1.732634289994751040e-02
-6.790107372606301152e-04
3.160492938196434592e-03
4.644072631768636494e-03
-9.910044570266562936e-03
9.640081726880408292e-03
8.593540396347977214e-03
-2.880414112895217024e-02
4.288939618904509532e-03
-1.522986306276139130e-02
-7.979684941477613661e-03
-2.684846678714641541e-02
-2.807121136507300524e-02
1.232768003604054786e-02
-2.566371606719641991e-03
4.560274449287630982e-03
-2.409439782959632657e-03
-1.181078598165524914e-02
1.687153504442753457e-02
-1.903273386386899677e-02
3.144587598827856562e-03
-1.788231134557159013e-02
-6.764069684031833070e-03
1.224232172792118385e-02
-1.486774242982109688e-02
-1.361665036835501587e-02
1.166587614609242846e-02
2.802142460764638424e-02
5.613229282689887953e-03
4.893714920429915842e-03
1.469504192346413399e-02
1.052722953892030501e-02
-1.843682661556567126e-02
1.564370412182996758e-03
-5.262351149524967242e-03
-2.828248071932263751e-03
-1.415162626414950657e-02
1.314036038475989605e-02
-2.123014800701412269e-02
1.831746960633905130e-02
-1.358388330028054017e-03
-3.735404345981269678e-04
-1.843995237842079027e-02
-5.542273268926424870e-03
1.076946864529316691e-02
-1.966226496412683961e-02
6.164756878421076731e-03
-2.031931312954961613e-02
2.086574325919326664e-02
-1.667691888063800934e-02
-1.308582271869355301e-02
1.118483337818466407e-02
-2.387930069278032877e-03
2.257631760262492678e-03
-1.246096987150760969e-02
-3.952854174383230168e-02
1.036816916898676902e-02
-3.953235760839269447e-03
-7.503361296856962681e-03
1.501557727140877437e-02
5.291721012256672338e-03
2.865893882751396286e-03
-5.774410097304058694e-04
-1.942615801795788757e-02
1.991597281184235083e-02
-1.642899943407304802e-02
7.284120840333383438e-03
-1.962138300340636465e-02
-1.466783092228740766e-02
-6.784804988456587596e-03
-3.228204653764196047e-02
1.507475874423235170e-02
1.489802392536632852e-02
1.977627452249381551e-02
1.592272650975461515e-02
-1.117304144885367286e-02
-2.690176420223231585e-02
-1.701327559850933499e-03
2.187731909488789539e-02
7.423914898526173594e-04
4.767379410860340082e-03
7.255784160379072367e-03
4.921068866980742203e-03
2.267102964474862134e-02
-1.421251933858356641e-03
-9.929907396529881816e-03
2.432353530623721644e-02
-2.141049127584651601e-02
-1.886625702205298530e-02
-6.796871397092340249e-03
1.640304113751225867e-02
6.578141386670930540e-03
1.728051347152053871e-02
8.640362214626091594e-03
-9.645217359214556738e-03
2.238882551524466920e-03
-1.473296277084524403e-02
3.895414331482493619e-03
-2.127781640067267707e-02
4.987444636778918389e-03
-1.800628719058772892e-02
-1.389333532450298496e-02
-3.152045882367343708e-03
-4.398336174393614219e-03
-1.673108143666731870e-02
-2.058578892351738479e-02
-1.563330644155088225e-02
1.331450691308182915e-02
-1.462008289263539221e-02
1.521070361965479352e-02
-1.797251507945032620e-02
1.240442696704919905e-02
3.735885097815534305e-03
4.203597418895491100e-02
6.920570983210394198e-03
1.173159142614335106e-02
-6.848583906673593076e-03
-2.441410327089445133e-03
9.279999137634848544e-03
-1.020152532057167069e-03
2.645356740161010356e-02
3.096955996492972013e-02
1.366602967319209723e-02
-2.118000177014034381e-04
-6.939289288885572109e-03
-2.185290463372518630e-02
2.797961002415646353e-02
-2.505808680438846928e-02
-1.521098232951107777e-02
-7.177252459622734471e-04
8.007301949779745825e-03
-4.518630342659902231e-03
2.669149514527309128e-02
-2.759846772696666894e-02
1.348406764505127300e-03
1.879136337976580100e-03
-1.212542695685114624e-04
-9.213610915755203121e-03
1.648769422429524753e-03
-1.407795872352987990e-02
-5.723575328310409084e-03
1.784762892270770271e-02
1.914128344707244703e-03
2.584168769554043982e-02
-7.074290424854001377e-03
-3.519337806995526119e-02
2.581359924834419201e-03
-2.066196787964974264e-04
7.499353709184690409e-03
-4.805545890033785864e-03
2.817778637893529180e-03
-1.786951818022052343e-02
-1.792077860048271049e-02
1.073323810079403889e-02
1.920350932240612318e-02
-4.901272073974440209e-03
-6.548704726882579978e-04
1.557569906774637549e-03
1.402569201534399103e-02
-2.062867585644434509e-02
-5.360674739714741018e-03
4.283975947782940434e-03
3.752557066459837054e-02
2.304574155952447689e-02
1.675084518222169638e-02
-2.225598730978531337e-02
2.941467244637390333e-03
-5.393977015139259090e-03
4.244868941108123671e-04
-2.074776921015350495e-02
-2.682627601008272938e-02
-5.720209343439417067e-03
7.578837694581386925e-03
3.072120290742446497e-02
8.203763000401294650e-03
-1.648118519324581407e-02
-8.229413306918877125e-03
-2.242303673695697063e-03
8.718517669501045378e-04
1.707497233067136258e-02
8.427000147646756395e-03
-5.366364259886400798e-03
3.164132616394584735e-03
-1.203736499849989219e-02
-3.754762739952067965e-03
-1.963597948561789097e-02
-1.780876186382237408e-02
-3.099235394812182177e-03
-1.410386605993008656e-02
1.283581862773274657e-02
2.964240645520621262e-02
-8.887253771778746286e-03
2.956303637488739039e-05
-1.727279470531306940e-02
-2.935791731959324410e-03
1.208937083365600219e-02
-2.341154033567438217e-02
6.687942001420985397e-03
-2.046110705790036427e-02
6.927651251808691901e-03
1.894308131818901210e-03
-1.103658218409869600e-02
-1.845832697155433758e-02
-8.116306467973776265e-03
-1.156546559647679551e-02
3.282534500561977864e-03
5.871426836804933408e-03
3.462337034877490533e-02
3.047374372059318513e-03
-2.693121458396410470e-02
-3.344518769323316957e-04
2.500450561744319879e-03
-1.244285659430786374e-03
3.155408365821997432e-03
3.147966840091350957e-03
-8.402864456393609877e-03
5.463920858341749821e-03
-1.623565725633607012e-03
1.176094819955841690e-02
3.401643115351620644e-02
-1.106854946969560230e-02
1.782199926587997238e-02
1.959846711255990026e-02
7.579712621141865107e-03
8.464292139407638207e-03
-8.789535521494622888e-03
-1.612749490295532426e-02
1.221064935991678611e-02
1.200613497558889950e-02
-9.458456269629815505e-03
1.094526568761070191e-02
-2.799888142332463033e-03
-1.101040531009303373e-02
-1.166470951753053285e-03
1.006710635699269163e-02
-5.695401281342167771e-04
1.534907207990322993e-02
1.413217275278750955e-02
-7.971931894083057399e-03
7.828492294356002509e-03
-1.048273423528413469e-02
2.857169196143705125e-02
9.066440123321899830e-03
-1.268475256939136878e-03
-1.568665022121613559e-02
-9.005673223209184272e-03
-3.976893611324272028e-03
8.812252527055213294e-03
1.965026287176928343e-02
1.224232831113302236e-02
-1.172201977457288519e-02
8.547309446076428729e-03
2.182206658757666548e-02
2.575409985405401341e-04
5.186163744885177555e-03
-4.564939278762026112e-03
2.206585044378201951e-02
-6.023971472885180159e-03
-1.107268552763664843e-02
-1.158591052763837531e-02
5.173855984631409166e-03
-7.643577822917756431e-04
5.950307756311976970e-04
-1.214580830297737161e-02
-4.811246027748551646e-03
7.293272808418479677e-03
-6.817736413937861006e-03
3.534552241878141047e-03
3.183525169623460660e-02
-7.009363494075872400e-05
-3.496310672723472283e-03
2.500056696317754651e-02
-1.459696936578959436e-02
1.468852520190785590e-02
-1.043106793628559813e-02
-1.417976091363863352e-03
-1.458579920007702958e-02
1.161868143459060185e-02
-1.355404853002866936e-02
-1.129645635168179292e-02
-1.512006072880632893e-02
-1.051869278814458394e-02
4.316152185965059507e-03
8.011928999000255541e-03
-8.146350233686342965e-03
-9.046442641227605760e-03
-3.941678951259575125e-03
1.434078046619757102e-02
2.319462086398876768e-03
-6.744027277933938545e-03
-1.896128853565490560e-02
-1.374727843868973030e-02
-1.658051350598900922e-02
-2.131507485892692594e-02
7.171384990257913261e-03
-3.313772349317242044e-02
8.501659389933394553e-03
-5.734311242021292512e-03
1.328203391758977191e-02
-2.293016183297534941e-02
-2.509350052938064124e-02
-1.057279441976108000e-02
6.686521980042245232e-03
2.023138015139506682e-04
-5.832432273983392639e-03
-5.513503533685051340e-03
-7.548376399606412067e-03
1.154312152728836742e-02
1.524368315637740327e-02
-2.120207484131078277e-02
7.024035944249648611e-03
-4.517532906838703406e-03
-1.323383945968298510e-02
-7.163021792342145339e-03
-2.315345876071366396e-03
-1.182731764731839198e-02
7.210240952651979576e-03
9.941229384270663244e-03
1.623472702678061333e-02
4.665995968091158491e-03
-2.670063449584304111e-02
-1.970851109696910783e-02
6.771211030811312773e-03
-7.659154428423582683e-03
-9.877788125531354602e-03
1.524511032499802250e-02
1.414842355180818446e-02
-1.398555323965791804e-02
2.187319545805112286e-02
-9.240857135230651220e-03
-1.361296118907209807e-02
-7.371091420869296633e-03
1.148323946529234557e-02
-8.943353793894744455e-03
-5.284430325951386224e-03
1.159269028331903241e-02
1.153704514526800694e-02
-1.674870218355216031e-02
-7.809848038000061742e-03
-2.082545448721994513e-02
2.676079014093301137e-02
-8.450799973649078187e-03
-2.430756928319733473e-02
-6.341333192706115167e-03
2.854935285947515517e-03
-1.020467204564863214e-02
1.943902377494616598e-02
1.391685438863173648e-04
-1.473204968080988470e-02
-2.376846626935598394e-02
-1.062435070414309395e-02
8.608152276276839071e-03
3.815506820237947200e-03
-9.862163546149313453e-03
1.908283604840110489e-02
5.907854637388233916e-03
1.600705131411353163e-02
2.291830987502213157e-03
2.603958982813472933e-03
-9.710066690850310822e-03
1.287322978154568920e-02
-1.052666929441273790e-03
4.294870922114748385e-03
-1.314708158355161298e-02
-4.523935385839697627e-03
6.701267214871942622e-03
-9.021986246096945841e-03
-8.888095145034574781e-04
2.420972571578135571e-02
-9.509601367876385075e-03
-1.176824615523393465e-03
8.838537666394551129e-03
2.439831483973209370e-02
8.779623131042276277e-03
-1.763098113115344563e-04
1.342147958814583937e-02
-8.798545029254430105e-03
-2.960628674850557598e-02
2.233375275649580535e-02
-1.598245517410320365e-02
-9.927297428060304074e-03
-4.732444021821595459e-03
2.292066452462555512e-02
2.148431680300950247e-02
1.392761213364471055e-02
-8.594704480467403596e-03
6.993031530440528554e-03
7.568021283837553584e-03
1.990849714912236793e-02
-2.377586586020215970e-03
-1.821326139242308503e-02
-1.918443397704222564e-02
-1.250099749756882969e-02
1.615244382031062222e-03
5.441141152292742686e-03
-1.425860750731944120e-02
-1.559830494974357752e-02
2.531128607108062978e-02
3.564726904492663759e-03
-1.785057763758228846e-02
-1.921433026815056247e-02
2.216790040143120158e-02
-2.623033738508226062e-02
-4.245162165531485461e-03
-1.451291016424299113e-02
-1.016851719464005599e-02
1.343644220706139520e-03
1.765189042715957154e-02
-2.635627045162052678e-03
8.447483884480787644e-03
-1.768295613537826036e-03
5.572453216547697090e-03
-1.890743952390786659e-02
8.108313300694728470e-03
-5.673244295866661929e-03
-9.496463097895199018e-03
3.535278943625869055e-03
-8.622020018716385417e-03
-1.707397787906442602e-02
1.318629840396313806e-02
6.095877726731420247e-03
1.870586564700579824e-02
-1.809188925198632752e-03
1.316971592017653243e-02
9.942836532712629252e-03
5.857366261672763454e-03
1.001650543309942154e-03
-2.013876561800974352e-02
3.195005041072303438e-03
-9.171711331710260748e-03
-5.571186648790473275e-04
-2.213277181776522606e-02
-5.364437850546142743e-03
1.826321289763767688e-02
1.121058478765569154e-02
-1.185873224940582962e-02
1.660607609534178047e-02
-1.123378119028781326e-02
-1.321336047423438131e-02
5.841479541499466910e-03
2.102851031409084387e-02
1.735534489941684133e-02
-6.349849214771489947e-03
-8.879620589234353545e-03
1.174155364263936149e-03
7.105833617720697278e-03
-1.083857005135843536e-02
8.449504349803670447e-03
1.661495285214141873e-02
2.950628486409035550e-02
7.488711329394487489e-04
3.345167774220844138e-03
2.051541977171604178e-02
1.042944624957532415e-02
9.558975407292980746e-04
5.711607016121966231e-03
-4.669637136090534595e-03
1.817676611393071254e-02
3.478910624480229235e-03
-1.622433013715613229e-02
-2.008679827690573738e-02
9.892453606590797556e-05
-1.220932866192748351e-02
3.621789792958635644e-03
8.310732256520068570e-03
-1.198095229061383118e-02
1.523710668643410079e-02
-5.070479655392128721e-02
2.319724478001355082e-03
4.403029350730375442e-03
-1.726938565076980778e-02
5.939404344755020229e-03
-1.888633333124216038e-02
-1.372388550105618256e-02
-2.144549511506650338e-03
2.810211290114873707e-04
-7.377690851430101886e-03
8.042243728424963711e-03
1.852114974585953450e-02
2.823145645054383687e-02
-5.620687287649569173e-03
1.369235309711622564e-02
1.590959725807621766e-02
-2.209964171814863057e-02
-7.878902039894424697e-03
-4.137623637229612822e-02
1.523399611196272780e-03
3.001109685827026835e-02
-1.689087831558713088e-02
-7.484106588741032406e-03
2.484521955212771679e-03
-1.166792134029598360e-02
-9.411743708768622110e-03
8.005244572227140573e-03
5.471992625805275831e-03
-3.802272846225242427e-03
-4.437692041872756156e-03
4.273184448429660776e-03
5.927429405555512468e-03
4.531230983275543259e-03
4.705162572352645893e-03
2.600076831711228419e-04
-1.152858137091006263e-02
-1.741700548241328916e-02
7.412259427811871033e-03
-2.889462988040973884e-03
2.757362415883612018e-03
-9.367401343666450358e-03
8.030245482670079343e-03
5.769049088139071614e-03
1.044284817100784310e-03
1.267104102097497617e-02
-1.183827502106723009e-02
-3.208307616579271233e-03
1.742356951917976111e-03
-3.484821570681093886e-03
8.051432873608252438e-03
8.009839851468348454e-03
2.793727873469104960e-03
-1.500650822576852020e-02
2.333985900982209205e-02
-1.488687752868382910e-02
-4.090309798838187745e-03
-5.134289043329533751e-03
8.640205764147803821e-03
-1.574707411117740735e-02
2.344802655421330401e-02
-2.853489985471002396e-02
-1.040734640757150740e-02
-1.846481414598356375e-03
-6.611396434203386206e-03
-1.337380126563442358e-02
-8.983064651275518564e-03
-1.171520118718603551e-02
1.477539908287698808e-02
-1.703496494994579530e-02
1.939555939158884483e-03
1.597606394283870856e-03
-2.645354922484158613e-02
1.717787573727536793e-02
7.493856417860805981e-03
4.597486948808375204e-03
-4.592461385834946397e-03
-2.691029592275545959e-02
-5.921246645529586183e-03
3.251742315312917964e-02
1.913789091287833571e-03
9.237871428714773681e-03
7.033488432237352747e-03
1.216370891050011158e-02
1.868303453770951347e-03
-7.223442622669147203e-03
-8.329859266845431823e-04
3.777452682731717668e-03
1.480990105010666566e-02
5.121576891941318627e-03
-2.271698406439287207e-02
-2.009425895519550281e-02
1.416510832036086028e-02
-6.185807449221947599e-03
1.545101714304767011e-02
-2.280557092005051564e-02
-1.427694768646095092e-03
-8.641972326446294844e-03
-7.308327301013176069e-03
-2.441260172283887114e-02
3.590511080981215880e-03
9.233167760620772119e-04
7.963733352968984953e-04
3.289148206573835279e-03
8.380927678666487413e-03
-2.073619829077116925e-03
-1.472690299234906755e-02
-2.458829639005483125e-02
1.671691318026666262e-02
4.235921592577606906e-03
1.293968573371477755e-02
1.508235050976554012e-02
4.984195794662904348e-03
-1.093718204923182016e-02
1.264097936232517344e-02
1.080237761122800413e-02
1.547784075910849273e-02
2.189156210710653180e-02
-5.257082275806044397e-03
-1.532522056644533733e-02
3.486460844592629161e-03
-2.047328462190922682e-02
9.040444259247630218e-03
-1.144332881482445358e-02
-9.853404917614153567e-04
-2.127962793326412458e-02
-7.043228686916116338e-03
-8.502844973331166387e-03
-1.876522307561229522e-02
1.715697564953808096e-02
-6.137697002771014439e-03
9.842673487223034187e-03
-7.734807941465468746e-03
-1.398441922171845663e-03
2.118540555256941908e-03
-1.427789363106494319e-02
2.437496341237511618e-02
-7.666288521661163103e-04
-2.781857420724245800e-04
2.231814509228235294e-02
-7.684596961988096955e-03
-1.713237041501543614e-02
-8.636708199876129421e-03
1.257585659713973333e-02
-8.153491912777146092e-03
-2.703646376455414238e-02
1.751709429102303942e-02
1.429575576022520077e-02
-5.883134510301955139e-03
3.532447677076081677e-02
2.165256033552196563e-02
-1.689270226796089382e-03
3.890889568338020224e-04
8.551860977567144959e-03
1.164725270083965050e-02
1.812822399363072517e-03
9.547179465139265034e-03
3.041563038953106965e-03
2.637338962183387661e-02
1.396722779923680307e-03
-1.687713990402537126e-02
-5.484886132466425430e-03
-3.865809344739723312e-03
7.415880592071932842e-03
2.065813775914470546e-02
5.518345642881014070e-03
1.280290927620877754e-02
-1.570755660911107160e-02
2.912057584054377618e-02
-1.038142581085096765e-02
-2.248727053402111136e-03
1.173795306678790569e-02
1.282827598092052719e-03
-1.045895666920789585e-02
-7.843684032245987203e-03
5.837859633618347824e-03
-4.579706810433007390e-03
-3.652849013058798080e-03
-5.432615304490797173e-03
3.020831750696929136e-02
3.858572222889910738e-03
9.755587568109218982e-03
2.209501748366604363e-03
-1.317183569763934886e-02
3.948108497740264455e-03
1.350448320794073870e-02
1.299676555808579759e-03
-1.359336246164642324e-03
4.491508528905964665e-04
-1.452717402015078242e-02
1.025284381318036266e-02
-1.228935846418125442e-02
1.290036258499747046e-03
4.377759317472501577e-03
1.095593172576214865e-02
-2.913762291188809819e-02
-1.033744345227509930e-02
-6.189214156708937667e-03
-1.125737887768573676e-02
1.540102175510897620e-02
-8.311472205332331303e-03
8.814865616125822090e-03
6.930168260986135920e-03
-1.591744683252122733e-02
-1.260160463610427925e-02
-1.073571988394213944e-02
-6.359489004950659094e-03
-1.612606486968298086e-02
4.826422997870550430e-03
1.540851894627556090e-02
2.522117032407686713e-03
-2.298025792460876848e-03
-1.004790414058183076e-02
-1.652588389789453813e-02
-1.162128499768110695e-02
-3.089763150456202763e-03
1.938942676352009217e-02
-1.014915453969201728e-02
3.414941551513389541e-03
1.010609615154453578e-02
1.837051249394776667e-02
-2.395990996594165798e-02
5.508282786235076806e-04
-1.686703856069760726e-02
-9.265202569682728234e-03
-8.644286571530056945e-03
-2.268886031333578607e-02
1.366917159777083883e-02
4.481885167099671462e-03
-7.405948402060115975e-03
1.005926313967188401e-02
1.831815059042713736e-03
-2.007044646933401483e-02
-2.344673691308019059e-02
1.108122281252106947e-02
-2.648025395067699767e-02
-4.936397880596216092e-03
-6.949276504487610648e-04
-7.002372695141099610e-04
-1.386269824385115770e-02
1.336751121417938462e-02
3.802704707284907792e-03
-1.726468086419371542e-03
-6.346984227350492558e-03
-2.242928385456319576e-02
6.031046220310870218e-03
1.315918810739584444e-02
1.213714581103701382e-02
1.786438636750253437e-03
9.506300622812130507e-03
-7.081182147671710031e-03
-8.403655509495134776e-03
4.836619055585096756e-03
-2.444161589825127531e-02
9.402521793040189563e-03
-1.333274004549909846e-02
2.175255491179758222e-02
-5.891684392641014650e-03
-1.938195149970502879e-02
-1.510082529908274426e-03
-2.183300359049152820e-03
-5.736073227081283851e-03
-1.106016653321627990e-02
3.114904679032707430e-02
-6.261001391663485044e-03
-2.337689571549959183e-02
-2.140997692943412238e-03
3.491893039795141394e-03
-1.619119919784497985e-02
-5.464302544806501870e-04
-5.539942542082111794e-03
5.519617606306518112e-03
-5.217957257209565776e-03
4.274215645391898390e-03
7.552285565132317406e-03
3.290945146948053013e-02
3.817029209394470508e-03
-3.641642162953470218e-03
2.129930876965335090e-02
1.643929687461968825e-02
1.934337363757036160e-02
3.388032768874539580e-02
6.741331428696072277e-03
8.920850684771561637e-03
-3.577137338752730406e-02
3.725375631677394633e-02
-6.184497590957231672e-03
-2.151851380087725640e-02
2.074262989735489726e-02
7.568526936374491733e-03
-2.782860396031774930e-03
-1.648526924272219335e-02
1.884210140972091690e-02
3.027704782517909830e-03
2.641852167180783195e-03
-1.762802866708443458e-03
-1.726499228706398050e-03
7.029116591021625053e-03
2.841846421901586019e-03
-1.335470694587766877e-02
1.820424523722432436e-02
-1.073890428061436038e-02
1.360985981826447200e-02
-1.532199162894824947e-03
-2.757489383523122756e-02
1.379495497943282120e-02
7.322959816722072329e-03
-1.068345517057485081e-02
-1.590782788582313298e-02
3.619789713680265052e-03
3.550160223560418216e-02
-1.173293918092268434e-02
1.071343117563405486e-02
1.903802283795954847e-03
3.939972246606883270e-03
1.002946668533559113e-02
1.418613564290682749e-03
-1.390507073066602796e-02
-1.828836943643783906e-03
4.859332979572285327e-03
1.701731616930168139e-02
1.494352277831815026e-02
6.969399431955673740e-03
-9.576516795362574608e-03
2.121310327137835650e-04
2.453030674239927225e-02
4.576526938042895128e-03
-2.826930955325242592e-02
9.818411494001616502e-03
2.956861910917538139e-02
-6.492889541011217548e-03
-2.595695083182278373e-02
-1.025430021752240725e-02
1.183540791594289189e-02
9.493804696184904648e-03
-4.945502178163895587e-04
5.009707581448459221e-03
1.513872533563219609e-02
-8.302650841907503743e-03
-1.594075802169048553e-02
-1.716215275929536960e-02
-1.068744928149759077e-02
9.316279094429768051e-03
6.868274194711641509e-03
1.894960453779635182e-03
-2.409605034840679380e-02
-3.245271381715985302e-03
2.714010057441333147e-03
1.366805945544212822e-02
2.675842990965360008e-03
3.260895826096250200e-02
-6.356293380718140013e-04
-6.400088111452359452e-03
5.565298424979069937e-03
6.219513635981966174e-03
8.922911237308683505e-03
-1.308512646393118935e-02
1.481438297033256697e-02
2.071745296330845809e-02
5.236056913683253405e-03
-3.917102641562968980e-03
2.040856746963945478e-02
-1.485672041948352074e-03
6.306588810705373617e-03
1.176413376773662381e-02
-1.356729145808583878e-02
1.963906005864872462e-02
-2.053556732681757410e-02
-1.437196991095128452e-04
-9.744538548646030588e-04
-1.595639351744639750e-02
8.114364315194992280e-03
1.875847368470229259e-02
6.188507949118870512e-03
6.326704151116794260e-03
9.326912744990327811e-03
1.204660288775257458e-02
1.034019288099705504e-03
-1.094970179931240191e-02
-1.033000023984303973e-03
-1.089626806471538298e-02
-1.010083666678949620e-03
-3.385523942633931072e-03
-2.785552128048997267e-02
1.424693754038732288e-02
1.030745600309428307e-02
-1.864318501742223688e-02
-3.308533794134841527e-02
9.195037022189484280e-03
1.187496600570576120e-02
3.398742577314120550e-02
9.990800437059733224e-03
-3.687530924813454611e-03
-2.164582942868686563e-02
2.422981752121146359e-02
-3.278157426418114306e-02
-1.405025753761766395e-02
-7.624382538326276645e-03
-3.901404408736681463e-03
8.259078103667624390e-03
-1.086311393387431184e-02
-3.473944279910655929e-03
2.159626015600851767e-02
-1.194723169288392818e-02
1.445300509467583629e-03
1.997354909103936718e-02
-6.141462634572958726e-03
-1.457577214779643381e-02
-5.922488427808309669e-03
7.531164802445722631e-03
4.698156914141978467e-03
-4.440387918263438011e-03
2.141295508688503477e-02
-1.721597696037713201e-03
1.468392952430745343e-02
-5.038533841548275931e-04
-1.163713042749667421e-02
-2.490890725971746031e-02
2.096992840301808818e-03
-1.770000401028591630e-02
2.409361011819272785e-02
-2.491583338224559116e-02
3.028327973058552065e-03
2.164935910776777730e-02
3.769953650068129034e-03
-1.309506934690097754e-02
-2.685685159752614765e-02
3.396441662496282703e-03
-9.603619347312989871e-03
-1.728145574668587398e-02
2.290006728549261877e-02
2.161700322139352079e-02
3.858256222544149266e-02
-4.767141697129748806e-03
9.615683447919624871e-03
2.851084621329421503e-02
1.324176164890035479e-02
-6.961249886911402909e-03
5.770697099687215927e-03
3.190381875428524323e-03
-1.574958227995194859e-02
2.220827248163732143e-02
-2.368565102139013126e-02
-3.006557307666657755e-03
-6.952632060654936625e-04
2.216866967408686467e-02
-8.174330246178772297e-03
-2.081696027648402558e-02
-2.155111482525663442e-03
-1.158782200009537099e-02
9.518412581232786260e-03
-1.873059482190559885e-03
4.068872210973830707e-03
8.245748833785355655e-03
-1.764912309725958500e-02
1.546814749421492226e-02
-8.211331387536614443e-03
4.330935124266510616e-02
-1.736511542819313067e-02
4.374876233964260680e-05
1.091259913262257290e-02
2.329308364542748838e-02
-1.765737364868738904e-02
6.342442511980274367e-03
5.617494257335211953e-03
7.798136205081185324e-03
-1.996053347318178101e-02
1.057178319929122021e-02
-1.261524903138352277e-02
-2.849386840126492005e-03
-1.558741282335462247e-02
-1.120663938441766351e-02
-3.836981992292615423e-03
-9.517073109059186187e-03
-1.734245997435072267e-02
-6.511348733211209765e-03
2.998971444379061255e-02
9.860047383341428301e-03
7.274616608064262378e-03
3.148618182698099000e-03
8.111043796992864138e-03
-6.827096770415225051e-03
2.517570946047638369e-02
-1.463581628689693617e-02
1.185980401516214221e-02
2.612485326442155406e-02
-3.283091049368801195e-02
1.115251907832311542e-03
8.533249494489228773e-03
-3.248025809252005555e-03
-1.645804497260945631e-02
-1.778188571690469608e-02
-1.803177941490445493e-03
-1.062021941009741802e-02
-9.435578482883403423e-03
-4.090049296769898701e-03
5.174545457066507051e-03
-1.344640115874587601e-02
-2.149965549405396387e-02
-2.348459646627919922e-02
-1.637405011165775966e-03
7.593655922715012406e-03
-3.190485222690824657e-02
1.284443229082085983e-02
8.247450336051627418e-03
-5.437711454790814837e-03
1.105043475805611228e-02
2.240189709044182811e-02
8.894009554972766123e-04
-1.834620623820751480e-03
9.321382679357899381e-03
-9.966970484760355464e-03
1.514955718165306858e-02
-2.333312457080762709e-02
2.523082688201674570e-02
-1.366410683550566343e-02
-9.659834418399994294e-03
-9.057085136666941094e-03
-1.458350762246726252e-02
-7.003320536237664894e-03
-4.126992260940720580e-02
3.875179957666853667e-03
2.979489473414674225e-02
-9.342143954453228927e-03
1.193930197749514845e-02
3.555206174560871391e-03
1.525575639712179084e-02
5.857373594099835219e-03
5.300175681368163132e-03
-5.816712224822000350e-03
-2.597862570847164938e-03
-1.429048065148102488e-02
1.577541672394331546e-02
1.473967294793277968e-02
-5.308455277433466075e-03
-6.470681752463931270e-03
-1.749558552208741596e-02
5.894417523233135524e-03
-7.401645313390062264e-03
2.584058479073748568e-02
-3.354389725875860442e-03
-7.836550966590269049e-03
3.027699904970381634e-02
-3.977235996972610342e-03
-2.103883240258732582e-03
3.411532512049958964e-03
-9.861100389148568651e-03
1.334713882470084725e-02
4.550251380190595968e-03
-6.712548004858737150e-03
-2.298970234518293680e-03
2.136687231507696308e-02
2.567030601394329134e-02
2.815084244404921984e-02
1.784998311358982834e-02
1.131005671509792768e-02
1.090154025026597757e-02
3.186088558498188349e-03
-4.774726804116312569e-03
3.893735683211092032e-03
9.232381999021332247e-03
1.296990200579826655e-02
6.523786423359014680e-03
1.652719358030862312e-02
1.954940284712584214e-02
-1.882188077431979495e-02
-8.280713115724331469e-03
-1.473864739217585658e-02
3.015809739838600911e-03
1.845131831950036494e-02
2.228930760805209604e-02
-9.633928409159457987e-03
-4.121188109817764712e-03
-1.550601263407631360e-02
1.508757415224399462e-02
-2.256906609169356814e-02
-2.235285650202451652e-02
-7.136903549073069127e-03
1.682202447677230012e-02
2.370255708053503954e-02
2.054144719468552899e-02
6.751545610401603684e-03
2.644367281268591649e-02
-7.185239783600922379e-03
-4.298679128393149973e-03
-3.541690600680033607e-03
1.495526075232902000e-02
-8.897422255797503288e-03
-1.693848934761112493e-02
-4.626797348597985748e-03
1.443658237930493804e-02
-1.296252276028296742e-02
-1.787685215200006741e-02
-4.069153275885585910e-03
-7.317900498634736378e-03
-7.565905683187929345e-03
-2.586046143273021056e-02
-5.264350354338678730e-04
3.013751599440870482e-02
2.619093363168146366e-02
5.710155262875726140e-03
3.690109984776642621e-03
1.028162107328980772e-02
-2.545241262189756621e-03
1.413562234140836732e-02
1.157663674563117959e-02
7.036814401956245808e-04
-5.611999854683065317e-04
9.949835549893530640e-03
-1.355886595970898396e-02
-1.417103800910139710e-02
-2.736744233574291141e-02
-7.220471463582083319e-03
-4.147503160838587107e-04
-6.891987814370897567e-03
2.189774947354890602e-02
-8.052019280202334312e-04
-9.720731583838633505e-03
1.719446892374030048e-02
-1.252426809978868932e-02
-2.644133672769337102e-03
1.040312337219444910e-02
-2.917952723292834352e-02
-2.569222400242172216e-04
1.662768785095738305e-02
6.112744780639683788e-03
-7.438539442585223767e-03
1.930684694874712027e-03
2.005312450186439235e-02
5.459866063356205550e-03
-8.729625055923506682e-03
-9.378989203010378375e-03
4.764023400204249123e-03
4.617714567980780657e-03
2.791314596469500562e-03
4.195851692602850513e-03
1.329402150950176678e-02
-1.767592787580198055e-02
4.353147965574604566e-03
9.653059547732352821e-03
4.131122259175574324e-03
9.202288701291123571e-03
2.050855921887277319e-03
-1.713859683181467169e-02
-7.159688039689269222e-03
4.368849090950834013e-02
-2.336599373911379951e-02
1.583866279997336174e-02
-1.066592562053305000e-02
1.030454847329499192e-02
8.195688211734858397e-03
1.478943315866347325e-03
2.278626466410192675e-02
-2.671955714138831220e-02
1.491003525865277311e-02
7.135275795115291267e-03
8.669296865181213077e-03
1.142392241845099216e-02
8.001455579976361407e-03
4.615953801959901161e-03
-4.057825970869509066e-03
-9.603707947361848213e-03
-1.591916312592866600e-03
-5.207859598466608314e-03
-2.576620244322175290e-03
-1.101404778746095138e-02
1.964009728931966764e-02
2.265414636672309634e-02
-3.261524533517282456e-03
1.829625347578687708e-02
-6.266636424909927464e-03
2.141039315702902585e-03
-8.714540596717050558e-03
-6.497475062281006693e-03
-1.610751497767429555e-02
-4.512815721488744390e-04
-6.390221852272517065e-03
-4.815662671457782672e-04
1.957512454372448141e-02
3.736801102134705305e-03
-2.900568901030164265e-02
1.704865211385973032e-03
1.190196205312207069e-04
6.763942853179450050e-03
-2.624268691540026111e-03
1.552654917140188807e-02
7.189491234890104873e-03
3.773336069301394882e-03
-1.129521117084360086e-02
2.693149681371916613e-04
-9.075639877230649161e-04
-7.974977474814577639e-05
-9.936654167045880226e-03
5.869394509110495949e-03
2.671796290347204852e-02
5.691458393124208467e-03
-3.508211784687958502e-03
-1.443076618079475182e-02
-1.716350338576260598e-02
1.605181118922513472e-02
-1.305557254611867826e-04
-2.701535560873358742e-03
2.070211785027250076e-02
1.213908008641701418e-02
-1.224811618394112608e-02
3.080167387183204569e-02
1.355454247077160675e-03
6.081232820038475276e-03
2.567663720191311078e-03
2.235278928723192712e-02
9.656278557667086898e-03
-2.646450386879604932e-02
1.551508988065080502e-02
5.119942076697333970e-03
1.873234505674092323e-03
1.022102806013261943e-02
-1.281794385103463170e-02
-1.366031638997912412e-02
3.249600252102988283e-03
4.258957808471955028e-03
2.767266026312346569e-02
6.561391193899350320e-03
-1.142719057726625416e-02
4.346925730993039284e-03
-1.165562589537651010e-02
3.021479652558030707e-02
-1.526939214135751045e-02
-4.267859779273341751e-03
1.608946351509434741e-02
-2.793632780872911357e-03
3.993637000252120775e-03
-6.741989025110910194e-03
5.199212395810861448e-03
-2.332810306333725579e-03
6.324105612376618168e-03
-5.973631242355654722e-03
-6.942561310097402488e-03
2.669430129907045951e-02
-4.151648350321301452e-03
1.581821391718561676e-02
1.001313533844822717e-03
1.168623420980894646e-02
1.040396159000532908e-02
5.266390122135661961e-03
-4.765318758090014532e-03
-5.359216781214390032e-03
-6.262956034556005705e-03
3.089002691602828806e-03
1.859784273115159398e-02
-2.059427848604140042e-03
-6.877300077907836685e-03
4.089699535915348148e-03
1.314105337678883427e-02
1.512975512183858430e-02
-1.410454533542805818e-02
-2.401451588250494776e-02
-1.118873355674552053e-02
1.983623298490927618e-03
3.044210432863118931e-02
-6.220616768909060981e-04
1.735022458127239917e-02
-7.361390605186557759e-03
5.174253641015431025e-03
1.055136198503898309e-02
1.727506983531109860e-02
8.243426267489573772e-03
2.126510687836739855e-02
1.166064922656218257e-02
-1.302814891033255221e-02
1.066861174933020898e-04
-1.877446603044498298e-03
-2.154168029832538925e-02
-2.109102030937469100e-05
3.401562767584700130e-03
-1.067614038193654032e-02
1.472675781636253838e-02
-4.123641404183161704e-03
-1.341392496726538652e-02
5.374413453020584347e-03
6.960068765219909817e-03
1.093164214041372068e-02
3.861921345957823083e-03
1.792403268207470868e-02
-1.197519446712443699e-03
-6.990177779742940550e-03
7.251075695181493155e-03
1.386818439951968164e-02
-2.507067283808244590e-02
3.816345524539066329e-03
2.537064184028816130e-02
-1.553301396694751514e-02
-1.197298292584309497e-02
-1.733252172301425267e-02
7.821477994997131852e-03
3.709706008508318470e-02
3.682169973891809972e-03
-7.909389636306453017e-03
1.277313085741730442e-02
7.480401026855457332e-03
-1.153319164402554636e-02
-7.441706978200264902e-03
1.165893627190701812e-03
2.489237984159168443e-02
-7.841405910512416408e-03
-1.521059969477538305e-02
1.418906060229422304e-02
-1.536173229818651835e-02
-1.034448129828885107e-02
1.988412909722181779e-02
-1.161081527038703917e-02
1.433396935569343326e-02
-1.391376128881254177e-02
6.551259042521613216e-03
-2.836406598539695928e-02
1.534684794407657846e-03
5.139679231374564769e-03
7.613952887550614820e-03
-1.207337279022646127e-02
-8.110275094398305268e-03
1.700373138195181849e-02
-1.558891112844606325e-02
-2.187880329651685409e-03
6.360532737462894909e-03
-8.501893884437106835e-03
-1.094123694293688311e-03
-2.753851905020052171e-02
-1.200544341740427193e-02
-2.291228916871531837e-02
-3.375865952783044938e-02
2.885962340161785447e-02
7.742622572286144041e-03
4.131703540523326210e-03
7.380280831920557963e-03
3.388873940267041023e-03
6.901375627942061587e-03
-3.002115988016032869e-02
-3.563427230933479892e-03
1.348954854081604697e-02
2.141318816988492177e-02
-7.295190860601038357e-03
1.374408031663787964e-02
-1.076910548101428326e-02
-7.534956545942798553e-03
1.841562300037930672e-02
7.425281627816052339e-03
2.936568890919593472e-02
2.073843831208992128e-02
1.038836335263676990e-02
-9.823793414759178760e-04
4.482990395170566474e-03
-3.493055613716658774e-03
-1.292625570831049467e-02
-6.715609106851772210e-03
-2.014795681076315265e-02
7.354212486489123020e-03
-2.771357724525411181e-02
-9.617121107300709293e-04
1.916497932842239557e-02
4.142492350861267780e-04
2.234682773699106506e-02
8.901104833174406164e-03
1.838914749653073819e-02
-1.026532701704067170e-03
-1.228388330826038662e-02
1.211463711386670701e-02
-1.605748482689058369e-03
1.230205372521821737e-02
-1.224634307761628647e-02
-6.639196886020068931e-03
-2.547103850593318217e-02
-1.818087195092784811e-02
-1.445079097255620552e-02
-1.954861501545611738e-02
-1.613937516246072290e-02
-2.632534444043060223e-02
-1.291091493630485733e-02
-9.837281144171065514e-03
1.094047525689875906e-02
1.709241563887631959e-02
2.107484557913092901e-02
1.685734852418557111e-02
7.226378138043242950e-03
-6.349527088847881084e-03
-3.663757755384233761e-02
7.943921907504287918e-04
-3.065602261414580691e-03
-2.028869161495273563e-02
1.836979357769018273e-02
-1.999937846048285492e-02
-6.458646797118494220e-04
7.168100675889162512e-03
-3.541711547941897489e-04
-1.023098994897200971e-02
8.982311792154190969e-03
2.603912875899731111e-03
1.187618326693563008e-02
3.676592097672434778e-02
2.286915187033598720e-03
2.828751178907901523e-02
-1.392162871466975059e-02
-1.014254807823703614e-02
6.368045317645113683e-04
-3.479996853183507741e-03
-3.713343130134857777e-03
8.423934408362882681e-03
1.899617020442017842e-02
-7.594480149498840198e-03
7.076491198615504109e-03
4.836649949995859045e-03
-1.887822678290114811e-02
-1.347955168070249024e-02
-2.216311398083327638e-04
-1.362012629166993363e-03
-1.436776637211943436e-03
2.022645838248683658e-02
1.100974762703758013e-02
-1.813939036079852130e-02
6.671629440768265737e-03
-1.612446770138531785e-02
-1.342826206124731088e-02
-9.947140360872254103e-03
4.890539685277833998e-04
2.783015695584942911e-02
-4.585812152400975394e-03
-2.340860540947334659e-02
-3.027843720779519604e-02
-9.583305920262128515e-04
-2.842386094821236497e-04
1.062436423889762463e-02
1.190767398810083436e-02
1.620900193887425331e-02
-2.508970461235163554e-02
-1.439223219484715363e-02
-8.986217577492568859e-03
-2.263786329227561803e-02
2.317475368088448354e-02
3.030006593187840012e-03
-2.279470853128506228e-03
-1.323983757289594505e-02
-2.889216072121508858e-03
-3.658729219307094854e-02
3.967887674330622394e-03
1.212124256649643392e-02
-9.968732533821187888e-03
1.297691699657619116e-02
2.677284520973069459e-02
4.490601038698554225e-03
-2.597793729085301484e-02
1.596685254504320167e-02
-5.372709439010094588e-03
-3.235576438625860363e-02
4.023635317090500790e-03
-1.775629834738287963e-02
-5.801762477297675363e-04
2.076931874467787681e-02
1.793886505414145002e-02
2.254419961756111077e-03
-2.067671674108318217e-02
-2.339117601095082061e-03
3.133026083308374649e-03
5.593275722235969798e-03
-3.525639719565198255e-02
2.220642204052274485e-02
-5.219392760869160861e-03
8.864841067807742100e-03
1.683560672728834709e-02
6.405848265082364490e-03
9.075533396793129814e-03
-6.768752717981410712e-03
-1.047422340619579353e-02
4.956615209372796163e-03
6.549746545917807007e-03
6.424038856417514133e-03
-1.676032620710487739e-02
1.669569855376666981e-02
-9.434850535568818294e-03
1.484808564191122601e-02
-1.899433035858733585e-03
6.625673615509954095e-03
1.588684983979915533e-02
-4.855310122318305492e-03
-1.931196748939410443e-02
-9.319405249477222958e-03
9.513179864914378045e-03
-1.627432428431900904e-02
-8.347617981515774790e-03
-1.604491318770244132e-03
6.508912640760345335e-03
-1.907380419823870299e-02
8.061820184015447768e-03
1.262080093700896667e-02
-4.061755867267236551e-03
-1.396665344026297266e-02
2.525531277730520569e-03
2.997041474550151199e-02
5.029179936689835879e-03
-1.103680791122420811e-02
1.221766752348340092e-03
2.301657475017050702e-02
-2.552531050603893889e-02
-1.303249053251699478e-02
1.365167328286858665e-03
-7.554281817774015535e-03
1.630959776166506989e-02
6.976410083815976458e-03
-3.911804693643210901e-02
-4.673451990670735023e-03
-1.840255744953537068e-02
-1.742110493255598358e-02
-7.923225366058684119e-03
-5.330882522311938820e-03
2.368408793351570174e-02
6.545257931463752121e-03
1.366686802727372016e-02
-1.672726376700406359e-02
3.898785084954554253e-02
1.370007328111366197e-02
-8.045994446853919208e-03
3.335981888827738162e-02
2.100465647376571765e-03
9.581566001183086309e-03
-3.002477547888155254e-02
-8.340381403660102749e-03
-5.408070298178132423e-03
-9.614650914760879867e-04
8.417437677949651115e-03
-2.046153371648588848e-03
-9.261624553215315123e-03
-3.096884202138773870e-02
1.197977403241029873e-02
3.842160912726118489e-03
1.104992230822427965e-02
5.145379523280874633e-03
-1.802457571000371482e-03
-7.003167797816589948e-03
-1.394421888325099272e-02
7.524530968096507233e-04
1.877633643817796377e-02
2.589366560377769078e-02
-1.086558202183443393e-02
2.965454856218428456e-02
3.778569607770397229e-03
2.411735955298336884e-02
-2.324918465072075939e-03
7.015408059679495607e-03
1.655484302250342585e-02
-6.047305442338402233e-03
1.722254414328392574e-02
-1.900721838059067637e-02
6.029637126850471117e-03
1.952746725397932342e-02
-1.142300536632423306e-02
7.489128050135025749e-03
1.880353904679204352e-02
2.010285316079966911e-02
-2.281353317046398363e-02
1.041029017267961106e-02
-9.392638618766597017e-03
8.968470684523900324e-03
-1.907805132705796269e-02
7.701880271566736470e-03
-9.696532914993944222e-03
-2.747024800910547598e-02
2.018063123888187010e-02
6.734913022099722583e-03
-1.310781827306401782e-02
-2.447713329024349405e-02
-2.773217024533421171e-02
-1.874925238738635314e-02
4.377975601805259367e-03
-2.635146171044970217e-02
3.433743655830356206e-02
-3.034984053678909527e-03
2.308909701649288632e-02
-3.676037685515511771e-02
-1.695313596285240657e-02
1.231430422282761908e-02
-7.824879052143301691e-03
-3.287786215053983135e-02
3.150203680870315281e-03
-4.354098225816044505e-03
1.495614936537914032e-02
-4.705615622062229650e-03
5.922204688235815917e-03
1.205710192065416464e-02
-6.042830319334326246e-03
-1.135290989512535709e-02
-1.930594045289956784e-03
-1.138258559679327341e-02
-1.450640117945574056e-02
-1.040292347691918438e-02
3.337381998005795047e-02
1.687470375312359258e-02
-1.052907995433784855e-02
9.625707074313984493e-03
-1.631437945255433120e-02
2.978541165582057268e-02
-1.214905441795269790e-02
-6.257204382940207907e-03
-1.017780363032504826e-02
2.165361598263009987e-02
-5.922023688746899141e-03
4.406264922454827815e-03
8.929020129952511611e-03
3.921092652874478592e-03
-7.663710328253726944e-03
-2.527759669887946845e-03
-2.051737475852930676e-02
1.121199049865345167e-03
-1.154756250687708928e-03
7.778368148625022793e-03
6.405627605630453449e-03
-1.282862245695326649e-02
-9.589487894019307207e-03
7.745308169840468306e-03
1.038859342897649474e-02
7.767763100254537756e-03
-2.748449571261329070e-04
-8.884798369670109802e-03
-1.567535955157561833e-02
1.962262640272957950e-02
4.941026698084744796e-03
-1.842868359746627346e-03
1.699136749268864016e-02
1.375580218600276107e-02
-8.795613885568509885e-03
-6.125521127777645326e-03
6.144966253949268702e-03
-6.063652343184970130e-03
-1.034210058474354516e-02
6.294058473122233176e-03
2.022468446597690608e-02
9.012078301033776438e-04
-1.770237893142867849e-03
-7.229391486850201588e-03
-1.555919126305006827e-03
9.375789189331743738e-05
-7.915312931861645876e-03
-1.417466021140594348e-02
-3.730079954348824219e-03
1.115755334587292640e-02
1.150975477319200226e-02
-1.650547685880920587e-02
2.557964463191182355e-02
1.355373855357124534e-02
-6.118694603319487293e-03
1.604818224409240148e-03
-9.821171986689400391e-03
7.234549227831578964e-03
-1.317369546071018790e-02
-1.473113250804603848e-02
2.724006726325356367e-03
-2.347264837333079990e-03
1.431053484389840924e-02
-1.889475796592650012e-02
2.203661711281687183e-03
1.410271471644117605e-02
-4.742458159369774932e-03
1.332295152457142230e-02
-9.679720006757973685e-03
1.109647642805114062e-02
5.887686186077088248e-03
8.631426368532554502e-03
7.000612921254330441e-03
1.246285236982487207e-02
-1.422988846047554441e-02
-8.047392390585026561e-03
3.164747752154549888e-03
-1.708749365245567156e-02
9.272523902761710402e-03
-1.383484851487120151e-02
-8.457139306848633978e-03
-1.337729395556550363e-03
-1.437382061315854893e-02
-2.753508684413540921e-04
1.899675251271772678e-03
-1.240159430997985618e-02
8.690049263816662726e-05
-5.288986469322316114e-03
7.858230703486200619e-03
1.689715148255506103e-02
3.706910312172787512e-03
-5.331219241421545837e-03
-3.255722585675431546e-02
5.308484394408536679e-03
6.120851009902344639e-03
-1.139219153677856373e-02
7.627773622579903448e-03
6.277292811274300631e-03
-1.475486705895197662e-02
-1.610268318249138964e-02
2.163373202201848700e-02
-1.046083824778708607e-02
1.706923072315296233e-02
1.020875368662804011e-02
4.499712254902990863e-04
-1.048473861888145342e-02
5.226478055811089804e-03
1.032417953704532591e-02
-2.156071852869664851e-02
-4.848871620976418981e-03
-2.980079565866149138e-03
1.560425094323843881e-02
-1.009585384851724964e-02
-1.828363208006542062e-02
2.082401642829365476e-02
1.500148615961523386e-02
-3.626353121376919841e-02
-7.505226117207637951e-03
8.390737889158870338e-03
2.089250332049538000e-03
-7.384124216110750545e-03
6.243943752747989004e-03
-7.769869725247109324e-03
-1.255558203308408021e-03
-7.558009738558486151e-03
5.749035669638700823e-03
-5.537905822359584160e-03
9.749779099079498162e-03
-1.072065610714693917e-02
1.122004248103685570e-02
1.521262979790120526e-02
-1.124209681607764126e-02
1.294693960419953391e-03
2.162488504411103421e-02
-5.126052361047542423e-03
4.177502628988627714e-04
-6.974049299592749440e-03
1.254131777998569730e-02
-7.680578553815228457e-03
2.029421425842280885e-02
-2.211758852997978628e-02
-1.210266142982577807e-02
2.525710572598051373e-02
3.649188428708795978e-02
-2.451592582007951909e-02
9.082918420099856532e-03
9.619069519388012690e-03
1.440539665786778369e-02
-1.124110197182414880e-02
2.346650522736500044e-02
-2.818271460210447152e-02
-1.626278116687907265e-03
-8.879198623275864552e-03
1.250784812486545501e-02
-1.247009849329676519e-02
4.541868368657987071e-03
-2.776331595981893288e-02
2.662008072067425807e-03
-6.361349446805547071e-03
1.196077630072399541e-02
-5.266320794274060267e-03
-1.746952490280098691e-02
-1.170241551163686902e-02
9.433310464841934348e-03
9.490045631695961936e-03
-6.935991588239032862e-03
-1.858290585735867737e-02
