# data in one-minute intervals
-1.241532165466970872e-01
8.482787180809891678e-03
-1.429474801756206448e-01
8.818036417019398110e-02
-8.439089430991159047e-02
1.656550828767775624e-02
1.073122332122963679e-01
1.812034909965254126e-01
3.308834498572914007e-01
2.483501771265363145e-01
2.413681026000901730e-01
1.169714716780790587e-01
2.793435688305923037e-01
4.219583768341202412e-01
2.161676097071062175e-01
8.282799659914078516e-01
4.994143716710262582e-01
1.520277999015365311e-01
-7.671111666038205046e-02
4.687452580238433142e-01
4.769239756760024207e-01
2.558834026148381624e-01
-3.259700858326910339e-02
-1.880474691676863389e-02
9.977140076476183339e-02
2.024347293658481928e-01
2.726321352453163205e-01
4.526134552771183261e-01
7.833067279446241649e-02
-2.797866699656527678e-01
-1.501141821903759568e-02
3.552650552036172582e-02
3.483417712063180405e-02
4.233633801338000380e-01
3.228953331934171223e-01
-8.020018225043989979e-02
6.791713661796292684e-04
1.431357384228741647e-01
2.834699193220644453e-01
1.639277567493514776e-01
5.204930859735139581e-01
2.591669649505436990e-01
-9.850880433137498837e-02
3.492396479919615548e-01
2.127113881725403166e-01
-4.496657377644903281e-02
3.364016768855989659e-01
1.609509485253017846e-01
2.285209168627936605e-01
4.768226244918569862e-02
-2.434937676712308763e-01
4.162108362001913364e-01
3.587087050092920282e-01
-8.044056183631362322e-02
-1.826314177160123786e-01
2.470639722907832792e-01
-2.491797759437288373e-01
-2.861258046192659554e-01
-3.177977951981298954e-01
-2.823042002992384170e-01
-1.727687244564075908e-01
-2.180101983840254387e-01
7.656747449304482367e-02
-5.373470827690757234e-01
-3.621682468314991743e-01
-1.377511547166308248e-01
2.745937492043901695e-01
6.270222314949579490e-01
3.080226126085631663e-02
1.595145772576958831e-01
3.451305926705677818e-02
-3.426486809007867063e-01
3.509275287471836924e-01
6.264673274588163088e-02
-1.550499819615214769e-01
-2.201746601111235213e-01
-3.444227457932851344e-01
-5.501428643230088511e-01
-3.126272344188953389e-01
-3.492752213030070885e-01
1.286682454260782912e-02
1.919870231016939169e-02
-8.534862430175998993e-02
-3.522490514253123761e-01
-3.357659001958280820e-01
-3.508376513176974382e-02
-7.316848834218155073e-02
-3.976008329960235843e-02
-2.850079498489139773e-01
-1.950914176974228309e-01
1.600757027166355984e-01
-4.611900961106739361e-02
-6.850372952399848281e-02
-1.566757367169197002e-01
-4.710245999893557522e-01
-4.412830052794460278e-01
-6.629455739041072437e-01
-7.754834816415693277e-01
-9.530241770706265880e-01
-4.671428867460994394e-01
-4.912627396894571619e-01
-2.000481412104259671e-01
-5.574981643120336949e-01
-5.305814944973180625e-01
-5.464238968980476008e-01
-4.704319024030567120e-01
-3.997959286454974559e-01
-2.660704821562590028e-01
-1.754055805144011104e-01
-1.568352662380433638e-01
-4.144438894317001992e-02
6.488976349904845842e-02
-2.496059882378574568e-01
-1.396469004085215404e-01
-3.051221598699855320e-01
-3.378860226219280172e-01
-2.649378038281587355e-01
-3.661191243304620646e-01
-5.131426141106359973e-01
-2.818574309769403263e-01
-4.238249659875804043e-01
-1.304610261019383544e-01
-4.135544064147681498e-01
-4.146174608272101270e-01
-4.012529152523436893e-01
-5.722864413130601680e-01
-1.342767466806842926e-02
-2.461094459751234365e-01
-1.653529257016728704e-01
-2.066367561575719880e-01
-2.070704426366428222e-02
2.252900729463367391e-01
-2.150991853494783890e-01
-1.811711397626071252e-01
-7.088145420625674431e-02
-1.078415626100939079e-01
-1.376877175015984167e-01
1.472241824464333160e-01
3.209418081640006415e-01
-3.054991659926167835e-01
-4.522617649711408450e-01
-2.492828352762130883e-01
-1.182877428080786331e-01
-2.667919970229938875e-01
-4.919412763768207242e-01
-8.260742197984128898e-01
-3.919169461907068275e-01
-1.698237753924008442e-01
-2.385515128454472611e-01
-3.126811674291353760e-01
-2.332217361654052301e-01
-3.200938392202026250e-01
-1.465243293727143126e-01
-2.392518736279178326e-01
2.590689858116941857e-01
-4.384038550215637597e-01
-4.066065207152847472e-01
-4.694928019359979610e-01
-4.184755665982909933e-01
-5.752771724188808777e-01
-4.386355429921777738e-01
-5.439530988120856447e-01
-1.849040376259735718e-01
-4.134744184262944544e-01
4.903062452663328394e-03
-5.959030935436504528e-01
-4.307682726990361699e-01
-3.039014982229034101e-01
-4.800863513979648084e-02
-3.444293665397893389e-01
-1.599367104661128247e-01
-1.181727809138041624e-01
-1.761876969859799968e-01
-1.457052590282031934e-01
-4.416922405950735042e-01
-2.798799935548339501e-01
-4.991671963170147275e-01
-7.382646150454065248e-01
-2.551897555584813349e-01
-1.736165198199874360e-01
-3.903978360203265718e-01
-2.761835933932594855e-01
5.473686699319241927e-02
-2.175599339050674486e-01
-2.472437607972981788e-01
8.162281726312228813e-02
-3.953403042460910122e-01
-4.056118945375445928e-01
-7.251567407821459810e-01
-7.356810158187999660e-01
-1.391310237521891924e-01
1.576769556827707086e-01
2.310457629349361164e-01
6.598527672985844417e-01
6.899174966139736132e-01
5.243165005930096045e-01
1.889564045359325706e-01
1.284605332214653339e-01
8.617819458191067206e-03
-1.477330284548225570e-01
2.745458408828371777e-01
4.342028166414093060e-01
3.360201368670743816e-01
5.307474723588269105e-01
4.021835727631963286e-01
2.028374181197543369e-01
1.283792185840985089e-01
4.300141820142036053e-01
4.553213964862515284e-01
6.363042544177570370e-02
1.388820338106091790e-01
1.095914507127795229e-01
-3.268967674156475489e-02
6.012379753346448474e-01
6.648744853580931258e-01
3.049489579274954343e-01
1.064916322313886124e-02
-4.400207886471370344e-02
9.488115935966787151e-02
1.421094029455412244e-01
-1.666707035847586893e-01
-2.711346417040637613e-01
-4.344785225979937854e-02
-1.888246365654575043e-01
2.001935455676220332e-01
2.092378821510900155e-01
2.910603327890630143e-01
5.308462837668171952e-01
3.263801614982331789e-01
6.164797252504805591e-01
3.572282269645471464e-01
6.205709386772718938e-02
-4.095447091712474674e-01
-4.120247798441569742e-01
-3.519971483645424892e-01
7.201562256543742047e-02
2.171674949364786611e-01
2.847959431485851400e-01
3.674705233778524649e-01
-6.581770425887853437e-02
1.858687883712189237e-01
1.624830265493817094e-01
5.093895453535436380e-01
1.140486128428696566e-01
4.813356597541961213e-01
3.021107089800660339e-01
5.854516566123086907e-01
2.255698242813095611e-01
2.982835738479023835e-01
4.719299511200517050e-01
1.713904729099750834e-01
-1.746273633735510034e-01
-3.262268634011028512e-01
-2.514499922917241004e-01
-2.047008970609991430e-01
-4.170575779661760130e-02
1.467163487617655637e-01
9.288552693536887561e-02
-1.776295108089913019e-02
-5.129551841928058076e-02
2.193190528901238223e-01
3.293002916467439589e-01
4.464452686624041378e-01
4.316552940153812190e-01
-2.338413329680601171e-01
1.629644812934115949e-01
6.574749608303191717e-02
1.053320657206349292e-01
6.077661360964606296e-02
-3.643169588929127956e-02
6.009434519634888894e-02
2.273419466863027261e-01
9.174549732593936802e-02
-1.268445234882357719e-01
9.083836307680570599e-02
-8.954532945153298451e-02
2.824143659526762717e-01
4.051096504440900303e-01
5.096544046872825140e-01
3.722758106314304483e-01
4.171276072373497068e-01
2.963707872992998316e-01
8.130424060617360560e-01
6.830316051349100137e-01
9.268531781101126965e-01
5.946151429749235717e-01
3.123037668839259151e-01
5.370774537252186454e-01
7.027629927198431048e-01
5.413098561570099942e-01
5.519608748257187614e-01
9.492986120370586201e-02
1.149355941912005574e-01
-1.473223602349134909e-01
1.424553864727042263e-01
4.814801298765631482e-02
-2.711903412521078915e-01
-2.745397564478379571e-01
-8.705781167897697070e-02
-9.415186715665757600e-02
6.748229731910997641e-03
4.048259038446403446e-01
-3.293794145600647399e-02
-2.617122302174392234e-01
4.034857916066176275e-01
2.880582611588167752e-01
-8.652209822675617501e-02
1.639257217938185907e-01
-3.266978381392688924e-01
-3.015710463236260241e-01
-3.423381974952469098e-02
-1.215790710841055666e-01
1.734112028192707003e-02
2.764575363473792402e-01
-2.695759294109453252e-01
-4.341886836555153839e-01
-5.529999278043798983e-01
-4.778323528508731100e-01
-5.365475449556653675e-01
-5.669175528262287989e-01
-4.647591123591972018e-01
-3.738660885405143963e-01
-2.298046443071795064e-01
-1.050445827278430194e-01
-3.317966491880106061e-01
-2.489287581449973197e-01
-2.721060667617433704e-01
-4.685407499000460718e-01
-4.665654500111864889e-01
-4.672724920609120369e-01
-5.222568408524853600e-01
-3.621011619486663724e-01
-3.636544738390827258e-01
-2.950120155361446450e-01
-6.289547491492317732e-01
-5.905932380841845131e-01
-7.845964604538236964e-01
-8.577997688224583417e-01
-5.509334035383992578e-01
-4.365251512377555931e-01
-2.207630477095824939e-01
-4.961858920308391818e-01
-7.242239764554034842e-01
-7.529452796876744403e-01
-4.264200740017052849e-01
-1.171758034659644426e-01
-2.115409408500593946e-01
-2.718032214125448709e-01
3.797140162207268688e-02
2.648304479305339798e-02
-4.929359781290617581e-01
-7.217336388874159292e-01
-4.565108440417360858e-01
-4.837449238410918007e-01
-2.005592339225302778e-01
-4.759495057954085118e-01
-5.548910146796948162e-01
-2.576156969492954807e-01
-7.450272194610640941e-01
-6.017832613859834812e-01
-2.872062848972496973e-01
-1.492100323225589720e-01
1.623354851294142032e-01
-2.447813147757467722e-01
-2.928577033515766259e-01
-3.479604475911045602e-01
-4.211162185328083951e-01
-1.867057612659512034e-01
-3.595240419815258215e-01
-1.524447300828192797e-01
-8.744663830067306298e-02
1.461749394759511433e-01
1.884633591839514621e-01
4.747613612643088524e-03
-1.175706106431921583e-01
-5.845857679282924213e-01
-2.074466320554288756e-01
-9.949632872673563541e-03
-1.133962802278619397e-01
-2.549564382895875836e-01
4.049798484708775487e-02
-1.516838903026237161e-02
-3.780296421546979757e-01
-2.502016053474096502e-01
-1.238261327874458084e-01
-5.480721918860292918e-01
-5.272699948308371409e-01
-2.422822828282268914e-01
-1.901817951973681364e-01
4.079609190392785578e-02
-1.096305627237367381e-01
-8.875556301369398604e-02
5.938998731586941221e-02
-7.733696898226425503e-03
-2.684262660190714356e-01
-8.974161624432149820e-01
-7.971012170269345942e-01
-3.182199257311745799e-01
-4.139217005994839660e-01
6.934120225481257838e-02
-4.531633510183327163e-01
-2.865461820871420540e-01
1.415462122475047158e-01
-1.958050289051598281e-01
-3.735707866072893180e-01
-6.533666468637792935e-02
-6.701633617422923577e-04
-1.011811493749267266e-01
-5.319022551334612325e-02
-7.243718004959390222e-02
-1.793122955724868184e-01
-7.751962559241507011e-02
-3.307171377738376550e-01
-1.414313050440015318e-01
-7.033068494837860229e-02
-2.943586499898618869e-01
-4.010741269831058498e-01
2.889146113021308637e-01
-2.885780283413656999e-01
-2.912955606442346745e-01
-7.950977634678979555e-02
-7.245777307968606085e-01
-6.799835112448749941e-01
-4.452225535576381787e-01
-3.809625867278758626e-01
-6.506711205277343479e-01
-3.888689983461091626e-01
-3.755472157486018370e-01
-1.432401515561887613e-02
7.829067439202226641e-02
8.145357301598532551e-02
-2.272703151823277368e-01
-2.337662403185494092e-02
2.754959923314747594e-01
4.985102524142748931e-02
6.048668572282578197e-03
3.158120960692989976e-01
3.279625870477965166e-01
3.861532119135425711e-01
4.739123634965613507e-01
3.444666469881713100e-01
-4.870261477231636882e-02
-4.180027983182640211e-02
3.120547876924563147e-01
3.331629263134922581e-01
6.722518937606549727e-01
6.040202619365646619e-01
2.501513511251750033e-01
2.682914314181963911e-01
4.045782071141624248e-01
-2.033366069850610636e-01
-1.124811764602467179e-01
1.840766828215641485e-02
4.318023232981200721e-01
6.043483185409681546e-01
7.663104212056205400e-01
1.983133439992550151e-01
-1.889473249406329811e-02
-2.165918278484614198e-02
-8.005276007848612096e-02
-7.490767590239436058e-02
-7.738751456788418859e-02
-2.733639879095310921e-01
-2.762851389381307810e-01
-6.082996834026026430e-03
-2.864019853994188014e-01
-2.389730457425053370e-02
1.528921200403098035e-01
-1.288075912996840822e-01
-1.159192094700094433e-01
-1.501224032838497369e-01
-3.557680040172287450e-01
1.788986294756129882e-03
2.572464978973134087e-01
4.724197385418960060e-01
3.939672379544782999e-01
7.374031598512418295e-01
9.455574873930232271e-02
1.722184214999161744e-01
-4.037836476252729123e-02
1.508225331563817495e-01
2.231903556908768627e-01
2.843310124380036275e-01
2.631079005575329699e-01
5.714269828924390948e-01
1.891295846767420408e-01
4.840401565051506011e-02
7.026419306385356389e-02
5.355143866621658866e-01
5.022742249659923885e-01
3.655765909945234426e-01
1.111098463672081649e-01
1.702687942311875147e-01
-3.168059313404874427e-02
-8.409848669606172222e-02
4.273185726944840612e-02
4.615386372716399621e-01
-1.130793606145525931e-01
1.748455451283205675e-01
4.734163321106441558e-01
5.784467518422201637e-01
4.948593503347082923e-01
7.214416773400029737e-01
7.099816814046744362e-01
1.010827705043669367e+00
7.614276249531367613e-01
6.123441512603707837e-01
4.262883763183546448e-01
1.483143897330997107e-01
6.961583261872060502e-02
1.273353077131225974e-01
2.701439127454188238e-01
4.982302123161673757e-01
5.650161846596237769e-01
1.949282906923220926e-01
5.117330630243341894e-01
2.705976431106730806e-01
1.472746778208284257e-01
1.334841048156373000e-01
-2.756311330861727638e-01
3.558522681540302740e-02
-2.643245051443191551e-01
-4.156762680967837631e-01
-6.452496740378200861e-03
-2.058155687258065303e-01
-9.490244114284530907e-02
2.210432864347691428e-01
3.482723663383770901e-02
-2.234754364863458242e-01
-2.834992840912386458e-01
-4.898236233002938728e-02
-2.953316442225744076e-01
-4.631932694841188747e-01
-3.616957187766496884e-01
7.579548470360375489e-02
-2.681798847025448906e-01
-6.691458199372786464e-02
-9.108956708949600412e-02
-2.817364429074031840e-01
-4.378637306078775326e-01
-3.491156949590641934e-01
-1.333246940416887849e-01
-1.038918439844978697e-01
-2.437251480617800281e-01
-4.623231491509842694e-01
-4.625896771089960668e-01
-1.645044468857205233e-01
-2.171966637885351659e-01
-4.040855686299980702e-03
1.978530955927298163e-01
-6.549908283250646668e-02
-6.496796946970372771e-03
4.553556605121773099e-02
8.824999429644372895e-02
3.532784379974187039e-01
3.059304307448793558e-01
8.323636192290598812e-01
6.690707864411170602e-01
4.489600420692744231e-01
7.816189126633127371e-01
8.253857870698243504e-01
6.328839626354028081e-01
7.849565080572511178e-02
2.910446548666536515e-01
2.681300780406743467e-01
1.719849607193888602e-02
1.476094076334719465e-02
1.708682616154328371e-01
1.520975150754742995e-02
1.799684631684418668e-01
4.817897729452066402e-01
7.934032334334447656e-01
2.390925278063160964e-01
1.044347878165448676e-02
-1.136525517415271427e-02
2.543337533242202020e-01
1.068494777514645000e-01
1.995435363521224914e-01
-1.547703799357141863e-01
-2.500246887084024983e-01
4.211172471961306951e-01
2.721013608146911067e-01
3.391694315990214093e-01
4.090921736104277673e-01
1.124404044543584891e-01
3.101381906673137401e-01
1.471640338035630768e-01
5.618794291900282012e-01
9.550457070963473682e-02
2.259821470836184953e-01
3.333251437355215507e-02
-3.347865146587409857e-01
-1.555606724627537907e-01
-1.953926320556016727e-01
-4.079952295538837870e-01
-1.877436817113716239e-01
-1.266557297541211213e-01
2.201169687246839202e-01
-3.711807461322988999e-01
-3.716097083161620240e-01
-5.966090340043592732e-01
-5.075531957551916440e-01
-3.023570455837979454e-01
-1.067767910871205289e-01
-3.378051109791926354e-01
-6.671742167961364212e-02
1.046974268924066725e-01
-1.088923113885194444e-01
-1.359397744625533144e-01
2.129324943936953402e-02
2.988736649912130394e-01
-4.588629693259618780e-01
-4.448688821638208668e-01
-6.634673738522863795e-01
-4.084877156938218623e-01
1.311926539105406388e-02
7.435690736463618222e-02
-3.040133830241147517e-03
5.835229742472039516e-02
1.671033527421577902e-01
1.089758096852309205e-01
3.496331695843610810e-01
1.701006756508008366e-01
-2.308983481348563793e-01
-7.351212346040449097e-02
4.111473126744649709e-01
4.748391342119657175e-04
3.827759078718590002e-02
1.303150729350132653e-01
3.802707372704438038e-01
6.658566416428571277e-02
3.337095266491976187e-01
-1.848651234142108801e-01
-2.610425562170086144e-01
1.716793302237545060e-01
6.632816607451710866e-02
-1.018087308173746403e-01
1.025227606963216714e-01
1.199792032871242406e-02
2.000094234568005336e-01
5.172139661776272712e-01
4.634608082826164877e-01
5.849697256199162254e-01
3.771410529418286472e-01
6.844683875103524384e-01
3.955385344923768032e-01
5.168006212489314466e-01
4.705719979953586485e-01
5.541075320855946007e-01
2.293194682583012678e-01
1.842420244062764612e-01
1.017294534229404301e-01
2.023324543644891560e-01
-1.798696742844342333e-01
-4.445953135619932356e-02
-1.184375250959123771e-01
-3.313649056875196952e-01
-4.926790663872344100e-01
-5.166863009723167144e-01
-2.291180000676529549e-01
2.017438156128062432e-02
-2.995836401624720965e-02
-4.786823228243821532e-02
-2.108754180936568134e-01
-7.627260483004263403e-01
-4.233422917042357903e-02
-1.084894303427187956e-01
8.710464599859493035e-03
5.038877887642987524e-02
3.407670966450489919e-02
-2.545092512297818521e-01
-5.633470480955855564e-01
-3.965226971243752674e-01
-3.597915592458776901e-01
-2.699765990737398869e-01
-3.491300652455008868e-01
-3.047091983954641758e-01
-1.967881748051183988e-01
-5.898453572687095692e-01
-5.157279723299510454e-01
-3.639039251395893848e-02
7.287297302793941702e-03
2.530363362133028482e-01
5.528509574137421140e-02
6.502412871765250735e-02
8.050537976520606709e-02
-3.032576945508282107e-02
-3.234298030674906399e-01
-1.693611878881003119e-01
1.333127800274395702e-01
-3.783041090549956187e-01
-8.571282683041551997e-02
-4.140476163349905980e-01
-2.366121248936791932e-01
-1.153148909614689355e-01
-3.316134929459333969e-01
-1.185240771897544398e-01
-5.717004131758176566e-01
-2.706573926885740278e-01
-4.252124845593936997e-01
-3.959669901353497501e-01
-3.275735166043591828e-01
-2.914761444715318617e-01
-2.900879636665791295e-01
-2.015619720134595727e-01
-1.210440576508173965e-01
-3.402836223774904911e-01
6.660269661205261982e-02
3.628852030604179379e-01
1.798235789522752495e-02
-2.691283900268575668e-01
-2.294026087097881250e-01
-1.345709396599353014e-01
1.954234065520480956e-01
4.041821960574871198e-01
4.701424749637553302e-01
-2.080981192506781985e-01
-4.360758277981321984e-02
1.397602123194098267e-01
-3.805888682203539819e-01
4.908111903328476328e-02
5.385560371503723964e-02
-2.483135666895988289e-02
1.893160778026143076e-01
5.634516145897786599e-01
3.194739612635684733e-01
2.866051719502392126e-01
2.892901782214862272e-01
4.165678888232325905e-01
5.287196896218290254e-01
2.374850259779551775e-01
1.569801233154609066e-01
1.391542211782316740e-01
8.455113342333316073e-02
7.201003311857918920e-02
-3.649086279910723207e-01
5.450170743039974702e-02
-1.081298235755503573e-01
1.175379665258370065e-01
1.912404553249133499e-01
-3.462367071198759194e-01
-4.545371030673049373e-01
-3.094660060524922485e-01
-1.432328301012553151e-01
-2.650066359890249079e-01
-8.646254488674312566e-02
-3.567771360165247208e-01
-3.459264744178310313e-01
-3.977888578709334322e-01
-4.790083565085855311e-01
-1.783943097620041829e-01
-3.746664751271077121e-01
-2.898248551505362425e-01
-7.228962248790901102e-01
-4.131458113463208348e-01
-2.798945847173891499e-01
-3.743182270423719982e-01
-1.070547242814779559e-01
1.975813455909167932e-02
1.357627869823449518e-01
-2.033319954919389494e-01
-3.257401461917569518e-01
-1.435576898392523781e-01
-6.704052133793987622e-02
-1.436555336285121227e-02
-4.532996794817063524e-01
-1.756238264655534398e-01
1.483225190986272313e-01
-1.810144613115265144e-02
-3.777292474251046639e-01
-1.794601566287095940e-01
3.114444427763102263e-02
1.256907182343621476e-01
-9.831017135518986538e-02
4.273720588511490392e-01
2.900505399878889334e-01
2.890613316486397716e-02
2.489701760342355463e-01
2.911699378080088302e-02
-2.807910634625427476e-02
-2.630205681072658175e-01
-1.603590549392301945e-01
1.393079992922246491e-01
-1.721187534723198076e-01
-3.313700231459389828e-02
-6.328595930345037868e-01
-3.954913436169186225e-01
-5.426714645124148806e-01
-3.675411140319669867e-01
1.793079003502022484e-01
-2.320470710168133222e-01
1.440397083384931110e-01
-1.233135173523070699e-01
-4.881477586974201088e-01
2.178588043168044885e-02
-1.120724176027819256e-02
-2.740433257747174056e-01
9.617659980481553517e-02
-5.025232312894478692e-01
-5.284194570693832027e-01
5.818158430805214082e-02
7.769735621441983819e-02
2.795725944627098225e-01
-2.283170687833658563e-01
-1.540569462798379863e-01
-4.368922514377516220e-01
-2.432108055328966179e-01
-2.015577772093086473e-01
3.405331744532529292e-01
-1.769851923550223582e-01
-9.943430507592616874e-02
1.101416793352125445e-01
-1.503140536818697581e-01
6.574784584803647358e-02
2.105243851605425578e-04
4.218615233480839041e-03
2.814848937407207208e-01
3.710293233739464513e-02
-1.725000656290919532e-01
-1.485774828066245001e-01
1.697055324228462919e-02
6.831153591832249683e-01
7.517727572300123562e-01
7.366842169713057054e-01
5.265170356637297600e-01
9.292215679606996570e-01
1.056890982654127509e+00
7.929379009596561056e-01
6.985098998114750435e-01
5.089554339952572226e-01
2.886347997251436093e-01
2.479669523511915941e-01
6.088583878967999789e-03
1.689719610291571250e-01
2.211458604334225475e-01
9.159233077599060469e-01
2.488166250672956548e-01
3.482614359086580458e-01
7.505906730641919156e-01
3.248699595373376048e-01
5.829632888036625493e-01
4.085486742777388325e-01
6.395787226122361391e-01
4.483644420628893346e-01
3.585917391592658987e-01
7.826730753394384177e-02
3.879558338207205748e-01
1.521907788654116023e-01
5.619602842471813631e-01
1.285021065532926943e-01
-1.684926392850701615e-01
-7.117102447887196925e-01
-1.542660098214370668e-01
-1.117655782271866211e-01
-1.434410506879895408e-01
8.243996903548024557e-02
2.390753471248886208e-01
1.268179084545356661e-01
2.474501490923836922e-01
4.602700351629285813e-01
3.144469023790408824e-01
1.312676983674901099e-01
-4.265598737203079027e-01
1.272858053691944269e-01
3.251643472732915208e-01
-2.935860368161297140e-01
-2.494798368446834169e-01
3.311125063185345052e-01
2.385566684104322432e-01
3.047912915919112065e-01
4.350932652895698194e-01
2.820892695141357515e-02
4.107621924760990750e-01
7.351787849216665505e-01
3.971611830710416458e-01
3.364498626055711233e-02
-8.321540703695593649e-03
4.566002363050864106e-03
5.443384444478126943e-02
3.843425403035811150e-01
3.105672598833879583e-01
1.687048099444255489e-01
-1.628730578022986042e-01
-2.401786285356770079e-01
1.718590122285131860e-01
1.044989434403391648e-01
-2.227100423853458147e-02
-2.265588584348003365e-01
-2.607606311175798552e-01
-5.981898637037217359e-01
-6.259545515966360441e-01
-8.716380280833528893e-01
-6.748912394333660414e-01
-6.957077452019284625e-01
-6.236846823622035352e-01
-8.623681716968817357e-01
-7.006679524349189725e-01
-9.804182923025741569e-01
-8.672174137419794704e-01
-6.618261753709163697e-01
-4.323896624221312268e-01
-4.961413142427177347e-01
-3.908134383223764163e-01
-2.320203095001459048e-01
-2.588848933626252125e-01
-9.636105776957767932e-02
1.078777348417692544e-01
-1.991314687121129579e-01
-1.249956642049583622e-01
-2.129454851458114639e-01
-4.186446044688283546e-02
-2.874987773148829362e-01
-2.881672101978738909e-01
-3.973380225396902499e-01
-2.713136663558388673e-01
-1.969975919260781305e-01
-2.591606052072065736e-01
-2.539980388412360623e-01
-5.552623392934424862e-01
-6.062922429126445245e-02
-2.304214502816220589e-01
-3.656871299100353245e-01
3.845156040898851935e-02
-1.130429077651792236e-01
2.845695248130166582e-02
6.996379166011879036e-02
-1.146018426874520907e-01
6.113893910908973356e-02
-1.542956072219780206e-01
9.912177914032498094e-02
8.319660539526797793e-02
-6.528719400379151550e-02
-8.083057871485910262e-02
8.185585779805774898e-02
-1.679323382356569727e-03
7.571454202123806265e-02
2.286975992039867456e-01
1.159954505022391114e-01
-5.353748562996998167e-02
-7.525696632461982560e-02
5.084304539425255065e-02
-2.979242027564292794e-01
9.575812762841647008e-02
2.374470900731111278e-02
3.770302908074031900e-01
1.736132251387436931e-01
2.673981158796013835e-01
8.397472883842063696e-02
-1.672267167532595633e-02
-5.992075008095663208e-02
-1.380820968956602557e-01
2.265761962935894467e-03
-5.131004448398392148e-02
-9.387805959925911437e-02
-1.617929006430676997e-01
2.601608671225297265e-01
-4.263327831136532603e-02
-1.261111769035280598e-02
-5.632393649672397945e-02
3.247062878239579398e-01
4.641506258125686207e-02
-3.714346638049346172e-01
8.317646488376115310e-02
-4.668354998679716816e-01
-4.501694719763850161e-01
-5.173248149995988143e-01
-6.121572793106463406e-01
-1.766403139456553528e-01
-2.100575175303573752e-02
-1.734225914241482314e-01
1.726531174067064689e-01
-2.985503437293870327e-02
2.952265767041131195e-01
1.458247353992183637e-01
1.339470068537006175e-01
4.411719275299892384e-01
4.902433626950955525e-01
2.155770318609472602e-01
1.577645876641172729e-01
5.532163294845983403e-02
2.035130313121838452e-01
3.813000095769003561e-02
2.098424132518371954e-01
-6.741587172739406386e-02
-1.463746266461641299e-01
-1.147956687455177621e-01
-1.123496447356213401e-01
-3.438907063574747069e-01
-1.335074400355820978e-01
5.868682908946021293e-02
2.046786809456187239e-02
2.971847022022244822e-01
-3.094537544494206371e-01
-4.334011081181113334e-01
1.563763892570674829e-01
1.968832195086211434e-01
1.661854903730740907e-01
-1.228292662884104547e-01
1.353623806653464767e-01
-2.619312779933382629e-01
1.051778595986459647e-01
1.464261997593467035e-01
3.207908752674809572e-01
5.757531996496455529e-01
3.222914506744085084e-01
3.392621085620031729e-01
7.055433197232932954e-03
-3.149804099066797272e-03
4.783546979143005751e-01
2.939652886224275452e-01
2.527695565283498147e-01
6.441941187532032598e-02
2.626929873131675364e-01
2.819236917542005671e-01
-1.578793893259376746e-01
1.147734838802890317e-01
3.916385130095218631e-02
-3.935750860268334983e-01
-3.202744091141490612e-01
-1.260624629072140124e-01
-5.458960310210859979e-02
1.264707913551542107e-01
-2.198124094446001209e-01
-9.519944636153253315e-02
-1.894280843610536835e-01
1.116446937615935414e-01
-3.321300598161340458e-03
3.171156343746411865e-02
1.208248439157370013e-01
1.532342776989552013e-01
-1.180443962097096622e-01
-1.741648446427581931e-01
-1.617105673696455359e-01
-2.715671103490251495e-02
-6.472787087475169454e-02
-1.784997943553037758e-01
1.332613903958415336e-01
8.980335321173783802e-02
-8.884002445022616545e-02
1.604199514514668135e-01
2.725458101941503064e-01
3.159255765017726647e-01
2.631887214190464230e-01
3.917525736582729845e-01
2.533339054826495018e-01
4.208643536550550346e-01
2.242167611880433176e-01
6.058802767038546921e-01
8.332479606357326429e-02
5.323575270101790768e-02
6.517487810594083109e-02
-1.022178781157530164e-01
-3.258946140679581660e-01
2.047088837378706894e-01
1.592844362651043566e-01
-3.479663301699393863e-01
-4.726626114754237107e-01
-1.191125378028628640e-01
-3.031432264065663240e-01
-3.995723264525211094e-01
-5.227314772287684486e-01
-1.121198732281788457e-01
-4.236535354767936856e-01
-3.378279732561350057e-01
-4.348873880275431758e-01
-1.993100259893029746e-01
-3.740203611769806202e-01
-5.038025673219771461e-01
-6.294999729602155369e-01
-8.320718690700115716e-02
-8.301803489734701502e-01
-3.154083971478990334e-01
-1.523941913411181182e-01
-1.967245867443477847e-01
-2.634401512519237154e-01
-2.831451078674357413e-01
-7.030915824507245615e-01
-5.272745395564506499e-01
-1.359303288364951401e-01
-2.253388023000863771e-01
-1.012688904961365211e-01
-5.488824143980900461e-01
-3.562373088019658018e-01
-1.291109181025198727e-01
-1.837355598068902696e-01
-6.096397219211052709e-02
2.087285137736822060e-01
1.897076296891684055e-01
2.864142068558747090e-01
-1.118043683230833529e-01
1.083230376312474819e-01
8.310646522571349393e-02
2.908278296815103858e-01
1.479543925004999372e-01
7.763401431914641881e-02
-9.426474965554228203e-02
-3.528369077250368552e-02
-9.538372815601298127e-02
8.196535661029308306e-02
-1.757972051484392173e-01
2.769762112924605835e-01
1.390533664648625489e-01
2.997019163013626697e-01
2.350559073987566472e-01
2.244830395971088577e-01
4.685658432689219222e-01
7.136388260223362756e-02
2.173230083192105311e-01
3.139421701501156070e-01
1.345573272187393921e-01
3.583293398679788799e-01
1.387499330018631960e-01
1.235547390253576433e-01
3.620335273980502810e-01
2.320605325905907013e-01
1.107901406562476349e-01
4.882329856851176375e-01
8.812903103288684259e-02
2.475915362825656663e-01
7.983572086851131733e-01
4.934969418345291903e-01
1.715591471598169881e-01
-4.976015413375768637e-02
2.277945001141481185e-01
2.987039611822708829e-01
-2.007856536330621111e-01
1.071115547220349018e-01
5.488492137404867854e-01
5.727554333342664838e-01
6.769009617405602475e-01
5.569437678827029448e-01
5.915455932408505424e-01
4.684945992587679631e-01
4.469251715149271109e-01
5.910601011178927555e-01
3.098435486760849344e-01
3.082867028015896516e-01
5.118992171047888062e-01
5.326749534892963878e-01
5.289175964794430307e-01
1.352172534010972760e-01
1.044884061607683629e-01
4.849241321383563896e-01
5.159577569389315332e-01
3.818643722727414480e-01
1.236895563908698564e-01
1.245571971278627010e-01
3.548140387436678478e-01
-6.030004216899088887e-02
3.116483549829038302e-01
4.596883936049573349e-01
3.273754853297714540e-01
2.677871098712596432e-01
3.234626148198999629e-01
7.502219202236003470e-01
8.457548577439429893e-01
8.644256741480086381e-01
4.454641242402375689e-01
6.962756079032247358e-01
5.395023224574905241e-01
3.857367285614192176e-01
7.431039012049143189e-01
2.560888612355052829e-01
2.194976640799896905e-01
3.390240397194544397e-01
7.354438297492527088e-01
2.891916963180740652e-01
6.014860502182776958e-02
9.570272105908302074e-02
-5.538258010737181353e-02
2.634645812421539390e-01
1.444780946709395275e-01
-4.255661974927803931e-02
2.320630616270304980e-01
1.979661191214325267e-01
-6.603328388332475873e-02
1.177630551748490156e-01
-6.242426056180411936e-02
7.628658662353487996e-02
-3.191925683457285667e-01
1.538517281170462825e-01
4.022715772663982836e-01
3.069248573784793543e-01
3.302347008799519368e-01
3.353564288771427870e-01
2.012511278076668519e-01
1.222819361043216008e-01
-5.720301229989464137e-02
8.259332639098380946e-02
-4.176872911896282320e-02
-4.770700911239952879e-01
-2.946127790693880977e-01
8.697445218880792139e-02
-2.848323421430746238e-01
-2.274838751589512154e-01
1.294480399871211218e-01
-6.735765483522678787e-01
-2.291081844138488088e-01
-3.142028334523445099e-01
-2.654864986287868156e-01
1.643966873449033694e-01
-3.874704196624286813e-03
1.257140947856622837e-01
6.028596896271738448e-01
5.136897748689196463e-01
3.137760878471334003e-01
3.706543464019792511e-01
3.951384423114843170e-01
7.763131514188630067e-02
-2.337256073235257359e-01
9.105323222014384543e-02
-4.081338473767048836e-01
-3.935351451651900589e-01
-3.254164546119943657e-01
4.468875856246134343e-02
-1.000104828094720566e-01
-3.049982073167268326e-01
-4.693224711891152978e-01
-2.009347957262411222e-01
-1.142070894206831111e-01
1.396506541922024058e-01
-4.133022622158581683e-02
-2.269829361803092083e-01
-7.562992914308311332e-02
-6.297222467076822594e-02
4.471207136883570410e-01
4.953395239793855764e-01
1.152953789224099163e-01
7.294387159682495791e-02
1.387171545726759991e-01
3.468256987663935753e-01
4.000230927788786355e-03
1.200410824419263500e-01
3.075830071556007878e-02
1.185309034799636313e-01
1.422402139067605042e-01
-2.191413257917751156e-01
-3.893567941116056197e-01
-2.003788278590141470e-01
1.259714817590566749e-01
-4.709489270458461219e-01
-4.458378000472990599e-01
-3.079961638854162853e-01
-4.195739903679734373e-01
-1.504994517554864297e-01
-1.398560972755256704e-01
-1.461278956642615146e-01
-1.059586005588220858e-01
2.795315084821556328e-01
3.105951864592915168e-01
4.740544820478115318e-01
2.792748420499218676e-01
1.576612286365945415e-01
-1.090408080606697916e-01
3.014141085492092961e-02
-9.644216335358489489e-02
4.347144932451035837e-01
3.673829440045058847e-01
3.526636271798674338e-01
2.938391098134359725e-01
3.311294551369769468e-01
-2.170309365167450155e-01
5.285544896842059304e-01
5.649998440758008389e-01
6.284312322199875345e-01
1.857357680609665607e-01
2.768470128982373768e-01
2.320846531851062100e-01
3.966286185858351465e-01
1.097156032660232400e-01
4.599470432117507279e-01
1.145021769253295602e-01
6.140304696038606513e-01
3.756569019762666106e-01
2.271959870698498085e-01
-1.416839396858379785e-01
2.441706475076716176e-01
6.983897633417253392e-02
2.708849243975048893e-01
7.301319230709440999e-01
4.139662753157583586e-01
5.463175958343919891e-01
7.797670809731986896e-01
8.352556811619085142e-01
3.617002088000410565e-01
-4.575219077843680621e-02
-1.933589677854812006e-02
-2.550750935694832133e-01
-1.727425787132985668e-01
-2.253363109089910055e-01
-4.360186979891716441e-01
1.184195382333965568e-02
-2.233480687812124943e-01
2.362818355794735758e-01
-9.405338476396060687e-03
-3.180596261258308854e-01
-5.693802252103126182e-01
-5.037033945049080863e-01
-5.266696417938113717e-01
1.206616010692041809e-02
6.411632751811402464e-02
-1.939475313774284213e-02
1.589741816195158405e-02
-4.117229183868175053e-03
1.027270486987865855e-01
-1.247581756976415823e-01
-2.165182031860419798e-01
-1.324581315325459030e-01
1.229760268477001761e-01
7.751306950368273829e-02
-2.080924053692349007e-01
-3.832815336921797100e-01
-4.437671879792098317e-01
-2.596698402033506548e-01
4.241859675785016742e-02
-4.918382509809567094e-02
-1.898493000804674646e-01
8.912190428673637255e-02
2.529216155020522216e-01
2.681987306949076277e-01
2.099028312464399637e-01
-2.258987317621634697e-02
-3.616852157545765167e-01
-4.841902659764771299e-01
-3.423608285483706326e-01
-2.610863104151311953e-01
-1.123892285853512196e-01
-1.853450894085448830e-01
-2.114609523140048020e-01
-1.650026678667290136e-01
-4.365015122394466096e-01
-2.956753583384491568e-01
-5.100337749169883139e-01
-3.373471720388369621e-01
1.215044023497925847e-02
-4.362552325873916836e-01
5.550379431231994287e-02
-2.789927338239739929e-01
-5.235034054822008676e-01
-3.015236127654357667e-01
-7.383439343590298964e-01
-6.578033103297757922e-01
-2.881752640574078983e-01
-7.371806957497611945e-01
-4.837182916248909392e-01
-3.826001505587868778e-01
-3.999284270924257090e-01
-7.820780479643238969e-01
-5.917849844317745189e-01
-8.263131761519666441e-01
-3.499716031333088839e-01
-4.247519491996052943e-01
-6.063661267020020729e-01
-5.629213612634949016e-01
-5.470787137580815918e-01
-2.699681606889040020e-01
-1.092473077715087726e+00
-9.965806292980656789e-01
-1.052887647629272561e+00
-4.758323107027973009e-01
-5.903166517728212215e-01
-5.247582995436276265e-01
-1.439641122236916260e-01
-5.705432218889368023e-01
-5.987834242922217554e-01
-5.788543247692609084e-01
-5.077061534593243497e-01
-3.935964429723337044e-01
-3.704771236477648610e-01
-5.062768414136356032e-01
-5.195329939715558343e-01
-6.134975456667701721e-01
-2.378812908465156584e-01
-2.954933361961361582e-01
-3.496774695558131918e-01
-7.617487749680404985e-01
-9.163877313075203812e-01
-5.637244291643398464e-01
-4.616364949346665192e-01
-2.195353820924036414e-01
-3.608916974278395529e-01
-5.007109581807596133e-01
-7.809613690516524764e-01
-5.757269831056445186e-01
-3.973616693314059867e-01
-1.544350469060498943e-01
-5.976884159263003982e-01
-4.513118236098945246e-01
-6.279344898783281170e-01
-3.238689996393132042e-01
-5.519171020646591180e-02
-4.476981968231310560e-01
-3.920650966949774108e-01
-3.815591749916723563e-01
-1.759717958618847444e-01
-2.732186147376158836e-01
-2.771168755484149648e-01
-3.434256009952945110e-01
2.903457406284357806e-02
-1.039803529833306928e-01
-2.288125225361326842e-01
2.217708541483976448e-01
-3.250130041822234528e-01
-3.145025370331812065e-01
2.633146486080146231e-01
2.406820517151447292e-01
-1.537736191003133968e-01
1.968538647457039326e-01
3.112632652717461923e-01
3.092292480473529410e-03
-2.804171954068913619e-01
-2.326047313739734029e-02
4.733026913711203543e-01
3.610295248890736386e-01
-7.924052945431028783e-02
-1.118747343870454478e-02
-9.258956285052198643e-02
-2.695300015896262037e-03
-1.165284176656908588e-01
-2.180573519117326164e-01
-5.324092730868269507e-01
-3.847613911374186957e-01
-3.377298843522577032e-01
-3.722458147612954238e-01
-3.949249536383351300e-01
-2.374800620489183819e-02
-3.241524420967847875e-01
-1.625250392676974923e-02
1.534640691237249555e-01
2.490023151451105921e-01
2.452952634438705926e-01
1.288150993332761174e-01
1.727419442088361581e-02
-3.074220665460218604e-02
-2.169844160713732817e-01
-4.006378588522063744e-01
-3.368065012210946785e-01
-3.127554056014456019e-01
-3.322647917590852429e-01
-2.630027005751851554e-01
-4.155565420149293643e-01
-3.609609602850688548e-01
-3.432809253875077626e-01
-3.286328557887896462e-01
1.537667910375650586e-02
1.233146029715700004e-01
5.506155096240041846e-01
3.711004418440814745e-01
6.017165555380892678e-02
2.985462578880628826e-01
-1.340059855135385895e-03
3.058248524363724741e-01
2.732059116609447669e-01
2.190749730106450188e-01
1.590568074755410455e-01
5.196143016345700083e-01
5.784302411698839519e-01
3.209090351932544216e-01
4.950358035800120349e-01
4.638437914732125300e-01
8.149511001006395361e-01
7.333577660671779519e-01
4.317185278058333076e-01
5.772843382793221290e-01
7.053623945163404185e-01
6.073777117420448013e-01
3.478658213317010750e-01
3.301648297129893828e-01
3.786592230408938331e-01
5.122420503171460915e-01
5.030292669779066195e-01
3.199689101330242536e-01
5.837873040183760853e-01
1.082350470560022732e-01
2.916652480346399456e-01
5.024701917243846738e-01
1.049962180589007060e-01
2.223096063018159818e-01
5.187418856379490961e-01
7.368549170657500147e-01
5.296774451052886912e-01
1.612117663659749789e-01
3.131438950597815740e-01
1.002909705975224552e-01
6.129688516845320789e-01
1.465763355788777811e-01
3.694383635561572232e-01
2.150969496475168274e-01
1.641945472495790204e-01
2.272315107708672566e-01
9.741499362543278029e-02
2.415536978334510976e-01
2.723543078914575366e-02
3.868691059603687199e-01
5.359645017581435855e-01
1.498602568981306504e-01
1.121594768607697828e-01
1.749354522287541736e-01
7.947877273228962092e-02
-1.433759790759207842e-01
-1.808037419211107610e-01
-2.759849412282325276e-01
1.254278086728832960e-02
-1.655027424198302621e-01
-2.475336167649762331e-01
6.001202925481183975e-02
-1.951701882702465418e-01
-3.609789032073322246e-01
-1.582062155829279670e-01
-4.361586903333316001e-01
-1.845926231342120971e-01
-3.010487509544961665e-02
-1.105006947662134364e-01
9.226128792846252646e-02
-1.361639943172324868e-02
4.925963065051583434e-01
3.522260795501968578e-01
6.424050004127461744e-01
5.376633836495596785e-01
2.047889833853279093e-02
-1.143670307274503861e-01
2.945890689304395127e-01
6.043588990766682878e-01
1.514641937986059839e-01
-2.289037923072964331e-01
-1.144198471004294060e-01
4.152862680310221988e-01
3.907121612813216904e-01
3.627343096377499965e-01
3.497643853127651581e-01
1.646276069450086921e-01
3.157495838109438541e-02
5.763501234518366712e-01
4.257771553119100161e-01
2.932424239278845768e-01
5.231406039669851404e-01
2.296052076989355539e-01
2.342369618926251618e-01
3.313198274824251111e-01
1.949530887478001795e-01
2.889911370640071975e-01
4.928334604764526561e-01
-5.902872719888658803e-01
-3.258449508287195595e-01
3.121341214457903912e-02
7.974813474523917423e-02
-2.711374421336644192e-01
-2.501552945863502186e-01
6.303734593796593566e-02
6.940879471551160591e-03
5.075217739499398445e-02
2.556506511157546346e-01
-1.511880287736467043e-01
-8.744555190724973004e-02
8.830176134455705594e-02
9.445231647817832477e-03
-9.676130032037602580e-02
4.421430925129997691e-01
3.178732997649866276e-01
-1.570795944427094137e-01
-2.747393400288498100e-01
4.205289402033093316e-01
2.184872037155829172e-01
3.492485402591103405e-01
1.997214434715260112e-01
2.688496827479766593e-01
-1.649363804755381519e-03
4.780113610019314785e-01
3.446682239158363470e-01
3.410374653705860459e-01
-2.491266281592127360e-02
2.869468170477037505e-01
-6.102031508593720732e-02
-1.626043659496159977e-01
-1.167763161455384474e-01
2.149171438963206060e-01
-5.496900664639545742e-01
2.821648457407906554e-02
8.148409751029390274e-03
-2.042332295592935443e-01
-3.508622364335875488e-01
-2.878270615547285916e-01
-4.760494831255452364e-01
-3.494898134455903804e-01
-2.406781447522934048e-01
-3.540988376294164075e-01
-5.692937529483660386e-01
-5.492813044964489633e-01
-4.531794068089961547e-01
-3.653520904784938184e-01
6.530893274405984161e-02
-4.845939050892846267e-01
-7.051268866378426203e-01
-5.709301932143758807e-01
6.913202630993166287e-02
4.055253724847159846e-01
-2.015456482254306472e-02
-5.715072500653362031e-02
-3.101495453234441868e-01
-3.223502502377855183e-01
-8.937704331011652181e-01
-3.835306978765052888e-01
-2.119755737877583590e-01
-4.110592409300461436e-01
-4.509962569396455123e-01
-1.588818074583251694e-01
-3.248429088302565940e-03
-1.811942017244030229e-02
-3.864554075692090973e-01
-2.914494069296732492e-01
3.275023720936310473e-02
3.772076395984489544e-02
-1.992243463383373270e-01
2.828658764220421395e-01
-4.520260920963223850e-01
-2.447374704244978383e-01
-3.793988966768740423e-01
-5.784055916533719088e-01
-7.658955627444179459e-01
-7.738295049612922138e-01
-7.647312088324104140e-01
-5.847807473733391825e-01
-2.559339424888919523e-01
-1.051653654856801318e-01
-3.424035550445789222e-02
-6.725168751902009523e-02
-5.012027059099524173e-01
-4.472868929324012033e-01
-2.358701458540451643e-02
-5.274549719849368906e-02
-5.190471659394940707e-01
-3.978548811292262899e-01
-5.812382581515140867e-01
-3.837713670313026015e-01
-2.642902876616217700e-01
-3.088841516347997640e-01
-3.322010714232853101e-01
-1.216607872299132059e-01
-1.537417846808347144e-01
-5.177206648426661006e-01
-4.627933559053793999e-01
-5.037196497157588881e-01
-6.234891758789049554e-01
-5.015084260810354078e-01
-3.192812369417288298e-01
-3.457669365267420636e-01
-7.763508478894866061e-01
-4.092504131166553316e-01
-3.696161116592655005e-01
-5.412310924360133058e-01
-5.279882818676395750e-01
-5.883562537614319687e-01
-6.108992647418014510e-01
-6.230346672519749829e-01
-4.172201220752744244e-01
-4.202390081009639289e-01
-2.048106083099587582e-01
-3.644197131761903741e-01
3.685404106831786930e-02
3.902747940538211363e-02
-1.364208916124589992e-02
-5.729998615790738575e-02
1.642834950239857872e-01
5.262132211667240878e-01
4.900415426354009507e-01
4.948905721707064775e-01
3.214490362038009419e-01
-1.450515668330324970e-01
1.063448508095726219e-01
2.430850545654559547e-01
4.908815800502612792e-01
9.100085045949099505e-02
-2.214753635209929239e-01
4.443968794109824927e-01
3.480337371447287872e-03
-2.021872639796879478e-01
3.944957098087464864e-02
7.944799615261791126e-02
4.135111235279601005e-01
5.031813247894755259e-01
4.906789013199987504e-01
2.448858437170701174e-01
3.751219215075349833e-01
5.192842350584419009e-01
5.577533977753288408e-01
8.668857330483913382e-01
1.011988478790677215e+00
5.150946386998754845e-01
5.878895531772684313e-01
9.703304614052833399e-01
9.864393411625261843e-01
1.100652610310550505e+00
6.220573503888806588e-01
3.018961921493092948e-01
1.675415480851518701e-01
3.184661904999142035e-01
3.160442824541499496e-01
2.441711496208575916e-01
2.891776717946746844e-01
2.519738175031315253e-01
2.838967203297229625e-01
2.424382211854451685e-01
3.987821736776114845e-01
4.641215053802892343e-01
4.038637983097282946e-01
3.176429875749827159e-01
1.154676454005447266e-02
-1.378817706704543455e-01
-2.385876996189714716e-01
-2.251958454070395743e-01
-3.864779120399899903e-01
-1.041625739118925142e-01
2.161915148881336513e-01
8.481392970733056536e-02
-3.872582943594534560e-02
-1.446474400605938515e-01
1.378033796798599775e-01
3.309673040172135261e-01
2.536263890222046347e-01
5.275566667579011382e-01
3.750337838789764566e-01
4.456299721701363348e-01
2.389116905126639767e-01
6.786888494129666993e-01
6.350635135930046138e-01
6.961549758233399610e-01
3.338880612378248847e-01
6.968423632446956173e-01
4.115976215840022601e-01
4.536834836207103150e-01
3.090023439988378584e-01
7.702995361326522294e-01
2.482480017692204055e-01
2.475080651086456196e-01
1.995484580200198588e-01
9.300636428220046548e-02
1.104507716759126068e-01
6.551672465419591251e-01
6.567479207502175953e-01
7.578754247563660451e-01
5.421010215603561111e-01
1.860391330045283453e-01
1.452794135355824356e-01
2.691175551304394453e-01
3.236635330876766470e-01
4.112602065839789933e-01
-1.257514452078352107e-01
2.946367232228390143e-01
5.626603242563056329e-01
6.732788684538546509e-01
5.697566156865385700e-01
3.712659238926407368e-01
4.484634919809956100e-01
-7.650145155392288135e-03
-2.160490027935477453e-01
1.602824011692959294e-01
6.756508782524242029e-01
6.535016995730912326e-01
5.666353643791789407e-01
7.243769234507951849e-01
5.416687818675572919e-01
-8.787361482464860207e-02
8.118940647322757387e-02
2.525694686577362735e-01
4.209020914773095035e-01
3.373898306685895188e-01
2.602598085254329563e-01
4.778146610919424830e-01
2.768455816058464358e-01
-2.965378412934498512e-02
3.916406768037050679e-01
3.230886256584977745e-01
4.975764698044105039e-01
7.184770560942792539e-01
6.851010319548481720e-01
3.762101256319118070e-01
1.269864518529999209e-01
2.262080965515676223e-01
1.500801847390808574e-01
-1.329729783024081458e-01
-1.421066359660643208e-01
1.517361069196154072e-02
2.227104135959196707e-01
5.693676558570924806e-01
5.288383899138894284e-01
6.295277561178551640e-01
2.364323345442507773e-01
6.105599183194982543e-02
3.254058887926140065e-01
3.404394913625366503e-01
2.203616973025344095e-01
-3.510919625685308965e-02
-8.334438256917002519e-02
3.671481886974312658e-01
1.205232777903514352e-01
1.989740330268087720e-01
1.682318389915855028e-01
1.138362526822777471e-01
3.114879962702239435e-01
1.164165483142165919e-01
