-7.235453152375831110e+01
-6.665882899617271562e+01
-6.383499231896236381e+01
-5.816188830137937060e+01
-6.333956486116105822e+01
-5.871783687982735245e+01
-5.845917268058546767e+01
-6.551318608713529557e+01
-6.237767620466274110e+01
-5.544136986228631514e+01
-5.529405999207993716e+01
-4.599436019235285045e+01
-4.759222772598591433e+01
-4.230391728092900649e+01
-4.103408662361190551e+01
-3.193103831857016672e+01
-3.123093225352345215e+01
-2.249405519779266172e+01
-1.616647635994040044e+01
-2.566452678276240462e+01
-2.215268063744297677e+01
-2.412718496020157133e+01
-2.494479621078623310e+01
-3.548448794173335585e+01
-4.198656742584046953e+01
-4.924095850586939349e+01
-5.458177076619992363e+01
-5.927683513048759067e+01
-6.296066170782188465e+01
-5.798999269344869845e+01
-5.376377157604969170e+01
-6.117671404876487884e+01
-6.677634703148653728e+01
-6.323612812312097020e+01
-6.263085467905832360e+01
-6.411751772524530679e+01
-6.378126806228149803e+01
-6.343706449635573819e+01
-5.805103590036230798e+01
-4.469906755878370319e+01
-4.975433093033186083e+01
-5.701044405720186603e+01
-6.341865658495547819e+01
-7.232011337531170625e+01
-8.690966978995895431e+01
-9.079835395522962926e+01
-9.020572775138346344e+01
-8.715409355704932182e+01
-8.377957347848678182e+01
-7.542698861804593946e+01
-7.789526896507913989e+01
-8.009483684254900027e+01
-8.245589111698174634e+01
-8.400929012903628745e+01
-8.754582331622938796e+01
-8.981353340512768568e+01
-8.703591175750308651e+01
-9.202518346516320946e+01
-8.987463162754556834e+01
-1.009100713535979992e+02
-9.838834037888864259e+01
-9.414802336238398084e+01
-8.606603586550988894e+01
-8.691185734735614687e+01
-8.868672020573652048e+01
-8.926085391556999582e+01
-8.739989115364680572e+01
-8.162240920150490808e+01
-7.629033978072446587e+01
-7.511086444228629944e+01
-7.408454115476493484e+01
-6.738600351262708443e+01
-7.222666291673819217e+01
-6.680536976509216629e+01
-5.846574345349232260e+01
-5.747601718778332724e+01
-4.195272694478398279e+01
-4.520268081836919549e+01
-4.303799249071938249e+01
-4.346899243837266624e+01
-4.557239751663504990e+01
-4.108872064314880390e+01
-4.888730337437015550e+01
-4.191994327998691006e+01
-3.584199385224030721e+01
-4.635721514613670280e+01
-4.534538835083566255e+01
-4.060689958898275620e+01
-4.073115436164486169e+01
-3.841733305856452318e+01
-3.995320557858038057e+01
-3.815950005119646704e+01
-3.537275705214107546e+01
-3.579751414676979238e+01
-3.848245185586714001e+01
-3.866122973557552456e+01
-3.787328198503330157e+01
-4.097212415169328636e+01
-4.640540660455167910e+01
-4.441382640609013066e+01
-5.911774285512896654e+01
-5.709829852478804213e+01
-6.792879595100214374e+01
-7.422125905567529003e+01
-8.224567325117183714e+01
-9.121555362485015905e+01
-1.019262288706412818e+02
-9.577848226316351088e+01
-9.924111072717454363e+01
-1.008062959697833065e+02
-1.054757104893944870e+02
-1.069203723249220417e+02
-9.660819654129294065e+01
-9.759024802870123949e+01
-1.049409268255700596e+02
-1.153412299534693375e+02
-1.128968122434302188e+02
-1.082870709929073456e+02
-9.613481962205418085e+01
-9.538375313281436263e+01
-9.278504623610987778e+01
-9.545556297043651739e+01
-9.839597116199207960e+01
-9.649075886907276356e+01
-9.515184901850953736e+01
-8.762771262940366057e+01
-8.956667014584979825e+01
-9.170165316171018333e+01
-8.934759127033622406e+01
-8.541600711289090953e+01
-8.368536030780822443e+01
-7.272401597333109180e+01
-7.783089624626232705e+01
-7.219864075817629612e+01
-7.665822981677898440e+01
-7.859734344596083133e+01
-7.788029172675294376e+01
-8.212931480042512078e+01
-7.728461215378500526e+01
-7.610693681139201772e+01
-8.748624370389262594e+01
-8.652228345805089305e+01
-8.095001833897435972e+01
-8.078477011086361870e+01
-8.188792532023759918e+01
-8.028454282165073153e+01
-7.474520755284319762e+01
-8.629283542204822766e+01
-8.898170745331783849e+01
-7.534573248444517901e+01
-7.499661718472907523e+01
-6.627136868878653786e+01
-7.959161535223030626e+01
-8.058509058092737121e+01
-7.724911202023154999e+01
-7.927536267148806814e+01
-8.226749642050118894e+01
-8.936486768914447509e+01
-8.833971139446829568e+01
-9.524263272980630290e+01
-9.444882888478866789e+01
-9.548483475310385415e+01
-8.909053289848276336e+01
-9.410397012751141688e+01
-9.867221353896555058e+01
-9.915428830021372164e+01
-9.804063585262447589e+01
-9.800626966034634791e+01
-9.125469674718577551e+01
-9.210378241799531907e+01
-9.164253420398172523e+01
-9.550982787281840558e+01
-9.278913458068571174e+01
-9.157271926929929862e+01
-9.474402169216503466e+01
-9.588636904634626035e+01
-9.456916094442195231e+01
-9.299414605742389028e+01
-9.552323639876458117e+01
-9.946051728459434571e+01
-8.317401436774839851e+01
-8.219410034361689554e+01
-7.186197602718014821e+01
-6.381908207005785272e+01
-5.412907431028082073e+01
-5.532343799726216105e+01
-6.744248778917315690e+01
-7.699335032952403424e+01
-7.589532943252355324e+01
-7.475034698881633233e+01
-7.924796851887998628e+01
-9.285782041008192778e+01
-9.762212756548993298e+01
-9.338176774102215916e+01
-9.393377324134037565e+01
-9.023485769476916118e+01
-9.132483193393487397e+01
-9.080268095408221996e+01
-9.339955586312294145e+01
-9.230437098649129268e+01
-9.667999800013595291e+01
-8.734321706851180522e+01
-8.720505217516465279e+01
-8.927449405810193639e+01
-9.454588945161221147e+01
-9.499006171466578508e+01
-9.374154779099031032e+01
-9.663519704897088047e+01
-9.508992701236687139e+01
-9.690852669078111603e+01
-1.009359160498724748e+02
-1.014135410286230439e+02
-1.013580117762170403e+02
-9.777960012461166173e+01
-9.331178633029082903e+01
-8.708590198030840668e+01
-8.555394285220079098e+01
-7.691624829051498580e+01
-6.635632742663447914e+01
-5.734773346850388975e+01
-5.980636684684264281e+01
-7.149426048987399440e+01
-6.218117704988590333e+01
-5.712182365345046264e+01
-6.536846309681524758e+01
-6.536185118055715293e+01
-5.690544418211732136e+01
-5.542154411504272105e+01
-5.827609896864876760e+01
-6.179064941941967959e+01
-5.786100819087010905e+01
-5.292443498541311442e+01
-5.556577822216996054e+01
-5.040606264443243845e+01
-4.438031515759696077e+01
-3.989560184576488666e+01
-3.719675131269765700e+01
-3.247632135014519861e+01
-2.770854188412866392e+01
-2.383506996714484671e+01
-2.527568336418561756e+01
-3.097045709585395201e+01
-3.647842573192251336e+01
-3.185082380914895239e+01
-3.065983663081650334e+01
-3.438779909271223545e+01
-3.708316416766290757e+01
-3.549066828726985534e+01
-4.158778645302592736e+01
-4.113660955921072571e+01
-4.000820247411360953e+01
-4.079879983235915830e+01
-3.393449672134148187e+01
-2.462882149761147588e+01
-1.844167233130571404e+01
-1.204325175420060567e+01
-5.136342139007458840e+00
-6.168886624529714702e+00
-8.260376596777778246e+00
-9.940158356191373556e+00
-1.466542972280756096e+01
-1.993612153389208430e+01
-1.670215073037581988e+01
-1.102083555695377193e+01
-1.309640530225973265e+01
-1.014773369422921512e+01
-4.941855293010571692e+00
-3.744678887740558793e+00
-3.891107446429039385e+00
-8.190803543513991869e+00
-1.269118177942337766e+01
-7.012383473915248189e+00
-1.194701868062124639e+01
-1.614473393987681860e+01
-7.923188468122789985e+00
-9.661905699330370467e+00
-1.070125383079885140e+01
-1.369741578097937662e+01
-2.546421022509414911e+01
-2.152404144206828818e+01
-1.603142024106989894e+01
-2.259118612646572188e+01
-2.355954061859095816e+01
-2.379457532947138887e+01
-2.673386709743881084e+01
-2.653153607194826336e+01
-3.482087396360576292e+01
-3.166500748396101983e+01
-2.479295640216990648e+01
-3.553372245129638429e+01
-3.667506284100187486e+01
-2.940754846937959854e+01
-3.111880212722141081e+01
-2.885743167187683156e+01
-4.238265291537473445e+01
-3.883421930648822240e+01
-3.312835263596007707e+01
-3.212565678535334257e+01
-2.522707515970476067e+01
-2.245385758276781729e+01
-1.766809938899667287e+01
-9.354315546607784526e+00
-1.190958351374772839e+01
-1.647745451848892628e+01
-2.781203134955530842e+01
-2.323760929544967979e+01
-2.166741111350396665e+01
-2.565132202920618809e+01
-3.413366449830699878e+01
-4.169866691824699956e+01
-3.639085298763807685e+01
-2.494524846321390044e+01
-2.092004370590686335e+01
-2.240185665423300421e+01
-2.251847447157956239e+01
-1.509431922268909787e+01
-9.595677900249169667e+00
-9.669600848028444773e+00
-1.269914830701775799e+01
-1.551274524533709531e+01
-1.235802699359284595e+01
-1.473416658234649468e+01
-1.490884890680117003e+01
-1.051212984855776078e+01
-5.339928772403032653e+00
-7.570621479929934061e+00
-1.653861640035159297e+01
-1.771845303916541425e+01
-1.535152156039669080e+01
-4.426088726809344287e+00
-6.226278172582675463e-01
2.802303786146066233e+00
7.921011130473732953e-01
4.355091580754619329e+00
5.202639339382573169e+00
6.369605132784040613e+00
1.442674424670905342e+00
3.650895221050319162e+00
3.993561116964872149e-01
-3.036531757009865995e+00
1.064362535828165951e-01
4.792985707390196026e+00
4.295481690897714699e+00
4.771445652619267008e+00
4.938137918335398169e+00
8.543167954071609893e-01
5.673227513105364217e+00
1.238956623918747901e+01
4.658343412614638801e+00
-9.767561738012977557e-01
-7.884226241316765638e+00
-6.346990571602613151e+00
3.612073901044647872e+00
9.790829997952805286e+00
7.923931754484332401e+00
1.127454755640920325e+01
1.119730986690268892e+01
5.602934713790618027e+00
6.780726757830564999e+00
4.082087984926532798e+00
7.765110377833926769e+00
1.061674305552794806e+01
7.376440724245957092e+00
8.094076902562878928e+00
1.870923298045859440e+01
1.604647324076901782e+01
9.418290894118502621e+00
5.897426508792666056e+00
-8.203171982359127590e-01
2.210516232957567606e+00
-2.731276985984373074e+00
-3.958463942478707587e+00
-4.570747616640266742e+00
-8.766373357126544974e+00
-8.739131969763198171e+00
-6.055060130134028995e-01
2.373675838988983156e+00
1.725676232687927358e+00
-4.802931943929105607e+00
-6.860072669294194903e-01
-1.167967491488274501e+00
7.003042174206733250e+00
9.085446025698471928e+00
8.508713531013423648e+00
1.138447571582412898e+01
8.693772608109245681e+00
1.586570222229333460e+01
1.620753458322730722e+01
2.424490236865150550e+01
2.485182242430673938e+01
2.440806458611800878e+01
1.526830827139611202e+01
1.674306127568400981e+01
2.708052276868294683e+01
2.610403668303704450e+01
2.591654733253443155e+01
2.386681877841744281e+01
2.034254075238636972e+01
2.364735330058550034e+01
2.712181076259363266e+01
3.578178561168113703e+01
3.579973752530580811e+01
3.536954003773706035e+01
3.027067981261600949e+01
2.052248249359266197e+01
1.298206415723000795e+01
6.513625699956716808e+00
3.069905731665590665e+00
8.181178899654637959e+00
9.211141173833393481e+00
1.236185509399504845e+01
1.165624281589664335e+01
9.874129359902124037e+00
1.280796324751375792e+01
1.939511630247472951e+01
2.276163540348876069e+01
2.457070433495926309e+01
3.775016224264300035e+01
4.092339539153916661e+01
4.731854435114278346e+01
4.373661127922655822e+01
3.738740198478198806e+01
4.004721582783191991e+01
4.512625920703096227e+01
4.668259236118579025e+01
5.861793283540443866e+01
6.121039454190409401e+01
7.105697188492435146e+01
7.344016030494360336e+01
6.987337361193692686e+01
7.021183410089098231e+01
7.291570761750421070e+01
7.386693185692740826e+01
6.972652875849423992e+01
6.992010548316996221e+01
7.020845158563223265e+01
7.281797028189943433e+01
7.736794324175028237e+01
7.658408235235845041e+01
8.590269174585181133e+01
8.704031173950889411e+01
7.934523094146997835e+01
7.617453018798399000e+01
6.987206557485548331e+01
6.535722281373489295e+01
6.553685849032432031e+01
7.346456541917000038e+01
8.186940739055906135e+01
8.617509196122563253e+01
8.651006936141311598e+01
8.427786626275873516e+01
9.091400477286177306e+01
7.913670602870372761e+01
7.128642679162625484e+01
7.021931303716182526e+01
7.386901278877958532e+01
7.455982727510304642e+01
7.818191115573705474e+01
7.384283153812474154e+01
7.201153800477499090e+01
7.732070448742227597e+01
7.584659605870754717e+01
7.653547054456051058e+01
7.805265880840366322e+01
8.710723137625151935e+01
8.525662583102045744e+01
8.225208780371873729e+01
8.936306296725652487e+01
8.980799137664085663e+01
1.009034508969580628e+02
1.084838753560137121e+02
9.648521144266254623e+01
9.094152620898809403e+01
9.485118987383140166e+01
9.486078113788782673e+01
9.448955864395963999e+01
9.521023542069330858e+01
9.896819896145451878e+01
1.016309458703724289e+02
1.093456182376093437e+02
1.055789439250733039e+02
9.906713859833318736e+01
9.668111241472200845e+01
8.713603019561720942e+01
8.852058110919412570e+01
9.526225329648006834e+01
9.790475426886428068e+01
9.609302829189076078e+01
9.766140284441951280e+01
1.053387460021538686e+02
1.106906365611165342e+02
1.169853536603991984e+02
1.149560469835450363e+02
1.165746209923213428e+02
1.146022198407153923e+02
1.035110701799341228e+02
1.015802307247264622e+02
1.031807843467985037e+02
9.070394315496774595e+01
8.130715691013053004e+01
7.816002978391483680e+01
7.305604083051355246e+01
7.165021055471522970e+01
7.809901294911877301e+01
7.757067709540832823e+01
8.487354065250771384e+01
8.533708779904189612e+01
8.339463097442751405e+01
7.526350276572082976e+01
7.613095580773371296e+01
7.607180948177189350e+01
7.354942112682562083e+01
6.981737127850026070e+01
6.976882215938157117e+01
6.566778238864957018e+01
6.177653198699964321e+01
6.116636567161084770e+01
6.337277672892368940e+01
6.651296032793658242e+01
5.858425521448032924e+01
4.744606103887664261e+01
4.732839812011302172e+01
5.141824140737375615e+01
5.527738749980583322e+01
5.095978469104507269e+01
4.607940630020299011e+01
3.969126627035306853e+01
4.186837313016473416e+01
4.332641015163574139e+01
3.703373667044002104e+01
4.115887829488853811e+01
4.222913363434630440e+01
4.997999670345324574e+01
4.656070608646762565e+01
5.295535095657029956e+01
4.706605391882006728e+01
5.189344680532392573e+01
4.427275206315015055e+01
3.715580098806982079e+01
3.896607004638828187e+01
3.960812485482205147e+01
4.281969197133152960e+01
4.309132161289301166e+01
3.811216291357487052e+01
3.721322886948568964e+01
4.053475771991706722e+01
4.042505631096429397e+01
4.483006782290419778e+01
5.069255259216343035e+01
5.192634173208800519e+01
4.732531347157787849e+01
4.564014103483479801e+01
5.848180363149484151e+01
6.373329011899235752e+01
5.566332708396690521e+01
5.876030753098369530e+01
5.883100384196039556e+01
6.105242113742239241e+01
6.367838871399220579e+01
6.306415987644758303e+01
6.041523462907102271e+01
6.320005005886503824e+01
5.472397883785492212e+01
5.335529289181285151e+01
5.148117780398210641e+01
5.461382830397358390e+01
6.355887129085135712e+01
7.900520849045690852e+01
7.858737401925971255e+01
6.971248227841911671e+01
6.873716004700658289e+01
7.190216782651700100e+01
7.463538921839020190e+01
8.025969037092720271e+01
7.862002894337348380e+01
7.734997232665573108e+01
7.891162611610971567e+01
8.235901807896922833e+01
8.483484508093667387e+01
8.884259034382240827e+01
9.193204522641315179e+01
9.665748742297701313e+01
9.543355987000268215e+01
9.742169473358710263e+01
9.611033722691213654e+01
9.738454342611395020e+01
1.059597475605048942e+02
1.132846141094543668e+02
1.194885769215459703e+02
1.199387672403239691e+02
1.246623355093269225e+02
1.280430510606211101e+02
1.292326916325020250e+02
1.253643180361682994e+02
1.247299681049373845e+02
1.302700193639111035e+02
1.303399724058598963e+02
1.210711444166622073e+02
1.142106998021419031e+02
1.151229362835687340e+02
1.188781688904476255e+02
1.219754947521233959e+02
1.281189528587040058e+02
1.307226983687198754e+02
1.296475243697511246e+02
1.324535287347411554e+02
1.366114803247723160e+02
1.423388874261469255e+02
1.506074230739693292e+02
1.453446806237725468e+02
1.339019699777342680e+02
1.319942095381756815e+02
1.384458362500183455e+02
1.324300063878991409e+02
1.295111837479286407e+02
1.337462991942927601e+02
1.242217990363208742e+02
1.264617920987669777e+02
1.328447645057966611e+02
1.318999659428891675e+02
1.257052083854777607e+02
1.253940426050430972e+02
1.231287817828033724e+02
1.191543042128315477e+02
1.241634720405244821e+02
1.157446469414287122e+02
1.091315929141178600e+02
1.143249696221932084e+02
1.177490971318382975e+02
1.319954325786477796e+02
1.399806431155111852e+02
1.437698479165867411e+02
1.398038211760400316e+02
1.332569503307642549e+02
1.370775360822802327e+02
1.326205312525500801e+02
1.289427459793879223e+02
1.306347356444396155e+02
1.300453404089092544e+02
1.251734375725353061e+02
1.294816720769210008e+02
1.292852557678822336e+02
1.252427080890148972e+02
1.180129785196835002e+02
1.110699873142298344e+02
1.072113505172787882e+02
1.153339083190395939e+02
1.158225680110626712e+02
1.125529767669740551e+02
1.087005343897829022e+02
1.035907261908008508e+02
1.027222187454749900e+02
1.039382141261592665e+02
1.050543995110765820e+02
1.039399995101085494e+02
1.056533898386261114e+02
1.108133395797462839e+02
1.084039081841357159e+02
9.655400627767291155e+01
9.871044731741488931e+01
9.271028623697051785e+01
9.244815190932126825e+01
9.111131372891512115e+01
9.745917984287740410e+01
9.694312870952080630e+01
1.007126574836991892e+02
9.607259393280484971e+01
8.392160499821137876e+01
8.709289711053322947e+01
8.667707897414466345e+01
8.708421708291291452e+01
8.397829902117388201e+01
9.387780194643477216e+01
9.170732997439944256e+01
9.403746715375037013e+01
1.018777737259800205e+02
9.793327460653640060e+01
1.065591975069031889e+02
1.172342445725488744e+02
1.141280013225181733e+02
1.121844667666235864e+02
1.186136562493090452e+02
1.125080833937860660e+02
1.076795476216141338e+02
1.044242803398403510e+02
1.040796540994588781e+02
1.091866898942339361e+02
1.032770927289394933e+02
1.046094940206569959e+02
1.037553634973615146e+02
9.464232544874471387e+01
1.006334411078408664e+02
9.887101941844296960e+01
9.930393214429544457e+01
9.369681742473426311e+01
9.892401629090385029e+01
9.477162749433428246e+01
9.688867847305785119e+01
9.355239394875258085e+01
9.222727616791358685e+01
8.576389233060653794e+01
8.712723902894072125e+01
9.540626232536725126e+01
9.781815752069481107e+01
8.345912339572880967e+01
7.658731995065184606e+01
7.441498324502632045e+01
7.833954609621626730e+01
8.384986462472411972e+01
8.195936818176024019e+01
7.602027694846199779e+01
7.914219433605094878e+01
7.096220530342257860e+01
5.800955300862545272e+01
4.665127144245338542e+01
4.121714892017605081e+01
4.992737776576676367e+01
4.838545934969487661e+01
4.896923153823303920e+01
5.841456555658319871e+01
6.774121897226689271e+01
7.144293678953478377e+01
6.724484327791152793e+01
7.058294632911960775e+01
7.514254698078120498e+01
8.177334996056772809e+01
8.149923617732949310e+01
8.567114661415531884e+01
8.491936191259907218e+01
8.272927738037340362e+01
7.825691941516204508e+01
6.781017064172014841e+01
5.667853960438912253e+01
6.711141940037470022e+01
7.161695422922883836e+01
6.871434107756252274e+01
7.048854254667645591e+01
6.557691749677269399e+01
5.989973365746778455e+01
6.268317144661517659e+01
5.513780079791800404e+01
4.861791707337958002e+01
4.350150926792821338e+01
3.914184632378089645e+01
3.597101545317950411e+01
3.369171931184951063e+01
3.576739883652705032e+01
3.555295623060771248e+01
3.187953396902139502e+01
3.471126829194953700e+01
4.183182319139046967e+01
4.601100622934350071e+01
5.181141046227736524e+01
5.903536187992162354e+01
5.837388430389309946e+01
5.301008893535686894e+01
5.340772253461629759e+01
5.162597842494118083e+01
5.217319349067637546e+01
4.732980597753263652e+01
3.929151734985266842e+01
4.345777464410683422e+01
4.171408926187682198e+01
2.852493872140163589e+01
2.262963430523510411e+01
2.658413604740068692e+01
3.094175067063148532e+01
2.985297523645845885e+01
3.454076187107492046e+01
3.112966675969923003e+01
3.743947667734472873e+01
3.720087170498002394e+01
3.811357884725381950e+01
3.814219880174436383e+01
4.494810105271143641e+01
4.460299131097735881e+01
4.022071266309379212e+01
4.622924422840417691e+01
4.416771612215410414e+01
4.943545190707730086e+01
6.805043959541607990e+01
7.037707949554130948e+01
7.227343482444642575e+01
7.691938122115547571e+01
8.328076200273582685e+01
8.657707395262957561e+01
8.838111324177640427e+01
7.623705140299267669e+01
7.150395770255428829e+01
7.182476074748723249e+01
6.530527215401623664e+01
6.571848177489151510e+01
6.780077336324252713e+01
7.135364582641864217e+01
7.826940684843053475e+01
7.268426749101362816e+01
6.552615205214902971e+01
6.362643688439714396e+01
6.718880623266538521e+01
6.401851619451690567e+01
5.878892205055937126e+01
5.984902801604823708e+01
5.742038416253339506e+01
5.806850222565502406e+01
6.489090323596239784e+01
6.265229543315356864e+01
6.459087670117824587e+01
6.945025661078958024e+01
7.094504839885293279e+01
6.679011311698822340e+01
6.644035524379395952e+01
7.357961581026408737e+01
7.792210504222792622e+01
8.426342048601136980e+01
9.700322633227483493e+01
8.080283973384625540e+01
6.985419540773352765e+01
6.820271639310888645e+01
7.463529963178363857e+01
6.866949755736804661e+01
6.459416095852934347e+01
6.579269219471132146e+01
6.372679700290312610e+01
7.110395019044020160e+01
6.705759037382033227e+01
6.076392580299562951e+01
5.265139011212154685e+01
4.955492135884171745e+01
5.085074389336612199e+01
5.187638352588284363e+01
4.895523840821081762e+01
5.130752542843740116e+01
4.824579978380678114e+01
4.241032749444414662e+01
3.490202811607708355e+01
3.341268552200185837e+01
3.683535934029210068e+01
5.197361789162820145e+01
6.006198810935373444e+01
6.386667868842366147e+01
6.961822691927420692e+01
7.692858013856792354e+01
8.741483869533398376e+01
8.516327371765012799e+01
9.130885669218709211e+01
9.332559778318137944e+01
9.310264490423668349e+01
9.182187263139348943e+01
9.114476299343556320e+01
8.800840993064035445e+01
8.044631963666091679e+01
7.697504792110899530e+01
7.202442097728581416e+01
5.822776765396289278e+01
5.352314778809626006e+01
5.084464786298317307e+01
6.069694830524051810e+01
6.411127676205026660e+01
6.089728902304969438e+01
6.561082218004909805e+01
6.919583660720726925e+01
6.327860852920086643e+01
5.811523716946305029e+01
5.719067034231817104e+01
5.886323554055856278e+01
5.755468004590880327e+01
5.871433815564272862e+01
6.318747851069267796e+01
6.519429319738412687e+01
6.566440547298059016e+01
6.381402089745230199e+01
7.609920430609987818e+01
7.476677499155925943e+01
6.521394775318766790e+01
6.130565971873133435e+01
6.100229687927737388e+01
7.039559872520489137e+01
7.164818445250978129e+01
8.240218126741451954e+01
8.276561234669749467e+01
7.903554878685595497e+01
7.956948373738825353e+01
7.444551873204244430e+01
7.003424412309338720e+01
6.730027819123509403e+01
6.622934661524951139e+01
6.971536095542005285e+01
7.153454549474847113e+01
6.950978648253536107e+01
6.527389306347379261e+01
6.607827601976649134e+01
6.658963109952790660e+01
6.151533257368492258e+01
6.918991556541868704e+01
6.395052527315338153e+01
6.770758377659738869e+01
6.699166447305329086e+01
6.444260905702931552e+01
7.308330271712280535e+01
6.402618940470730990e+01
6.642865250743103900e+01
6.714685034950386466e+01
6.691849417761584107e+01
7.291213392261369108e+01
6.488724141491951514e+01
5.576020582620949995e+01
5.462708409032354950e+01
5.384533818321258991e+01
5.018299503292377040e+01
4.499110218790664106e+01
4.410142008708670147e+01
3.493061904464971690e+01
3.405216835051955115e+01
2.858167377219144711e+01
2.682718497248243850e+01
2.064559128286344603e+01
2.571743422904070187e+01
3.209926235237045233e+01
3.323818427405531395e+01
2.424273109208183641e+01
8.112385670823488937e+00
9.348594680736768581e+00
1.622069456208111049e+01
2.096349952856552434e+01
2.423622161505073436e+01
2.405678040463849143e+01
2.465305929816548058e+01
2.085486818209172100e+01
2.222293649201769838e+01
1.899263560194725287e+01
1.842518637427412997e+01
1.990210085085362479e+01
2.015526223555575669e+01
3.030905800550507223e+01
3.223432712137331890e+01
2.409461435443829558e+01
1.478270845515579168e+01
9.532739039748669541e+00
1.113887307051165898e+00
-5.426288740472617889e+00
-2.907463100322706495e+00
-1.130473721692802869e+01
-9.659039511989472970e+00
-1.071779512169649706e+01
-8.005356593599149306e+00
2.036398876219124965e+00
-6.327872435008453422e+00
3.854130889888467859e+00
8.811044301491994801e+00
8.707975433380369168e+00
-6.104301028138536811e-01
-1.146527132344602240e+00
7.429498110290306379e+00
1.166136482632830429e+01
9.139888533432319662e+00
3.356932979753348256e+00
-6.100091591146703518e-01
-1.030712159380600923e+01
-1.268385962000552958e+01
-1.168787921469258251e+01
-3.921234671273964079e+00
1.346454946062561664e+00
4.787403869760883168e+00
1.537997670281516172e+01
1.899246413363965047e+01
2.080576979337227428e+01
2.276787924570667698e+01
2.432858642627998336e+01
2.757370200277767935e+01
2.250599902086494808e+01
1.311226350049715528e+01
8.173113601662866046e+00
1.714340857563235454e-01
3.231051818341837745e+00
1.301760100177823176e+01
1.249440383456465042e+01
1.069483908175291731e+01
7.306802082849276125e+00
1.076266736669974478e+01
4.296284691882372719e+00
-7.653911492711936715e-01
-7.255037443813561637e+00
-8.912575527801381625e+00
-1.595195087319602756e+01
-2.070794484072274955e+01
-1.718851264771707221e+01
-1.817896624090424496e+01
-1.977090288594640555e+01
-2.516256136752964423e+01
-2.063943175963716570e+01
-2.317322344649764787e+01
-1.775005194338342207e+01
-1.924511029766807724e+01
-2.172607247881432713e+01
-2.530366252971610308e+01
-2.379546050569018334e+01
-1.732536775201680612e+01
-1.661944969581572451e+01
-7.449780817512548836e+00
-1.125536278518542321e+00
-2.543101801211706814e-01
-2.264195057270734335e+00
-2.664928660912492475e+00
-4.770615341341405191e+00
-7.174152305058281165e+00
-1.086640815482364353e+01
-9.425492748796060027e+00
2.411457741780845598e+00
1.275415620473331835e+01
3.002143780949539931e+01
3.140506577578710434e+01
3.749590719830808183e+01
3.878129864400186477e+01
3.539736107725672554e+01
3.920738425454722886e+01
3.901587853227236025e+01
4.691116433706549316e+01
5.544458591688616167e+01
6.348660751402194791e+01
6.748395989094710501e+01
7.155321718307760648e+01
7.575378787456101293e+01
6.851304514048138117e+01
5.963084613441987614e+01
5.839486190147363232e+01
6.219799737433778120e+01
6.544231564500354636e+01
7.038721369733397637e+01
6.806264031654048097e+01
6.767425947694246702e+01
6.611406956201440721e+01
7.170840163886586538e+01
7.669735500104981440e+01
7.022207946122436795e+01
7.020861246475168116e+01
6.377516658782531778e+01
6.593206819231980376e+01
6.476502393996537421e+01
5.312500464991959603e+01
4.715039471855569531e+01
4.366357165747553637e+01
3.288742741623188692e+01
4.040225700268997855e+01
3.881897718315233448e+01
3.876884628963455981e+01
4.034185962730325770e+01
3.715999873573335321e+01
4.462059170201533220e+01
4.615477135740954395e+01
4.081843631938537698e+01
3.521438210482363473e+01
2.877355542053588522e+01
2.661431562080706215e+01
3.079955267643199690e+01
3.455170281753483863e+01
3.889839105824000853e+01
4.859640673241710829e+01
5.084518619054872346e+01
5.855694038724269745e+01
5.162526647867170482e+01
5.249794144211382729e+01
5.754536955887186167e+01
7.600254448276012909e+01
7.262177666006597576e+01
7.206953727378720487e+01
6.833256249429891227e+01
6.817349547616855432e+01
6.564905198378490070e+01
6.964781816927778380e+01
7.242478333227309406e+01
7.273433706399326582e+01
7.080484382275925270e+01
7.346208193696573119e+01
7.683617484187334412e+01
7.034980685354945251e+01
6.798863879904938301e+01
7.327969034038139284e+01
7.379656137234609048e+01
7.926949407833001260e+01
7.739748787194228896e+01
7.958420423147600786e+01
7.833239889965861380e+01
7.461500825486800181e+01
7.851071772548790761e+01
6.805563973755528195e+01
6.816436328467496253e+01
7.082834514260379422e+01
6.894641021089088895e+01
5.920399515611855890e+01
6.021883883632123968e+01
6.106687666184433283e+01
6.750191887441508243e+01
7.709678341227774467e+01
8.314091437297476261e+01
7.965590175307200127e+01
7.787447187762396084e+01
7.360276373890187074e+01
6.879197163609310905e+01
7.085265067291113894e+01
6.896057033630238209e+01
6.787444515743959528e+01
7.213043211910692776e+01
7.106711563682256383e+01
6.419109292415306811e+01
7.223890802408963907e+01
7.452265047784244700e+01
7.078384029076090656e+01
6.737470439159794466e+01
6.559604809842694806e+01
5.799451402304271852e+01
5.207527544715193812e+01
5.608344392312825732e+01
6.437784598528807578e+01
8.049180727266299584e+01
8.368419332585114034e+01
7.556621650956995495e+01
6.694809859596195167e+01
6.990457697418268879e+01
7.788749971860785593e+01
8.642519244094268061e+01
9.205610327355471156e+01
9.444784042481138897e+01
1.029641310254709907e+02
1.027942300839532521e+02
1.048141492557479353e+02
9.714841736896607927e+01
8.950865931080402049e+01
8.093389876277532835e+01
7.050695963221943430e+01
6.750226492276037504e+01
6.345713121011508662e+01
5.562591646453742555e+01
5.197021343575208618e+01
5.132946903130131489e+01
4.829923485816326689e+01
3.963935801384258184e+01
3.260096335773691578e+01
2.775775754364616077e+01
2.129677331927071293e+01
2.063729976972356539e+01
1.288211283393670747e+01
2.143224120768249108e+01
2.347089921486479014e+01
2.548313573084440264e+01
2.482935110011012725e+01
2.578512578458293447e+01
1.664139710832021635e+01
2.310471528254132778e+01
3.259608254097160795e+01
4.220367026013148859e+01
3.628822588832097296e+01
4.037843634986656838e+01
3.619845962028201569e+01
3.050568947207839798e+01
2.583721441809807828e+01
3.338402117673481229e+01
3.435555136372376239e+01
3.746220931695598466e+01
2.831364933413570029e+01
2.802450786151492323e+01
3.360707444046036585e+01
3.409039778736493531e+01
3.825394299371118478e+01
3.936762529969389846e+01
3.641030022375147013e+01
4.522494115382546909e+01
4.107782652679499336e+01
3.708092808041151045e+01
4.378567330517018519e+01
4.243184997557594329e+01
4.127741266017766719e+01
4.305105701334633750e+01
4.609395464588769897e+01
5.170441267356635962e+01
4.273458023956831653e+01
2.790619092357193409e+01
3.537233516585800430e+01
3.539006565158675244e+01
3.476293588212948293e+01
3.233387445267094051e+01
3.791372988345137429e+01
3.928081897122870458e+01
4.837298377097641122e+01
4.737605243276836831e+01
4.102793425185604548e+01
5.105956190528625172e+01
5.127831216467773601e+01
4.370223367648456758e+01
3.458862700409303415e+01
3.051079801920961998e+01
2.225195058547004479e+01
2.169564837455872919e+01
2.058559209555233949e+01
1.467651269768829003e+01
2.253928275710793372e+01
2.390161263985040208e+01
1.748583850635542802e+01
2.463319490859024796e+01
2.145613016437754084e+01
1.773133740013668103e+01
2.150497683001504612e+01
2.291548847461676530e+01
3.741563277903407680e+01
3.430876694176915720e+01
3.209385877092019257e+01
3.190950402298312838e+01
2.917047601987410133e+01
3.873532950710288958e+01
4.730456315371654341e+01
4.864914382582639263e+01
4.207145579618424591e+01
4.349785674242892952e+01
4.196643084366215248e+01
3.267870319804755042e+01
3.416861618072019979e+01
2.792668146725275591e+01
1.546986116874521322e+01
1.630896101095989301e-02
3.015635828697570631e+00
4.171435489507671512e+00
2.881531699723872908e+00
-1.275269872490573109e+00
-4.519124928679856268e+00
-7.896770399298249643e+00
-1.543972070906449368e+01
-1.769932651971690873e+01
-1.713706259956590827e+01
-9.539716531255516330e+00
-1.011335577005067599e+01
-1.258959147838426240e+01
-2.439049543812441811e+01
-3.047514410056660950e+01
-3.936913707019548525e+01
-3.784040270184799937e+01
-3.797110061400311309e+01
-3.258409930255351838e+01
-3.143918346086239168e+01
-3.622916285421828064e+01
-3.280151899421179706e+01
-4.085828224133594944e+01
-3.946532635631749741e+01
-3.109469716013315121e+01
-3.460088376270797994e+01
-3.245145984394848426e+01
-3.148594032254407082e+01
-3.587427009646319931e+01
-3.883087943401091024e+01
-3.144415012236132512e+01
-2.945871855032286746e+01
-2.940441956514113997e+01
-2.567180842645816341e+01
-2.477676724890229920e+01
-2.060702422887828433e+01
-2.085639978963979502e+01
-2.460008375417938709e+01
-2.695771709946489736e+01
-2.372322772727354945e+01
-1.797343293884203419e+01
-2.212655258821763837e+01
-2.515808389325203720e+01
-3.605295258704547479e+01
-3.547084795982120653e+01
-2.930840682242880391e+01
-3.273466686966254713e+01
-4.286395313060297951e+01
-5.137611685443451393e+01
-4.304337483896368610e+01
-4.882459351288572691e+01
-5.270540131081244795e+01
-4.658670818937066116e+01
-4.552887257733992499e+01
-4.861112414803385207e+01
-4.995420654644502889e+01
-4.632391323080418744e+01
-4.722555876600741698e+01
-5.197101232813479044e+01
-6.145544144957311516e+01
-7.339591681641573473e+01
-7.723709680418926382e+01
-7.427139283446599904e+01
-7.198464848488141854e+01
-7.340366819224543349e+01
-7.215402998022223358e+01
-7.974294316272464300e+01
-7.122367156379200992e+01
-6.692941761953356661e+01
-7.394598138132697329e+01
-7.494322369542074114e+01
-7.613639678428346258e+01
-8.787776609583549714e+01
-9.018175418861893888e+01
-8.437647391617474568e+01
-8.339808600662146887e+01
-8.963231830563536562e+01
-8.974908141372846160e+01
-8.298464811417176179e+01
-8.198851831989638583e+01
-7.463360660148521220e+01
-7.543617320871871357e+01
-7.845302720900227200e+01
-7.594410993171599955e+01
-7.986880677704920117e+01
-8.871147116850846714e+01
-8.645901806689273883e+01
-9.153292527497546871e+01
-9.380191640810039644e+01
-9.341127747503779233e+01
-9.299596680290976281e+01
-8.675476738984869485e+01
-8.679613703315757789e+01
-9.560256350843233975e+01
-1.027503119246213856e+02
-1.011709716082559822e+02
-1.029074137443450638e+02
-9.452152293708290642e+01
-8.950083482647434607e+01
-9.236586331653953152e+01
-9.672439124953022827e+01
-9.498212586524981305e+01
-8.343401001227051950e+01
-8.019926144185245676e+01
-7.880438372054048557e+01
-6.511121968081846489e+01
-7.029370043476370711e+01
-6.749106194292511418e+01
-6.824919538791920104e+01
-6.245897881755119130e+01
-6.344675146424852841e+01
-5.555028457691634713e+01
-6.107355860615017207e+01
-6.032118077520391353e+01
-6.915854891215515465e+01
-6.982262072965342270e+01
-7.587219922629141422e+01
-8.310248670210829403e+01
-8.317925897529590884e+01
-9.087773772790053783e+01
-8.781840393968718672e+01
-8.494702294995724401e+01
-8.381172585052409829e+01
-7.879170126875800406e+01
-7.436053853247565826e+01
-7.686477952444208483e+01
-8.045002956094330671e+01
-7.712599194396136681e+01
-7.807405639627857852e+01
-7.379769813464983486e+01
-7.915229356978042574e+01
-7.883389977188765840e+01
-7.433281555497423199e+01
-8.269904207020044851e+01
-8.353775572374144076e+01
-8.595153850037817733e+01
-9.234513453947111827e+01
-9.500515828415657893e+01
-9.299993543221242476e+01
-8.786652160476705831e+01
-8.606602011843746425e+01
-8.651051807490976842e+01
-9.104009177471057512e+01
-8.728107886708842500e+01
-9.538696247117178473e+01
-9.960502236337167403e+01
-1.014298251529597792e+02
-1.046798783174476171e+02
-1.025619057292268081e+02
-1.008843933389429992e+02
-9.694000902537784725e+01
-9.704280236710837926e+01
-1.017674387616762601e+02
-9.523176612993302115e+01
-9.925003179041731016e+01
-1.035839131428797373e+02
-1.034712677512044507e+02
-9.524889856029771806e+01
-9.966622780422660810e+01
-9.891572943415475550e+01
-1.036702566347300092e+02
-1.097074088120705397e+02
-1.051037749283853202e+02
-1.078092858501935183e+02
-1.059520839248265816e+02
-1.029461219167330341e+02
-9.416018172370961281e+01
-8.458439503676480342e+01
-7.664480935069410350e+01
-7.928480500484867832e+01
-7.874619569971511623e+01
-7.545118790015150978e+01
-8.273322054259234903e+01
-8.374828275801756661e+01
-8.739651573877439716e+01
-9.049587557693669737e+01
-8.586736601639810829e+01
-8.862936168173669671e+01
-9.060876256837616438e+01
-8.253617729438681749e+01
-8.330622099636131850e+01
-8.001041300971428427e+01
-6.601811914984435248e+01
-6.693528269855289636e+01
-7.322475341875309596e+01
-7.829044992217355059e+01
-7.702156067580850163e+01
-7.213916935637493566e+01
-6.945032318982708830e+01
-5.785575462836683158e+01
-5.903856789266878735e+01
-5.771173009309082147e+01
-5.864727339719832599e+01
-5.596146994783676121e+01
-4.954816369787893393e+01
-4.661047156094209498e+01
-4.689449392046304155e+01
-4.427183877567419046e+01
-3.976850118837395343e+01
-3.637619014171359311e+01
-3.141505851614927991e+01
-2.704611920599501929e+01
-2.429363846164280361e+01
-2.114580402948860893e+01
-2.347480527616299995e+01
-2.960195464783150499e+01
-3.337274401456426887e+01
-3.768478119549558158e+01
-3.248121770267447772e+01
-3.568232526013420625e+01
-3.869360669302896838e+01
-3.962606609554880777e+01
-2.902851735607211481e+01
-2.034233486779048761e+01
-2.257012293399296965e+01
-2.299122832263242699e+01
-2.396368483882945810e+01
-2.235374920788251174e+01
-1.665598500347539002e+01
-1.304720059703951662e+01
-1.116533002714458434e+01
1.513519724223216567e+00
9.125578405748573374e-01
-4.049404884733989185e+00
-6.268892863316025021e+00
-2.330305501060105655e+01
-2.226689423585618144e+01
-2.684653863814665087e+01
-2.913678628252953473e+01
-3.256832415027236038e+01
-2.710907523040528133e+01
-3.416845903148823993e+01
-2.942312805689713073e+01
-3.120354039324886131e+01
-3.258171850832985683e+01
-3.435254164172290103e+01
-3.328907439562551218e+01
-3.099013048584658492e+01
-3.383586026757895837e+01
-2.994811744233633277e+01
-2.642030458718996755e+01
-2.605666325673473693e+01
-2.646427541145733642e+01
-2.245632413958675500e+01
-1.437989027693307698e+01
-2.247982655924529993e+01
-3.109641749453774295e+01
-3.063122839242561923e+01
-3.395868957181183845e+01
-4.184476924482611082e+01
-4.256813367772584655e+01
-4.277142919169842372e+01
-3.609936385956103777e+01
-4.168536407105044361e+01
-4.546790605024096976e+01
-5.063696715381211533e+01
-4.928856933225403480e+01
-5.404416058402613032e+01
-5.098590911114115443e+01
-4.761060230237148971e+01
-4.207789418541777593e+01
-4.952398588912559774e+01
-5.595809534805054142e+01
-5.556676743291121312e+01
-5.500517877895320140e+01
-4.600261389523997480e+01
-4.756280541597396194e+01
-4.776071490703586875e+01
-5.731082497696003486e+01
-5.748895080577284489e+01
-6.999796597960236966e+01
-8.302713883797987648e+01
-7.890784353290005981e+01
-7.969760539472510175e+01
-7.929998408270026289e+01
-6.443904596738624946e+01
-5.971851757261928384e+01
-5.517394119699697796e+01
-4.974702922718477538e+01
-4.495761914592659991e+01
-3.430630068907871077e+01
-3.157477987226050331e+01
-3.080448053705444167e+01
-3.205053333570261742e+01
-4.271713903963133419e+01
-5.493302547684961468e+01
-5.896876930258914484e+01
-5.752741953669864472e+01
-5.037105184784198997e+01
-5.164514568326828226e+01
-3.984008219484785229e+01
-3.787722640548137321e+01
-4.166945230759398555e+01
-4.684811461435015900e+01
-4.956907993973329241e+01
-5.216725693521599538e+01
-5.167458489305194291e+01
-5.349377393621529819e+01
-6.039371882248168077e+01
-6.797950168432694795e+01
-6.664325974532587793e+01
-6.540795128265047254e+01
-6.438243636356304478e+01
-5.960965943129053102e+01
-5.627919005541809128e+01
-4.637387470001092282e+01
-4.857281315688506851e+01
-4.786245805679858734e+01
-5.157635154527788757e+01
-5.483727729252677818e+01
-5.026554513907089472e+01
-4.591011052971110473e+01
-4.746468279879889707e+01
-4.996359288369264817e+01
-5.598759996166768360e+01
-6.684909967959703181e+01
-5.602706548829181799e+01
-5.719310077815610782e+01
-5.634344130672887729e+01
-6.035387272701024131e+01
-5.683280087093201161e+01
-6.791493802159617132e+01
-6.491629992547473194e+01
-7.013383910042520597e+01
-5.871202535052396598e+01
-5.221915846516406390e+01
-5.212628394676256960e+01
-5.194746842410721399e+01
-4.763809213990342073e+01
-5.030501781486607626e+01
-5.574634319907217161e+01
-5.448131379150675002e+01
-6.009984160875512060e+01
-6.793937063270614374e+01
-6.862786751753378667e+01
-7.858169265216858435e+01
-8.423269224511138020e+01
-8.640128041126038738e+01
-8.255682303079890971e+01
-8.263760446631862067e+01
-8.359277188958692761e+01
-7.819386155133030059e+01
-8.138735153038413728e+01
-6.979324387448859568e+01
-6.894436062256067999e+01
-5.949634773891516915e+01
-6.041161738535463144e+01
-7.243270446678116059e+01
-8.111353625662448508e+01
-8.195780994007564857e+01
-8.158756406306395093e+01
-7.738555394421662470e+01
-7.803857777558438613e+01
-8.095559395209410525e+01
-8.530695974737666631e+01
-8.037186311723445442e+01
-8.202145875984042789e+01
-8.848729701446207230e+01
-8.929450315435526875e+01
-8.862722893502080979e+01
-8.869388768104327880e+01
-9.399187620139092303e+01
-9.245678479343736456e+01
-9.050187703664180106e+01
-8.230543575458591476e+01
-7.651524497458814267e+01
-7.363571184348919019e+01
-7.423749001826828930e+01
-6.680115502214012224e+01
-6.042356201520563275e+01
-6.540840808201777179e+01
-6.512649171570579654e+01
-5.614461206758141998e+01
-6.279429752608275095e+01
-5.735826993835227938e+01
-6.205250582561644279e+01
-6.179125918482546354e+01
-6.847873815667843189e+01
-6.783479688396681695e+01
-7.232894696908925880e+01
-7.377944864653291290e+01
-7.621469016367149152e+01
-7.787015554273703799e+01
-7.083341982539668891e+01
-7.321713477649429080e+01
-6.711488980892528389e+01
-6.156943925631379244e+01
-5.949080698881687823e+01
-5.208655257119315252e+01
-4.272871330032528192e+01
-3.982608183311067762e+01
-3.320770188927682653e+01
-3.318590244867129257e+01
-2.804311199853978920e+01
-3.461315979581628000e+01
-4.210095532893903680e+01
-4.807179298332333417e+01
-5.335422548790354114e+01
-5.303041263661913263e+01
-5.199470112554401169e+01
-4.514702301410900986e+01
-4.842454103084990180e+01
-5.793801857011941792e+01
-6.095859033937159666e+01
-6.346981390733557760e+01
-5.956539266622912265e+01
-5.937751105799934237e+01
-5.053314857195987742e+01
-4.741365744691047013e+01
-4.825575090714870896e+01
-4.817460342116357452e+01
-4.672908227701827144e+01
-3.709779462490647006e+01
-3.172103745701756949e+01
-2.925298252320759573e+01
-3.478769362152235090e+01
-4.378332833316225248e+01
-3.694416082615394714e+01
-3.457454181710777164e+01
-2.794854261091593983e+01
-2.584360532126475363e+01
-3.325768252079726039e+01
-4.480798953051885292e+01
-5.373010571719876083e+01
-5.405359070221226858e+01
-4.886753869193498190e+01
-4.679465321602564387e+01
-4.415749234521277344e+01
-4.864206643696856247e+01
-4.965503980026742425e+01
-3.538246842546294602e+01
-2.744134085504727594e+01
-2.461092740034398219e+01
-3.271631855027191449e+01
-2.951853671528839840e+01
-3.188802861244571218e+01
-3.725283760953595902e+01
-3.611726240283663003e+01
-4.906025037826451296e+01
-4.265571118113558668e+01
-3.947240628253039318e+01
-4.307774622239415407e+01
-4.112185697346419033e+01
-4.389868859525508071e+01
-3.789551179579277829e+01
-4.523575472146934118e+01
-4.560598068331634636e+01
-5.356524839236513458e+01
-4.953378478195066492e+01
-5.106629793843454479e+01
-6.496054237080119265e+01
-6.882155082476340624e+01
-6.432708276476110143e+01
-5.616554528015865344e+01
-4.916100496992365976e+01
-5.731189257159767436e+01
-4.667506118093675127e+01
-3.584556053471199277e+01
-3.515144828277335876e+01
-4.119459223615317711e+01
-4.715600524824505158e+01
-4.632614215759150511e+01
-5.029894688508088052e+01
-5.405854452457999315e+01
-5.275781339863547004e+01
-5.512780796727672339e+01
-5.544828434400923101e+01
-6.032287657229443312e+01
-6.036103733343306743e+01
-5.181217836131361310e+01
-4.812851626330035515e+01
-4.496465415437944557e+01
-4.232915879234896295e+01
-3.319025783424843468e+01
-1.807475293815598860e+01
-8.435138059290371970e+00
-2.090587569455620809e+01
-1.514680634771049306e+01
-1.151009432419072454e+01
-1.110243043267905882e+01
-1.265699077703857789e+01
-5.410335526841644871e+00
-1.068321828104744853e+00
1.156555429218052655e+00
5.663240639772813445e+00
2.956344641769446113e+00
1.405628029214070596e+00
-1.975364051869045623e+00
3.998602774939183924e+00
6.145156114588329110e+00
1.553625730361341661e+00
1.601614501361593224e+00
1.385466071682312617e+00
-8.284281483658197942e+00
1.066727457441397631e+00
1.477133851139475063e+01
4.334552266765820505e+00
-1.684245669776941012e+00
-2.833985149607359588e+00
-1.114103358215353268e+01
-6.860741745298366112e+00
-1.146332851041927903e+01
-1.219397556257836435e+01
-1.912698996367874571e+01
-2.014291954891461600e+01
-2.296757549887945515e+01
-3.205245488346781002e+01
-4.306784220349704384e+01
-3.841753683834080135e+01
-3.433657190907063494e+01
-3.941673924252680905e+01
-4.093470403781130074e+01
-4.217956030007159995e+01
-4.144905046902015044e+01
-2.593965837884440617e+01
-2.737547782950592890e+01
-2.900319290215285406e+01
-2.872719296782919685e+01
-2.805408774316746090e+01
-2.556527995878147053e+01
-2.110546509897184109e+01
-1.596901749713041418e+01
-2.052824709517142310e+01
-1.261908577327968928e+01
-3.922997708803033667e+00
-8.836954234189619228e+00
-1.534558311622308580e+01
-1.414661350407524054e+01
-1.267596134055255952e+01
-8.465715083971335986e+00
-1.062718060440017886e+01
-1.719974408815015465e+01
-2.823910139581444056e+01
-2.994025140562811060e+01
-3.603845892044914478e+01
-3.285218641447583821e+01
-2.829181418710033924e+01
-2.968866227003200109e+01
-2.893087528415157195e+01
-4.206708266357581749e+01
-4.257640912900038899e+01
-4.898938858375942829e+01
-5.558122466954937124e+01
-5.277724197911098969e+01
-5.387185180430173403e+01
-5.293653939243515794e+01
-6.442857603322954674e+01
-6.750318432773916300e+01
-5.961817435090117101e+01
-6.013105246492569478e+01
-5.836388142735556528e+01
-5.476172211913366539e+01
-5.680443457314243716e+01
-5.961772132713953454e+01
-6.545987648723198049e+01
-7.076502274582763619e+01
-6.872592675031467024e+01
-6.627557091410852763e+01
-7.140232597292811079e+01
-7.057987206131949165e+01
-7.759224644993970799e+01
-8.017656816067284353e+01
-9.296797919856145143e+01
-9.304032414374697169e+01
-9.390104137633386472e+01
-1.025052340354987450e+02
-1.058331973560786281e+02
-9.891770080436768353e+01
-9.574476088704106758e+01
-8.963237232690102019e+01
-8.921146788827778096e+01
-8.906861958543412072e+01
-8.581313306897972382e+01
-9.343290883250948298e+01
-9.296755543546836975e+01
-9.365154200102304571e+01
-8.103525424665582477e+01
-7.689693541290085932e+01
-7.632443890024724453e+01
-7.664079074910668510e+01
-7.943535627316458658e+01
-7.785654455828934317e+01
