# data in one-minute intervals
1.071827910412400699e-02
1.279060094566347380e-02
-6.684241373133183693e-03
5.063941981848212731e-03
-1.776078122450521629e-02
6.847339510249880572e-03
-4.999936993625355976e-05
-1.107309683222161036e-03
9.636275180192470022e-03
1.529383772782092789e-02
5.681010218688686310e-03
5.866334533154533501e-03
-1.620596129541160627e-02
3.001646273939690551e-02
1.241337458982958060e-02
-9.664399088930403572e-03
-1.640369591746609901e-02
-5.306658920423853142e-03
4.301932051940969386e-03
-1.405153098028789037e-02
3.331983123349552527e-03
5.779381991689388695e-03
3.689105463227022527e-03
1.314059770634271561e-02
4.296990736052867625e-03
1.310625445683762796e-02
2.550178446077817213e-03
1.022334773494470474e-02
-7.782183730121463965e-03
1.949830887015230330e-02
-1.162748743051488301e-02
-1.925399913478539936e-03
1.331368695374241678e-04
1.686955194185425430e-02
2.354476160172529631e-03
1.975040040927586796e-02
-3.039001268874216843e-02
5.465360856652545611e-03
5.607773361557315261e-03
-8.686795291224099283e-03
-1.377443829204061387e-02
1.328372298714610052e-02
2.299532488544958272e-02
-2.006268101235887669e-02
-9.244321670547033919e-04
-9.817571244663727409e-03
1.941250659819114197e-02
-4.871946087913789467e-04
-1.148226693709763265e-03
-1.555888985259539815e-02
-2.134910155403370660e-02
1.092426533504337917e-02
-1.012399907210267784e-02
-1.325966770092364654e-02
-1.967614843489403839e-02
-1.188706322731484556e-02
5.149486959220808679e-03
1.624260327200480539e-02
-1.102122639665772431e-02
-1.426225280602576046e-03
1.890005925933881809e-02
-1.013951691082487158e-03
-1.092605036423092806e-02
2.408030599673719949e-02
-2.169879974955630370e-02
-6.372304089369259031e-03
-1.701925808915410098e-03
-4.403888854156349716e-03
1.182003972510003477e-02
1.347272236006523578e-02
2.495662342068398400e-03
-7.588659458217097281e-03
3.528672426512436105e-03
1.679890310827061861e-02
-6.720901405669257346e-03
-3.867301855949702247e-03
2.534807973068519543e-02
3.902353307725697686e-03
-1.674712704460743981e-02
2.553446995679923941e-03
-5.160992700975345140e-03
5.004524592152441442e-03
-1.692691631031427099e-02
1.936007556204220187e-02
1.041490714221009325e-03
2.768652153440423827e-02
2.170639922828032664e-04
9.714142407227581780e-03
-7.437209565236011823e-03
1.669141867587400213e-02
9.306513060127183379e-03
-5.644873761344302611e-03
-1.296400586195424476e-02
-1.411050909845353724e-02
1.235511786851884244e-02
-2.986264481034929530e-02
-1.059589391342157828e-02
2.963049393205857696e-02
2.704900386077709051e-02
-1.156992127399738418e-02
-4.940616028608479406e-03
-1.916563115623873086e-04
3.050498421643372138e-03
-2.820917235500955368e-04
1.385080483177783886e-02
-8.596855662436701448e-03
-9.287635826502622233e-03
-4.400287522217251335e-03
5.860366597439830780e-03
-5.768473780761457746e-03
-2.167515235416183489e-02
-2.153617977678164847e-02
2.761053989676926206e-03
-8.229906014284173827e-04
-1.019666296087319915e-02
-8.526214571258900268e-03
5.099859030909407835e-03
-2.131696947666258252e-02
-1.531696578780017068e-02
5.961647558931207347e-03
6.157478715980841538e-03
-1.300723403026328440e-02
-8.187706594300906554e-03
1.577738223454053235e-02
2.761280695142913355e-03
4.160803393572147339e-03
-5.960448125986299653e-03
1.295560479080546355e-02
-3.005789361459064533e-03
-1.760833956144658777e-02
-8.558132721926231231e-05
-7.230908607202807432e-03
-1.428490111876176173e-02
6.035938065776869435e-03
5.995050670933564380e-04
1.869666461984030928e-02
1.532428057069934804e-02
2.646292830217941705e-02
5.075444911729958160e-03
1.858148356521957881e-02
-4.911153723901022158e-03
-2.403359224666989317e-03
-2.478259705362437573e-02
-2.333193376075986397e-02
2.276299390334358963e-02
4.888231694234333041e-03
1.826107960270577021e-02
-1.390810607032195480e-02
-1.594495139348483387e-02
2.918879686197328651e-03
-1.057665796426581102e-02
-6.359697593378117568e-03
-3.063761239934032193e-03
-5.314475390102286340e-03
-4.402945121637152730e-03
-5.101671206564808124e-03
-4.818519279915178116e-03
-8.731696450096663661e-03
-4.412008876719901028e-04
8.326980771791813937e-03
-1.484179336498979082e-02
4.977950275149730340e-03
3.699920157251372068e-04
1.678908358153402775e-03
8.497324088880519807e-03
5.325771310110659351e-04
-6.434805550072923881e-03
1.121685505064942516e-02
-1.729807362606082186e-02
1.899812281157357147e-02
1.579100923566820192e-02
-1.395515286102990207e-02
-2.903724329177536853e-02
-9.529232014185673796e-03
-3.690591985832330363e-02
-1.854193673434793507e-02
-1.764565755041764411e-02
1.997422884397708626e-02
8.935650760644653010e-03
2.703308024547200830e-03
9.405115772676770139e-03
-1.742453996770047808e-02
-2.100351165032223952e-02
1.998152303194172807e-02
8.406341957835053794e-03
1.027936082118438912e-03
-5.867650470187937492e-03
-1.325745754914005791e-03
1.158717179135428793e-02
-1.163577972462570727e-02
-2.707846530817758102e-03
2.272705033607172139e-04
6.482782014694294694e-03
-8.849759551034295027e-03
5.209102235655753768e-03
-1.237356988178591778e-02
1.199513078836355988e-02
-6.490340841020233315e-03
-8.328029522552678893e-03
-1.016465891806913983e-02
-2.128653011399589748e-02
-1.360082363446667685e-02
-1.159400236401308612e-02
-8.465698353943885285e-03
-3.754649892515319557e-03
-1.067882949685732170e-02
2.981360779538127798e-03
-1.291682474952761742e-03
1.275782586477845239e-02
-5.247193692865259780e-03
3.557182849678514752e-02
-1.666904008259008797e-03
7.162166111233683914e-03
1.813694356532587898e-02
1.120941453217233832e-02
-9.236740765606347645e-03
4.233429430577501096e-03
-2.883172979131973668e-03
-1.280726971184462278e-02
-2.398560979386683834e-02
6.385807528648770881e-03
-1.145687183943844625e-02
1.170163934608076800e-02
-2.156984846622896773e-02
-7.106873495537854336e-03
2.325832187334188339e-02
-1.416950135719437925e-02
1.170023763857653241e-02
-1.391641241147093498e-02
-2.222886367527094828e-02
-8.252324241520697656e-03
-1.995367850545021540e-02
2.349915901456018502e-03
2.353288838120775293e-03
-2.628088817498921851e-04
2.096627206758175030e-03
4.272194012076629618e-03
-8.221890377518947454e-03
1.614601030144126315e-02
1.072274757799297415e-02
1.448641362814439247e-02
7.707346630697273389e-03
1.394393300314801347e-02
-4.437904917720908275e-03
-3.526991525492534948e-04
6.146711005707103208e-03
-2.382792855923548080e-03
2.252016135961829729e-02
2.206654704266439518e-02
-1.772600095994509087e-02
-4.274955427703857128e-03
1.298829821296387452e-02
9.067165444051282150e-03
3.525020926750000328e-03
-1.525768631032086917e-02
-6.288912776077295111e-03
-1.867345117191792497e-02
-7.491176995271377030e-03
7.007282589059834858e-03
-6.867644673401278321e-03
1.565408305621436222e-02
2.506278615641700444e-02
-6.169744793720375459e-03
-6.238290497532012618e-03
8.491402672559244733e-03
1.056781858423306263e-02
-1.091066017519402333e-02
-2.587415388797787569e-02
-1.939433808967468836e-02
1.201154569885051412e-02
2.800949263614072038e-03
-1.541947088976422693e-02
2.868938472438570253e-02
1.231834328453656688e-02
-4.035448076683120430e-03
-8.879710622666923958e-03
-4.178558726845608626e-03
-3.080125783774222571e-03
-9.930337276265669214e-03
2.451688810133147156e-02
-6.355871311548866483e-03
3.082333962140632825e-04
8.808353889141850093e-03
1.854152882543894272e-03
-4.400775332602222673e-02
6.506655546382982339e-03
5.065710291122859504e-03
9.693069681384976558e-03
-1.029832667290254099e-02
1.015628595774495033e-02
-1.965339553043457792e-03
1.559373621637433899e-02
5.980212216381868527e-03
1.347044487446260805e-02
-4.967903174952784974e-03
1.807765812043792344e-02
-7.605010493758163851e-04
-9.080659736602287452e-03
-3.396942333220243516e-03
7.079106708385051946e-03
-5.441158934904029819e-03
3.938916062345427203e-03
-1.430421859275726564e-02
2.178575790010418498e-03
-4.998042848555691274e-03
-2.961383548597239842e-03
2.754881020144955839e-03
-1.066961777136462945e-02
1.282145700960383473e-02
5.177224473868484618e-03
2.737979574722556090e-04
1.240492222241257152e-02
-5.480735168052373700e-03
2.560344521597721079e-02
-3.747133030394067619e-04
4.089080053759087605e-03
1.874233034572786102e-02
-1.832145943864963572e-02
5.397602168999235221e-03
7.649652275169551915e-03
1.135689536180938680e-02
1.217886185718509854e-03
-8.457338752802906826e-03
-7.515625390349523274e-03
2.331812328011338351e-02
2.636589540062771186e-02
-1.189184886447091846e-02
-1.077580431939641377e-02
1.016044663631523667e-02
-1.242869549338140693e-03
-1.431199265842226717e-02
-2.417384196044585366e-03
7.311195258937736204e-03
3.661669600045108081e-02
-2.744207008292606428e-03
-1.986004010951461507e-02
-2.338496578672042206e-02
1.794078276801873255e-03
-2.629968777579924991e-02
9.978958294278883825e-03
3.203132060654284574e-03
5.201756217010369832e-03
1.483591319963771006e-02
1.801149157206966001e-02
-8.308656158995052568e-03
2.255578109188603741e-03
1.018101964217119244e-02
-4.991412744199607947e-03
-8.860001076257565528e-03
-5.809734305466130247e-03
-4.086904769745860339e-02
1.113626563748258864e-02
8.715485331940638417e-03
-2.547783799854480905e-03
1.249205767739422664e-02
-2.397485740460186462e-02
1.543352581510831767e-02
9.293571381227867453e-03
-3.690517172823753935e-03
2.292670699751787541e-02
-1.355192821269576679e-02
1.305391377494189743e-02
1.462011284663222201e-02
3.415873287413552419e-03
5.405036706685484652e-03
-3.795955533223571363e-03
-1.343944830657435932e-02
-2.362081661325632354e-02
9.861067681602143052e-04
-4.280457242823932501e-03
-5.476109906898736501e-03
-2.285581360113919576e-05
-1.944967782358553512e-02
1.569757553754238828e-03
-7.198634618938676982e-03
-1.562625219563770068e-02
7.001606629028787887e-03
1.975331169422554073e-02
-1.145183218915634717e-02
1.382519000332038672e-02
3.592112186999266935e-03
2.171163542823251289e-04
4.716666310659170698e-03
2.010101974474289271e-03
-6.110425877516438911e-03
9.058014902205124494e-03
-3.519921613875506058e-03
-2.116763398961559600e-02
-4.289969128894092695e-03
1.198355752421025738e-02
-1.700681275052692842e-02
8.122582486656945364e-03
-9.092660199590044817e-03
1.685732697627447679e-02
6.889008760095059226e-03
-1.682745180737099319e-02
1.647170421532349535e-02
-1.291923195503239495e-02
-2.226159085700064530e-02
7.116883361458209781e-03
-1.102843841574040890e-02
3.550648840330433275e-03
-3.893455747743482243e-03
2.475051118356548854e-02
1.657916920112782397e-02
-1.003772629859293886e-02
1.757206141118143605e-02
2.582037021117577005e-02
2.882373807704575672e-03
5.144905389988765204e-03
3.695692459349088268e-03
1.868685964303107294e-02
5.672117291158077640e-03
-1.083476562628897695e-02
-1.349072961189365025e-02
-5.334309618234590010e-03
1.294049269574888000e-02
-9.014971124194371896e-03
-2.933758615892373411e-03
1.661696563497836593e-02
-5.208273087333441069e-03
7.814467269118047579e-03
3.045613532917735948e-03
1.035312634742019183e-03
-1.387272717671915109e-02
-1.724858955993944370e-02
2.141141566484432851e-02
2.543160356022619410e-03
2.325442380742657501e-03
-1.095194400273733111e-02
1.126706075680441663e-02
-1.181575897717098561e-02
3.705791917506841716e-03
2.246201836651812861e-02
1.424674557724743681e-03
-4.108176720770388311e-04
-3.778267231177464842e-03
-7.396353862547506985e-03
-4.597122374196968043e-03
-3.096491074057041576e-03
1.800286211147579356e-03
1.126274083979297846e-02
2.464954040107406649e-03
1.033006316757879156e-02
-3.062412995559191109e-03
-3.057734952216153036e-03
-3.847727305879619381e-03
-6.171434966439708590e-03
1.722037405891287815e-02
-1.163141599971416300e-02
7.080729898554475200e-04
6.366029193318837980e-03
-1.522807501875722124e-03
7.647172677370441679e-03
4.821745529685995957e-02
-1.291015492022676639e-02
-1.974592180184576995e-02
1.458363031938091602e-02
-8.414563823127862649e-03
-1.305236530160842293e-03
4.995327914543774145e-02
1.687032250379275240e-03
2.029210667924670822e-02
-2.595964191183427680e-02
2.832971784579951108e-02
-1.568165305141267646e-02
-1.129609411367182674e-03
-3.993134446965294904e-02
2.218659660134080988e-02
1.262215406276395377e-02
2.943640032995756273e-02
7.287299594396395505e-03
8.481876852985032605e-03
1.611748880119786426e-02
-6.732472105843748458e-03
-5.830594153398526228e-03
7.089070561545824864e-03
-2.833015199824177963e-03
4.324587073660739363e-03
7.320652524905045836e-04
-4.968056422723397293e-03
-1.222390056181703842e-02
-1.258729978977669688e-02
3.330632304431140923e-03
-2.964893365716283558e-04
8.516530456029142854e-03
-2.237811836866469058e-03
-1.424596043891934900e-02
1.026298251167796251e-02
-3.161398765680162315e-02
2.276482473834473205e-02
-2.620324530941953427e-03
-7.822934308299406975e-03
-1.223979279845206075e-02
-6.103215384875995166e-03
1.879858962217434426e-02
1.590289121760363883e-02
-4.778744353231102922e-03
-8.379513193581024366e-03
1.866905869311097713e-02
-6.940991796051752816e-03
9.370608494359625174e-03
1.173067017198830761e-03
-2.060401359083929851e-02
-7.020429263936960734e-03
1.229938625271556618e-02
1.672401467854779666e-02
2.046572410921772278e-03
-2.550083328607757535e-02
-1.824295296580723605e-02
-5.014545938652309118e-03
5.137825416207915732e-03
-3.151677684879715304e-03
-1.372639276896007662e-02
-1.326242866944828645e-02
-1.403463808928605630e-02
1.874913785428112753e-02
8.847519218746633524e-03
4.081609794760810046e-03
1.533263195427452680e-02
2.231033516448225479e-02
-1.655876370358656206e-03
1.969988038505691638e-02
9.106835071706042770e-03
-1.763585302291580462e-02
-1.267362449470176261e-04
-2.312986783520952494e-02
-1.094281122555374082e-02
-2.036686176154164918e-02
4.377602663647155862e-03
7.816571449100515045e-03
3.459174951509664652e-03
-3.485105080746817713e-03
2.838301530207808319e-03
-2.652395888675483995e-02
1.779506167861341290e-02
1.918150343504656380e-02
-2.558387639920074730e-02
1.270136982279821899e-02
1.248269065138329567e-02
1.531499558317409374e-02
1.900186637269044715e-02
3.090380837295699130e-03
-1.108713826479003524e-02
-1.591563514956912534e-02
6.292485941901032435e-03
4.693952988533044092e-04
-1.717662512731933655e-02
1.723564380836853371e-02
-5.261282306548221641e-03
-1.097453872137537333e-02
-1.471005834385700692e-02
9.883804148451108551e-03
6.592945494888478516e-03
1.298759566726270277e-02
1.978383650968482815e-02
1.769465527147371861e-02
9.833351040099988158e-03
-1.559861538977183690e-03
2.124773712664127998e-02
2.576532202437709258e-03
-5.176233340895666779e-02
6.028854992033395692e-03
1.584389408987329356e-02
-4.283147645556644768e-03
4.337557834334059871e-03
-7.253223275690117919e-03
9.816317687413214643e-03
-4.010737412722361478e-02
2.125854085473316210e-02
-2.068470887233900268e-02
7.064686511010995380e-03
1.257196902160099151e-03
-1.210198512503185726e-03
4.084535024069724761e-03
1.723378697707231852e-03
7.593867857004063006e-03
-9.295886903702702680e-03
7.870497310323963311e-03
-7.594231038516293351e-03
-2.255148657943800011e-02
-4.135555996079334426e-03
-1.917838673604108958e-03
1.368203237714387017e-02
7.434831615553538949e-03
-2.665025340678231838e-02
-2.052949340766887891e-03
1.149439297286557020e-02
2.393923796753325353e-02
-9.130946263019253106e-03
9.087999431873820810e-03
-4.495058398622882659e-03
1.699239328430676363e-02
8.042699964739638161e-04
1.661611525557258641e-03
-1.184916648901510050e-02
9.353441120065605560e-03
-9.501161718974639528e-03
-7.021624332515584259e-03
3.034627981764147220e-03
4.812094842718403140e-03
-7.274546737204066679e-03
2.931260878597817532e-02
-1.798251043477761685e-02
1.461376057363151029e-02
-1.739144736505500010e-03
1.052306898699437165e-02
-4.313160562361437710e-03
-1.237532292837225170e-02
1.651541016351180599e-02
-1.489544283496418292e-02
-1.456064217754629618e-03
3.320627607060039344e-02
-2.193062833845743978e-02
-8.238462008135683315e-03
-3.831751756024194197e-03
-1.140334274117804289e-02
-8.065195159982368328e-03
7.869252826223888109e-03
3.839384656937629842e-02
3.623958176726561377e-03
-6.837340637081355463e-03
1.355569352599817964e-02
-7.728746209242919746e-03
-2.429954988441272376e-02
2.267611391724301192e-02
2.083186824454382954e-02
1.027336923592139448e-02
7.105920013290543957e-03
4.896221141778318332e-03
-1.141665275718993337e-02
-3.153929565792382150e-02
-1.044715056221390617e-02
-1.652372729391882872e-02
2.357969653230933445e-03
-8.817084891495191568e-05
-7.668512219585880453e-03
1.865766806479139325e-02
-4.686923220277006662e-03
-2.462919646840875179e-02
-3.330487831639107436e-03
4.491348485945826155e-03
3.900162897183728772e-03
1.423886146295527330e-02
1.006567358934608823e-02
-1.291752666111680228e-02
-9.891977210238598814e-03
1.564889234262579337e-02
8.254725239565545219e-04
1.037472399670817148e-02
-1.287008316042671449e-02
1.191135917107568991e-02
8.878476291129542078e-03
2.375472802863419681e-04
8.679234954269962610e-03
4.129734565388182288e-02
9.990772621435113632e-03
9.076229250070904850e-03
3.940648493192827444e-03
2.185172025130252202e-02
-2.663664244213423946e-04
6.375579900245938701e-03
-2.807089457945851838e-03
-4.735766623712528434e-03
-2.026609322697461510e-02
8.459843836503068079e-03
-8.889708240340221321e-03
-2.333586718187410577e-02
-1.833745963389256037e-02
-2.478935789356247546e-02
-1.480290195416131445e-02
1.467084246395279970e-02
1.241802789448510707e-04
5.546642001999032949e-03
-6.576573452808573243e-03
-7.598469360172188138e-04
-1.604677474259675468e-02
-2.406663655964532203e-02
-1.945362155840473677e-04
7.899220910377979799e-03
-2.691985613196809513e-02
1.285532637304030029e-02
-5.895814399739482056e-03
-2.468473065986735715e-03
3.612359548360742981e-03
-3.334435793349891167e-03
-1.279073660476066562e-02
8.782524686065626071e-03
2.033489257124485722e-02
-1.677816111779668190e-02
4.631635756467645734e-03
-7.476192170966656191e-03
1.837307530483431664e-02
1.256309290482656577e-02
-1.858198924763650520e-02
9.533770568286015906e-03
1.594138518269046581e-02
-2.838662269124128668e-02
-8.735694942293958584e-03
1.586620495517181151e-02
1.610887390133365279e-02
-1.265714813446714923e-02
-1.381423668444560146e-02
1.085640300069306251e-02
-1.725953746847139550e-02
2.745744490628412512e-03
-5.178187532772471000e-03
3.581564741519008277e-03
1.025299490471972847e-03
-2.545593547908618290e-02
-1.273217431327287007e-02
-9.783330801142889679e-03
-8.308885527744627741e-03
1.750670940285435281e-02
2.927099991398579570e-02
1.010790862824005945e-03
-1.319732447571401492e-02
-2.579124264392235535e-02
3.685203563350348405e-02
1.536923088658677036e-02
7.017123473274267109e-03
-2.729728563069203778e-02
-1.195497919007564025e-02
-4.901392271644687722e-03
6.257412661195959486e-03
-4.927799898552305980e-04
-2.243220191608368344e-02
9.566262786187064091e-03
-1.202421979148004388e-02
-1.041894207121390852e-02
-3.883440389795760712e-04
8.316540513415548661e-03
1.753556085842048959e-02
-3.518363595148644302e-02
-2.412630222673694830e-03
4.179848125218950557e-03
1.860637156888574669e-03
-5.623674225821534596e-03
1.116140925721726199e-02
2.088754516457143936e-03
-1.099971110660031941e-02
-2.673985809075394432e-02
2.393146516830004975e-04
1.460041343163457489e-02
-4.676971854287498634e-03
2.639548564342537873e-02
-3.616641995153654227e-03
-2.637529844501152604e-02
2.302553123074864774e-02
-1.205704985328358986e-02
-1.295492824759674269e-02
1.666415473666970097e-03
1.740408947659399796e-02
-2.286214461586205844e-03
2.518293788012614370e-03
-1.727615131958808170e-02
1.681675179578675031e-02
-7.722232996753705062e-04
9.198480598230933739e-03
-4.557677902829627460e-03
6.819234348195551791e-03
6.917012672287184416e-03
-3.580939489576874697e-03
-2.370726211371149779e-04
-1.404189407887404886e-02
8.574826093418173173e-03
-5.846134981853879677e-03
-1.420561766169475609e-03
1.312589550834525678e-02
-3.247590076729780367e-03
-1.110179317094422621e-02
1.331198857800980698e-02
9.524985982597510004e-03
6.233230912997572704e-03
-3.868404992185876627e-03
2.353893858408017542e-02
7.834803737493274342e-03
-2.495382781237440173e-02
-6.275017897232152211e-03
-1.888306310807420091e-02
-2.949380218833265455e-03
1.531313781140466318e-02
1.466590697225558793e-02
7.008552794890265079e-03
-1.101752622437445796e-02
2.776208440486314152e-03
1.272618401854432729e-02
-3.742406969246433318e-02
-1.281645460169276822e-02
-7.402463546128931760e-03
-2.256790858597845784e-02
9.690969653375316323e-03
1.439704463709416335e-02
1.156249306725845583e-02
-8.602402743949561989e-03
-2.054805233972009995e-02
-2.281660219123437736e-03
-7.608587742855466365e-03
3.001389802218818858e-03
-3.400135059328965553e-04
-1.768300147878063000e-02
6.801897437177956487e-03
1.208176743017919455e-02
3.751889954874655046e-03
-2.541455575787248192e-02
6.153763662684432097e-03
-1.447406521455649533e-03
-2.796587818554770177e-02
-2.236718835615995882e-02
-3.575843568972420644e-02
-2.606673138229389022e-02
-4.794698958722024527e-03
-9.760601909302946133e-03
-2.339865006626773436e-02
-1.553947872010589745e-02
2.913721200530174690e-03
-1.290255848369410447e-03
-2.224027597797234405e-03
-1.188292734504498363e-02
-1.514356506006899784e-02
-4.215015563735506968e-03
4.373260047698830470e-03
-6.913358072449425455e-03
-3.279082057631774183e-02
-3.037404656359660518e-02
1.513957198444522336e-03
-1.021942065539000084e-02
-4.624014034779243797e-03
1.547451718322410096e-02
5.831405408040037965e-03
1.707692365241663540e-02
-1.191835121570467178e-02
5.431984597815365731e-04
7.599148809844339172e-03
-1.371282519707496365e-03
-4.825414565483267942e-03
-2.286925858529927254e-03
-1.870971348973046733e-02
7.266816769873928224e-03
2.335160803042538036e-02
-7.233051743255280996e-03
-4.780153477551684488e-03
-1.371554284415594377e-02
-1.830547431528118871e-02
-1.886443636632811199e-02
1.704805260914307730e-02
9.429673886985300707e-03
1.042118171133426564e-02
7.721462818529740632e-03
9.069323916906084707e-03
1.979523300634018768e-02
9.518724769922793164e-04
1.142546315717704510e-03
1.747133763050256680e-02
2.000653743166380238e-03
1.039578408644311475e-02
8.228956438401380247e-03
-1.811285492751729675e-02
8.646138764478984934e-04
7.161567591287556003e-03
8.048265814971649820e-03
-5.079071211380116642e-03
8.181918434378043781e-03
4.358700280108913569e-03
1.564612960949143469e-02
-6.710686322810592921e-03
-6.542035531106091262e-03
-1.007775433722056871e-02
-1.037218789722354172e-02
1.489482935117778005e-03
-9.404742640294401490e-03
1.344702026090769525e-02
-1.275192081055660093e-02
4.743593401652573122e-03
-5.288887249904209234e-03
1.132676831388563198e-02
8.978437329445209530e-03
2.283772665457997619e-02
-6.326752826993127347e-03
-1.598034256035500700e-02
-2.203878155199076073e-03
-1.259692551121317436e-02
-2.080117726526255553e-02
3.252863641965920895e-04
1.438745428365158924e-02
9.941237466036478843e-03
-7.231271627478639413e-03
2.471873847209296593e-02
6.445870485867319713e-03
-9.810034221009194047e-03
-9.299335157062306456e-03
1.857039670204282478e-03
1.304967447791396257e-02
-1.360023222631100322e-02
3.235833206986151768e-03
-4.266393000767440200e-03
-8.856567992997273903e-03
-1.552480732263032334e-02
8.132330156884363470e-04
-7.962658063998616365e-03
6.260347839682836590e-04
1.375093787860150575e-03
-1.994823697905485742e-03
-3.800212247804776126e-03
2.223541358327829620e-02
4.559170959323349467e-03
3.836435502966080262e-03
8.463880847654162154e-03
1.758102827241420649e-03
-6.617672039641752345e-03
-8.919691348038449180e-03
1.192323475345852431e-02
-1.746783960931673138e-02
-5.114073704224960694e-03
9.828697976216903276e-03
9.393745857038655542e-03
9.511737737787277053e-05
7.446495329670943996e-04
4.522942044664603894e-03
3.793886436073965612e-02
3.251825351178645480e-03
1.358507337347564876e-04
-3.530018731968077080e-03
5.756237924470845348e-03
2.704268978276092722e-02
8.985439864712816554e-03
7.117139626447007740e-03
-3.835544455321851162e-03
5.922307449307240637e-03
1.499528182675629977e-02
-9.617364773780960954e-03
1.210318153864089509e-02
1.822336419229696886e-02
-2.205567319684015315e-02
9.661749470291485301e-03
-4.961268040634968929e-03
7.054410521902737714e-03
1.094652338092723734e-02
-1.895138697186944318e-02
-8.281900929508636752e-03
-1.153219348070647424e-02
4.986876988127464730e-03
-1.433383524404498698e-02
1.642144405632520870e-02
3.175799887418694501e-03
-7.440221374374530842e-03
-7.082919642255212575e-03
1.369607521515421589e-02
-3.916690306997899773e-03
-1.331092176306292521e-02
-4.196096474076455030e-03
-2.062617589079674893e-02
3.302912576775680030e-04
2.128565504988696316e-02
7.316187097731233734e-03
-7.788243826637870383e-03
9.474324298721923179e-04
1.082896211490722710e-02
6.098327707968254942e-03
-1.449851376407480536e-03
-4.984685614483688743e-03
-6.891422998869159607e-03
-1.577017638940933497e-02
8.599850827131079803e-03
-2.889761221218732287e-02
9.489928887796103898e-03
-5.256291801488276530e-03
6.446829837402046418e-03
2.075968112503901678e-03
-4.220880395278801974e-04
1.236197397669547109e-02
1.024510451564459093e-02
-4.944198051952032429e-03
5.137670364553619494e-03
-2.980912159876520501e-02
1.938279364476326247e-02
5.181960218176538679e-03
9.376816070760048485e-03
3.829030693684080423e-03
5.691752137266815545e-03
-5.495521553200857258e-03
1.847375837936814785e-02
2.105031476638989998e-02
-7.809343166485699199e-03
2.495984209364889364e-02
-5.704262246786224143e-03
4.245465187885951938e-03
5.025538620195104441e-04
-1.001412014378564100e-02
9.403381542664086129e-03
-1.917808859132957844e-02
1.193561623253095762e-02
9.048801124029932572e-03
-6.984765090462783516e-03
8.444472605317320532e-04
-1.219529504600988350e-02
-3.159341475172225324e-03
4.190640393620360948e-03
3.204945773539911113e-04
-1.921142483987711702e-02
1.186773994406818862e-02
-5.576177049536212675e-03
-5.084534707016244090e-03
-2.510103218650996948e-02
-6.722960428425665651e-03
-6.256072709350635197e-03
-2.105826542824585507e-02
2.048825551902358835e-02
2.476456685938070051e-04
1.367678290907939180e-02
-1.920456207017903760e-02
1.036202232717646672e-02
1.186741772913272111e-02
-1.772627422106827152e-02
-1.786154939886613890e-02
-3.364032499883211954e-03
1.460319081427754323e-02
2.257053483709164921e-02
-2.026461941364115713e-02
-1.522984373272328468e-02
-1.008136915717501407e-02
-1.860982507426703261e-03
1.394762110468441597e-02
-4.774862171433270734e-03
-3.280285024126941562e-02
6.542089663886250725e-03
-7.317262030652024914e-03
-1.698364309259211419e-02
2.667698961351098585e-03
9.030944852283197960e-03
-2.342797426720809924e-03
9.408084848947669693e-03
-1.156037454638214092e-02
3.201666357018673453e-03
2.336776357606956331e-02
-1.874084371591618406e-02
4.798295738386844020e-03
1.450362710864182107e-02
-1.738853632950551967e-02
-8.008900311219219886e-03
3.334860797646498065e-02
-1.056929724539355017e-03
1.936183985342350769e-02
-1.657721903571222899e-02
-9.044602363295035224e-03
2.741623179992093776e-02
3.836724095232842136e-02
1.313713723107160988e-02
-5.768314490013700703e-03
-1.990751124689988608e-03
6.708504899752002620e-03
-7.239143002086249543e-03
-8.204333523251181384e-03
-2.894560264999838581e-02
-4.766198633375761523e-02
1.310763631403508329e-02
-2.792782621950598175e-04
2.423156659790026701e-02
-1.134853718880546314e-02
-4.528834723321861419e-03
3.335195156080258093e-03
1.108791653808763843e-02
-1.870222389566873408e-02
-1.439173886835130693e-02
5.503931526649241679e-03
1.200050975784971953e-03
-1.366652676799403471e-02
1.984373949176256036e-03
1.476348757863277239e-02
6.866425269239235510e-04
-1.384377183483205846e-03
2.360569971260696297e-03
4.668169412547299064e-03
-1.561020912753192935e-02
5.411339819999234566e-03
-8.271843653661293194e-05
-4.211097620230424762e-03
6.402949373432007332e-03
2.216005698237133101e-02
-3.096764226565925857e-02
2.391373183006571465e-02
-8.605244766733924355e-03
8.246743776602191364e-03
-9.829482947842299936e-04
2.238949691646283709e-03
-1.948074788156232279e-02
-9.119944663242165669e-03
-6.272214374371806907e-03
2.647046981097956903e-03
-4.271516424534152999e-03
3.605464770018584116e-03
2.307049440234663559e-02
3.207555075467780764e-02
-5.637714778057980290e-03
9.575356087125888246e-03
3.068166119157062985e-02
-3.265128089606016831e-02
-1.207117397208762669e-02
5.451858497464516159e-03
-5.708625223192824623e-03
-1.127091707045384944e-02
9.027671679292728971e-03
3.135669605666135083e-03
-1.064421101897407686e-03
1.165136104499177837e-02
4.933666949838030023e-03
1.883060984649926814e-02
1.436064992794617960e-02
-5.697813585184335373e-03
3.745114662248897556e-03
-8.758363301253048461e-03
-1.382566778932846005e-02
1.038353163704111787e-03
2.298113802577936640e-02
-1.984013307497725989e-02
1.787825498494095486e-02
2.542826063237149659e-03
4.407875113174955853e-03
-7.623998225568035490e-03
-5.310813797613104202e-03
1.109969772931561523e-02
-3.225936853717425307e-02
5.164387204836498775e-03
-1.114110953593326452e-02
-1.946672474817816648e-02
-1.312458444782364266e-02
-3.087272107523796744e-02
3.268739975208652653e-04
-9.887278867560706647e-03
1.110139894338615756e-02
4.308475719228571643e-03
2.914573520640325287e-03
-2.150891646042294922e-02
1.075350054013728650e-02
1.829487696477057751e-02
1.454663350442469234e-04
3.282634520462064491e-03
-8.980334071785361916e-03
2.209816682928719949e-03
3.085326253615022427e-02
4.179310889750165355e-03
-1.335855684962864408e-02
-1.560306298152629688e-02
-8.329421136863121577e-03
1.082802418497501480e-02
1.689743664904888587e-02
-3.640122686022275421e-03
5.736424228838682762e-03
1.710983271922322108e-02
-1.174505833128319451e-02
-8.139641478228841487e-03
2.601019350565084154e-02
8.359695983433251820e-03
3.523362586919474761e-03
-8.898502763526388790e-03
1.770094244901042639e-03
-1.815877845820457160e-04
-1.552565568643848003e-02
8.483780406041106781e-03
-1.135616682007454040e-02
8.410337602420358757e-03
-1.920891348105150265e-03
-2.577447031991573958e-04
-1.781789905412816538e-02
-1.633345398239787263e-02
2.691101212287380987e-02
6.517092654467473642e-03
3.929926714402023685e-04
-3.883409565797610579e-03
7.020484685383829998e-03
2.201005275433104424e-02
-1.631272505629371636e-02
-5.317641435504109892e-03
-8.731527063064452310e-03
-1.655469629081378347e-02
1.341053386210573108e-02
3.671375557906534932e-03
-2.467187441714521062e-02
2.248093395118792165e-02
-3.388237252953502782e-02
-1.000151144831908263e-02
-1.940905082603979967e-02
-2.718918107710322288e-02
8.206325631335372644e-04
1.898113925008338256e-03
8.800231879859744463e-03
3.459149813348016272e-02
1.253803335516177550e-02
-4.289486184591987002e-03
-1.816581342893854381e-02
1.200674839269855534e-02
-1.179513003017013811e-02
5.558972819385054297e-03
2.075867683838081984e-03
1.866559561278022250e-02
-1.309821621180462352e-02
9.897252243074803821e-03
-4.399535781495521498e-03
-7.297989141111774127e-04
1.054733671124636479e-02
1.498085351995676398e-02
-2.715199969564071453e-04
3.695498874458743449e-03
1.465240802927093161e-02
9.915008272696975572e-03
-1.225744651963462523e-02
-2.155904480224930071e-04
2.523032241718733970e-02
1.240360564948909776e-02
5.015919178978572174e-03
1.582201356305123693e-02
7.735130688088885133e-03
3.462615191108009416e-02
-3.028307980866634316e-02
-3.214746507316879574e-03
-5.303653208083108223e-03
3.119202034385585784e-02
-3.865926237536634891e-03
2.666241821861512623e-02
-2.000417429060107749e-03
7.869440997228315665e-03
9.333516044493192151e-03
-5.752490908157241976e-03
1.651602462497099924e-02
-1.568738986325677459e-02
-2.449655935443893068e-02
9.609050347041592569e-03
-3.678666971564692554e-03
-5.923266507508915396e-02
9.074317757123487316e-03
9.525430775646871046e-03
-3.861911424323858592e-03
-6.054950452964114049e-03
-1.855287604037750629e-02
2.228728363243309262e-03
4.960274213567528005e-03
4.075835629841365569e-03
-1.004715215474235798e-02
1.167140962465292378e-02
1.700270489294601270e-02
5.491040679477663354e-03
3.802821675844036964e-02
-1.619445201498730905e-04
1.120225605658408362e-02
-4.565495417407331932e-03
3.560039220089079425e-03
-1.443699725322977051e-02
1.212450494556406924e-02
-1.990675474156228947e-02
-5.550182993411964527e-03
6.544894708779246117e-03
-3.330229640548509722e-03
-1.698096436293993275e-02
-2.150943630500345982e-02
1.324972270116054653e-02
2.994072227831216099e-02
2.891476677851361268e-02
1.571433183913711895e-02
4.276864388132324037e-03
-8.386685484924088357e-03
-1.444258459069215714e-03
7.921198928737743783e-03
-6.009297607959813818e-03
-4.994820436985225424e-03
-1.928601575402753279e-03
1.468788422569962046e-02
-1.005920756267416477e-02
6.787028235600938569e-03
-6.600898521866191762e-03
-1.458688153794012246e-02
4.995279170089213586e-03
-1.959359939064543241e-02
4.688744309977514149e-04
5.330928714615606676e-03
7.493077066310715496e-03
3.371593590127841111e-03
5.813061256744800342e-03
1.894926028738148699e-03
-1.489514633109679555e-02
-1.610258319198325586e-02
-1.260106574940778393e-02
7.559586452569898307e-03
-4.291292953337163055e-03
-1.035308177615507563e-03
3.767418818185510904e-03
-3.232644531254034483e-03
-8.579846908815734984e-05
6.132697541668888884e-03
3.838744575544883464e-02
-1.739226863965016162e-02
-3.166830822594900174e-02
1.139749785330659501e-02
4.021417277922283498e-03
-3.369648884198996833e-03
6.931359167686178095e-03
-1.605548435889385048e-02
-2.636598818878364836e-03
7.016265374781249266e-03
1.573532090186619339e-02
-3.664782747898606436e-03
-8.745033710181267239e-03
2.500038969069156083e-02
2.245942629106759472e-02
-7.292979083247496351e-03
-4.836331580943873006e-03
-1.951462317383618464e-03
-3.465284933389600058e-02
9.446521500012667813e-03
-9.210689670332205745e-03
9.479274130426951564e-03
-9.791449101688904505e-03
-1.718411957413918745e-03
-3.641465074308188055e-03
-2.275535363301383739e-03
-4.228566865931293259e-03
1.371943213682461082e-02
1.063887512498551402e-02
1.030311189236884049e-02
1.468166775485158990e-02
-2.607963676736722684e-03
-5.087996450779643659e-03
-1.494656660914721151e-02
9.416563094990905089e-03
1.335328198394240048e-03
1.580882262867657276e-02
4.319168193582075682e-03
5.528950532403376951e-03
2.855469202834094483e-04
-3.606078058320455210e-03
8.950512450364433992e-03
2.865398870158009786e-02
5.391485838926169533e-03
1.663930524752086065e-03
-5.486407269631756161e-04
-1.473931161971047885e-02
-1.391378165834792832e-02
-4.910184742688598284e-04
4.706077547847050194e-03
-8.832847518837025000e-03
5.817599488390193425e-03
3.242740833645820376e-03
-1.861673273343326593e-02
-4.823220927665846508e-03
-2.738654046238820500e-02
5.070534494025387244e-03
1.178533689574936399e-02
1.455009352704489216e-02
-1.836355303644758661e-03
-5.183279500110740852e-03
-5.938475978038438565e-04
-1.074353804271832406e-02
3.119510521291562252e-03
1.186855458171591840e-02
-9.389460597522403598e-03
-6.935389655088618037e-03
7.231481914504795348e-03
-3.729803514350139154e-03
-8.114440610402333387e-03
-8.706818833241627238e-04
-7.171015069712380384e-04
-2.561077673857070636e-02
1.188213060651722129e-02
2.467985087958918591e-02
-1.175812015451276407e-02
1.585603760670158818e-02
1.559473903417079232e-03
7.528006189309976830e-04
-1.794907295590015064e-02
2.440405029581904639e-02
-3.589634538467390110e-04
-9.766087187869199049e-03
-7.307929740357910729e-03
3.867913119347059746e-03
4.595611880865385288e-03
-1.244788257378994564e-03
6.653894663226867998e-04
3.376569473941798405e-02
9.363752204218481895e-03
2.673685491280498872e-02
-9.472208141502144393e-03
8.978616789868727743e-03
5.028277168433245049e-03
6.995524534004636443e-05
5.592803989430335763e-03
-7.791004502695544724e-03
-1.546347115598660331e-02
2.579658510543803712e-02
-1.484891996436958021e-03
2.242125108573359265e-03
-3.526675396765739569e-03
6.817033285463395230e-03
7.742603229401504548e-03
-3.369915465864736781e-03
1.347511351636419483e-02
4.189898670643036824e-03
-2.387304821360028417e-02
9.664357249214588358e-03
1.208180739704386129e-02
-1.212460638435721230e-02
-5.564400463669962396e-03
-1.268100879551770609e-02
-2.153266526580637982e-02
-4.555395095275437990e-03
1.362642933437410893e-02
3.592235512608427540e-03
2.407362720957795590e-02
7.846664127863422697e-03
-1.251014112506544304e-02
-4.154717476296567770e-03
-8.332622841437060252e-03
-4.592216334096644974e-03
4.928156679828655986e-04
-8.057648554371670685e-03
-2.019936936397045621e-02
5.804481651103274818e-03
8.745559795527910879e-03
-1.023468203123940184e-02
-2.344476143910375135e-02
7.870962626188271818e-03
1.350256345299913861e-03
2.820086469352121178e-02
-5.703745562507596574e-04
1.325031121454714640e-02
-1.128949929130952309e-02
-1.463166745271188285e-02
-2.474892636570420398e-02
-2.096735863086168251e-03
1.093796822851536218e-02
-5.287711931517529405e-03
8.217325572026989294e-03
1.653446388651449300e-02
1.817350538484701836e-02
-7.860318568887273913e-03
6.948775606263739649e-03
-7.679668198906431861e-03
4.243621105646932547e-03
-2.503887749776446546e-04
-1.491131805552214397e-02
-5.115144285556184238e-04
-2.566261518888787035e-02
8.389317818373358965e-03
4.726827260095683991e-03
2.849571075296910769e-02
-2.578216907638034711e-02
-4.163550790494303933e-03
-1.270574712831438850e-02
1.737064613288485937e-02
-1.338544051515879775e-02
-1.748120457980336306e-03
7.424101273818259523e-03
1.465440166613398223e-02
4.095001202069766325e-03
-1.730309091115192835e-03
6.418190665492312132e-03
-2.245502576216362386e-02
-3.751276320638326656e-03
1.678325233491410884e-02
-1.487137475188268255e-02
-3.502670433482205775e-02
-1.688886948004950789e-02
-1.368523545896511290e-02
-1.705680585032164423e-02
1.912540482165897560e-02
-2.738895685521389092e-03
1.276502636639070647e-02
-1.016816622951072918e-02
5.018959299302384013e-03
-9.318396996644408986e-03
8.943000801580929665e-03
-2.466118150411614196e-02
9.612013829674035184e-03
5.836145530170621862e-03
-1.189329285022645323e-02
-2.030163723560619513e-02
-1.394067688304708591e-02
3.901845911106868476e-03
-3.257785788290102486e-02
-2.012921364890402770e-02
-5.643557022197275702e-03
6.671768181562043841e-03
-2.025060050271420761e-02
-7.914500507695269166e-03
1.052121265124744687e-02
-8.455766926851676982e-03
1.771859133655473775e-02
3.341547026574876139e-04
-6.194579089207983419e-03
-7.829897040314014872e-03
-1.141047607465097216e-02
2.405836389223259958e-02
2.322116638380154752e-02
2.575937572168440597e-03
-1.274145462642746994e-02
-6.008081661226591895e-03
1.346778364000404335e-02
-7.426183893278853060e-03
8.656026400149931244e-03
1.802529092119421403e-02
2.426098291165882520e-02
4.972856719999792750e-03
-6.780549592468177247e-03
1.733150835107764853e-02
-1.188592304537359513e-02
-8.082163503830079934e-03
4.987879083180998298e-03
1.135857472808005086e-02
2.257678280344263544e-02
-4.838841068558846943e-03
4.735742025071951709e-03
-2.933230974516258267e-03
-1.410568877049142578e-02
8.067569218067937101e-03
-1.716423001738840576e-02
8.175837979639253433e-03
3.026084061967903964e-03
-5.372928113927344894e-03
-3.164821775103485689e-03
-3.120424875160681018e-03
1.978545931449270795e-02
1.197101862118463318e-02
-1.638171322688673423e-02
-5.630791978383810174e-03
-1.997630634515020463e-04
8.719006251048131567e-03
-2.514542786218838116e-03
9.976009383585979912e-03
8.500204566179343779e-03
8.597583705769431400e-03
-3.490536606358830146e-03
2.370808773291533528e-03
3.370747499058197871e-02
-6.954363214009879994e-03
5.520136332537438698e-03
2.630279497561147095e-02
-1.041095920426088513e-02
7.739977292099422222e-03
9.672126996973930786e-04
1.121578159988971361e-02
-4.134307372746556103e-03
4.359279686987051206e-03
2.842448850688029591e-02
5.725537704918908996e-03
1.398047395474773594e-02
-1.582782732709292787e-03
-7.570621621319969900e-03
-4.084649092276274984e-05
2.323505811558362541e-02
-7.927187456733424120e-03
-6.028148242601434267e-03
3.092213912412389298e-02
-4.402052809981223634e-03
-1.341183042387487576e-02
-4.234346453479372052e-03
-1.967252078381540384e-02
1.348229541645099006e-02
-3.045558600404389346e-02
-8.042787611383252211e-03
-9.327341477122583907e-03
-6.913170474457955295e-03
1.375284077288291620e-02
-1.068460976763505391e-02
-1.189506556984569995e-02
-3.094825260593593586e-02
-3.618186684796306698e-03
1.548805921462203736e-02
7.720867334838865149e-03
-3.113079072368346058e-03
-6.327526505652263968e-03
1.313119995131322793e-03
8.137409135114096956e-03
1.407583953869576653e-02
-4.328153180045504062e-03
1.461727785046421091e-02
1.306250404430753763e-03
-3.208525208231474430e-03
1.288696012543663269e-02
-4.606849131302872755e-03
2.862852697024632713e-04
-1.686312656358266489e-03
-6.607246430496890519e-03
-5.124959841752179356e-03
8.454003370318607241e-03
6.024908565529975106e-03
-1.095568831824430232e-02
9.963163202355178327e-03
-1.008156810968264747e-02
4.387872286291043950e-03
-4.691027187534065925e-03
1.425973233995969647e-02
-2.018773927294855233e-03
1.114009622043586958e-02
-9.577362966110300121e-03
-4.359956602479592158e-03
1.784390606261906931e-02
1.194739245598231206e-02
3.702855094499410415e-02
1.842132041262670855e-02
5.957713815130522873e-03
-1.776696616526674682e-02
-1.320825674664195815e-02
1.640385880102475933e-05
-1.723520730456434835e-02
-9.206936815658388687e-03
-8.199637688535052829e-03
2.103767677466377578e-03
-2.268158914046051675e-02
1.773245914297237255e-02
1.900823625497634339e-02
4.317043199362062024e-03
1.376105181244047584e-02
7.961839730307463878e-03
1.578552134415065963e-02
1.037519188315546431e-02
-4.850123339959267789e-03
-1.438375343144502293e-02
5.890561536098311464e-03
4.063444619472485718e-03
-3.414356195831034450e-03
-8.013308330957929701e-03
-1.600356220119310974e-02
1.731471150127423132e-03
2.397020045819656803e-02
2.412063808213863944e-02
1.692387506499735267e-02
-6.903207300909043088e-03
-1.863749453887779406e-02
-1.403126362966610439e-02
9.271653321895148916e-03
-8.009030890361831453e-03
-1.222775519000172430e-02
1.412845503850852953e-02
-9.769982288142717991e-03
1.826650334572458775e-02
-1.162743831795576450e-02
4.769966393602578965e-03
1.472648152931703598e-02
-3.014331065623981811e-03
-7.334707297923002229e-04
2.860905417958401462e-04
8.632423358131243590e-03
-2.068747450418217254e-02
2.148455263197471612e-02
1.625408879276821900e-02
7.375282415266653027e-03
3.153949538138826197e-02
-4.362454736876669910e-03
-5.023491774280481464e-03
1.872985647000015297e-02
1.574540508277325404e-02
-2.438867929008108060e-02
1.481730231503946768e-02
-1.021258956088931698e-02
-9.499145402656927403e-03
-6.661752004534858551e-03
-1.953216720574853585e-02
8.750701069560390052e-03
-5.288346392404555223e-03
2.493032790818617075e-02
-2.296186870397958976e-02
-1.379703449339285751e-02
-1.727036523251644293e-02
2.083721393676232075e-02
-1.284378717259640479e-02
1.558583058245804377e-02
6.567788740934777693e-03
-1.554215252820638493e-02
4.086879650501046876e-04
-2.691006553086752046e-02
1.634351238655423755e-02
1.557057687090232512e-03
1.503092114145511589e-02
-3.104128893457562110e-03
-1.408350677958019118e-02
-2.368222194213039783e-02
1.477154443282139434e-02
-1.960677995974824395e-02
-3.397166747768536402e-03
2.201442604612231877e-03
6.249512217921285653e-03
1.911915300065097694e-03
-1.260453558266613934e-02
7.466294545800668606e-03
-7.523898328387264647e-03
-2.608155861219309431e-03
-1.531177777538431789e-02
3.182793426009922905e-02
-3.057604079671403380e-03
-1.453539574667040736e-02
3.763690986343006493e-03
-4.856935143432586713e-03
-1.127452356610015530e-03
-1.977300113332304023e-03
-9.766749002547982575e-03
2.525673818138507551e-04
-3.490906409149844430e-02
-1.825219586044165773e-03
3.235340124097828111e-03
2.580513928325953426e-03
1.708445883102636606e-02
1.241003429758257177e-02
-1.515481659909266240e-02
1.892786039491092809e-02
-1.359595571647807875e-04
-1.734167576754222853e-02
-6.248253829121589798e-04
1.670441231318529202e-02
-2.044647526863985210e-02
3.674554860010784824e-02
-7.473843314893977192e-03
6.086303727744115342e-03
-2.400822787741392628e-02
2.384991432586368310e-02
1.331574585021075285e-02
4.056628959931558864e-02
-1.473373984679058821e-02
1.625603297347492319e-03
-1.532417934954567913e-02
-2.943062134802881466e-02
9.911467824500337989e-03
-1.155369751029499716e-02
2.450291389905305071e-06
-1.352474734666509956e-02
-1.368407381964066409e-02
-7.604519905164928810e-03
-5.488785908242863228e-03
-1.214725573941582981e-02
-1.994825954926419259e-02
5.154935059974350385e-03
-1.689258584959206738e-04
-2.748532756523964019e-02
-6.895287541059874799e-03
1.036858586331179319e-02
-3.567364372967082864e-02
-4.065250590301707108e-03
8.263084818729832595e-03
-8.732925290607953389e-03
-4.810262406730344761e-03
2.072660289326838309e-02
4.364173927616719385e-03
-5.762474568943435835e-03
-1.108750819688148793e-02
7.453100024973231645e-03
-5.173450231504028024e-02
-1.129979920810053259e-02
-2.803947741889318071e-02
4.579326114826365313e-03
2.830975477718581518e-02
-1.055863610559116920e-02
8.911588445492293897e-03
-1.193555267182117192e-02
5.589469887234999566e-03
7.187469855628258499e-03
9.641759239084548780e-03
1.286909557521206081e-02
-1.251861370525100305e-02
-2.392354320224225964e-02
2.266404530788037816e-02
6.327047238731970530e-03
-2.215306357860166719e-02
-8.597724324229732637e-03
-5.211495765010517624e-03
-2.058142346571807321e-02
-4.880204625295730958e-03
-6.848127677608818091e-04
5.850250093715566972e-03
-1.163369868725213328e-03
1.065549913056293603e-02
-1.141247013593596656e-02
1.269897532355869496e-02
-1.818723512081026061e-02
-1.840660496102880170e-02
-1.251934107030895291e-02
-1.475155414144532079e-02
-7.871002913998124788e-04
3.125428358872405724e-03
3.675116885197796807e-02
5.804231801492272698e-03
-1.222007033438084547e-02
1.058569312243269785e-02
1.039080562219761410e-02
-3.148442010057273151e-03
1.036025079750491594e-02
-3.476073810778423662e-03
-9.770276834706260322e-03
-1.007338716710578369e-02
-2.042399993012208783e-03
-1.359670688596301309e-02
5.157338126658819744e-03
-3.541640562576513131e-03
1.485443523687794221e-03
-9.500349732373403189e-03
-2.622155900945853223e-03
-4.540582852085317707e-03
2.907555100645611151e-02
-7.824064466463928613e-03
3.062376532182149811e-03
-4.958234354366992946e-03
-3.167844128005421755e-03
-3.454707000831863119e-04
-1.701563809546432614e-03
