-9.511554530583790634e-03
-1.179707580517680779e-02
-6.844721594663452820e-03
1.645344785117052594e-02
3.293368473763675502e-03
9.295569656994783284e-03
-9.971393699108566447e-03
1.306338307138297725e-02
8.418497155351596650e-03
2.111915259196084360e-02
1.072178175274798341e-02
5.870255039268497746e-03
-9.279645648046876139e-03
1.700762217442410365e-02
-1.395912069252831442e-02
1.213592075106271692e-02
1.218219715175588224e-03
-1.846452942481881937e-02
1.656458178244323010e-02
-7.413752294457062048e-03
-1.154562179366434155e-02
1.769271922257556820e-02
-2.132578016958449826e-02
-1.735439924870785591e-02
-4.920192373454093486e-03
9.015809775137483342e-03
-1.212326802849613035e-02
-2.478096462001805680e-02
-7.505799257786239034e-03
-4.438727126325802200e-03
1.333142606192933878e-02
-8.320831300560821778e-03
-4.988388006690344309e-03
2.214004110449264637e-02
2.032069825425870946e-02
3.303676751516976002e-03
1.101728970133667405e-02
-1.024440697157143199e-02
-3.577689540706939508e-02
-4.128451904170284646e-03
-8.835270487127381070e-03
-6.081508295773728652e-03
6.959439272124804884e-03
-1.404256854023250983e-02
-2.212120043640894082e-02
-6.446648303508325378e-03
1.685433615348291489e-02
7.351346718070817139e-03
-7.778380788776551556e-03
-1.659767570653068736e-02
-7.119803156306860753e-03
-9.030573285277622778e-03
6.216459462160543910e-03
2.559400121132879638e-02
6.414095090401914986e-03
-3.560716417697476228e-03
6.718193015447601439e-03
6.771663717403675342e-03
-9.051473156469175274e-03
-4.680078215600906762e-03
4.095093431305623873e-04
-8.759639301988302040e-03
-9.916234438723092043e-03
1.362128891174552679e-02
2.224609423836118940e-02
-3.150292779003623783e-02
-1.593145693893909150e-03
1.131066219777000781e-02
-1.876448895371980383e-02
2.571334401143825568e-02
-2.011988116188350231e-02
-2.099983904940849397e-03
-2.723376218779819183e-02
-1.142704735342900055e-02
6.456145276732649756e-03
1.169943069460879087e-02
4.719323804335069997e-03
7.750927786971902912e-03
4.297116520850800987e-03
1.582816588261645036e-03
-8.584052983692531946e-03
-1.891830519995818700e-03
-2.118254230413079559e-02
-1.636383770043430214e-03
-6.506307840829814865e-03
9.854537998541528995e-03
-4.671334935219102757e-03
-1.089038422406195944e-02
5.219071693042123296e-03
1.290011888582826872e-02
-1.845022100122290648e-02
-1.017711500789503058e-02
-1.982120502594372086e-02
-1.310173168812590015e-02
4.232219670616398956e-03
-1.475779666217625144e-02
4.767601469397736609e-03
3.223062038811273702e-03
-1.831292765750501626e-04
-3.785191705312745090e-03
5.065261582550014026e-03
-1.221743075697760000e-02
2.853101999942438995e-03
-6.799269148807711091e-03
1.255742582052538428e-02
1.005017513517973346e-02
-2.200966557184459715e-02
1.429611029214598525e-03
-5.832526073223902839e-03
-7.718748124165653555e-03
4.590841953186005839e-03
-1.743014958139699200e-02
1.103132137178238631e-02
-1.736002790043787367e-02
8.688651102863931275e-03
2.507690099218488552e-02
1.574897196656399080e-03
2.598546715304400536e-03
6.263126656510385921e-03
1.540741947086055920e-02
-2.098671029974552918e-02
1.624027220677509709e-02
-1.123545065588601663e-02
2.678120400470906243e-02
-1.195329499600851324e-02
-1.244035494043164124e-02
6.637821131255263948e-03
-1.146525311534115146e-02
1.701340433032632292e-03
-1.608659755972304331e-02
-2.465630527070477446e-03
-5.475261523976735628e-03
-1.490120671708107698e-03
5.055019590060473578e-03
-3.967673781154575779e-02
3.949516595276502708e-03
2.210897526112763981e-02
1.376886907679322931e-02
-1.751194267411826215e-04
3.873194910194391327e-02
-4.561742569800968268e-03
2.105977376481957264e-02
-1.390865206968129250e-02
3.252028374625617110e-03
5.653186505258653641e-03
-6.331970975105549390e-03
2.970750471482781763e-02
-1.648248019502424055e-02
-8.103999861322834855e-03
-8.327977962771595383e-03
-1.424799473206953253e-03
-1.522398976586430280e-02
1.673648614935950921e-02
3.674024488776512359e-02
-2.036445267002004662e-04
1.006297311704648818e-02
6.735356617198914007e-04
-4.472180178288555873e-03
2.112899047951970546e-02
-2.452352711603595361e-06
7.321560003144615171e-03
4.092337877003555252e-02
5.276873614091023325e-03
1.100262361320440463e-04
-4.813756022762861672e-03
-9.534740124259769023e-03
3.508802455856653850e-04
2.592323252148814178e-02
2.224615164922878405e-03
1.421776800463731005e-02
-1.394669764518024699e-03
-3.256343372412401349e-02
-2.971898401732347202e-03
1.805568536398100346e-02
1.863233109764404066e-02
9.573244791302909550e-04
-1.274760880704464694e-02
-1.508081540278314453e-02
2.942313184761990649e-03
6.668738822117561971e-03
7.673809248414960663e-03
-4.090645802796549248e-03
-3.980316238000878790e-03
-6.088431635676861894e-03
-1.873654851066732917e-03
-1.924332131623660361e-02
1.371727008430211059e-02
4.697580777623281550e-03
-5.670798132648818476e-03
-1.317629429613231340e-03
-2.494270445383526408e-02
5.601018965924980768e-03
-1.403749880893312256e-02
1.781116983760065286e-03
-1.953829571796832087e-02
1.677922855310819833e-02
4.913264382482937336e-03
3.919361921061584320e-03
2.722920914853914701e-02
3.225834730931151882e-03
-1.277346979980401379e-02
-1.570695229524710773e-02
1.394962117386729789e-02
4.521447855375923303e-05
8.913549950226588164e-03
-6.713736965301542571e-04
5.124620620018657813e-03
-2.201276148154238717e-03
-1.156841762173810642e-02
-9.342050194515652748e-06
-5.198693929322095730e-03
-6.299928982822554022e-03
6.130600499445787617e-03
-1.069535140638830893e-02
5.224946259529414730e-03
4.027592587156777169e-03
7.689860615396065455e-03
-1.420718457662150346e-02
1.292920227021764068e-02
6.310680227741885182e-03
1.971767613515574072e-02
-4.059577257658510824e-03
-2.081955594877733101e-02
-1.161977847447747889e-02
1.357007869828519980e-02
1.488349826927717542e-02
-1.150767995269275784e-02
-1.776517427594693837e-03
1.360288206814765782e-02
1.906075118442317889e-02
1.054025165185980620e-02
-1.349658061988219700e-02
1.309257581287491708e-02
-1.338949599273295092e-02
-1.501505901231649752e-02
8.558092850701025031e-03
7.423928993369390862e-03
6.333505761130184611e-03
9.927259497607447344e-03
2.604454219963486805e-02
1.026917284372106005e-02
5.259533520510142196e-03
-1.091005431684725392e-02
5.200776548813354841e-03
-1.167629063529553035e-02
8.690541439837861856e-03
-8.303660496110228453e-03
-1.048844166025629694e-02
-2.125323527331943185e-02
-2.020036778114788281e-02
-1.648283028870602129e-02
4.802494294146025279e-03
-6.276231436674242076e-03
-1.057335984767935472e-02
6.410369644661169028e-03
-7.317161316225555268e-03
1.567469633317550640e-02
-1.204788305637939476e-02
1.425906534524276972e-02
7.237557757658086809e-03
-1.105600898998321605e-02
6.162085689389022085e-04
-1.579270423336215715e-02
5.012928211728629249e-03
-2.759490698829354920e-03
-1.562004028872322238e-02
4.754088057188811910e-03
6.133174706520825269e-03
7.103217246426405534e-03
-1.213359198645978104e-02
-1.499486573266134264e-02
3.935969129683808930e-03
-4.826769962334421203e-03
-1.406446422894542039e-02
1.069862440001910844e-02
8.927598177771967417e-03
4.280704203615783498e-04
4.019845712741683570e-03
1.468497756328229764e-02
8.922648038353041267e-03
3.104035941212771738e-02
3.924005421017563201e-03
-1.229051117572000848e-02
3.753632715798681089e-04
3.234814992266774308e-03
-6.492458765775213636e-03
-1.553646729674077126e-03
-1.459222233577372498e-02
-8.887168603987775570e-03
2.130596664828267317e-03
1.987930739088639154e-02
4.552334392208159941e-03
5.889177102457592537e-03
2.212268578352832513e-02
2.262245431749781294e-02
-8.390581240791571832e-03
1.434525349119909277e-03
-1.996121965449321883e-02
-2.529852764363506312e-02
-1.611474788019605017e-02
1.054897340480674206e-03
-1.537341178184587810e-04
-1.588750853021834303e-02
-8.912145153630370367e-03
1.451930510821908271e-02
-7.608597144341626688e-04
1.649307413986549758e-02
6.771285513656552339e-03
8.708294216200108268e-03
1.499368871415102979e-02
-2.072669068887079968e-02
-1.190656152384052258e-02
2.025782145270136475e-02
-5.798170994099662023e-03
1.156430596804519130e-02
6.431238965723500012e-03
1.270876829212642771e-02
1.104665456650575674e-02
-1.126374639352571184e-02
-6.069197404409424484e-03
-1.608879370235214920e-02
1.434219694967801481e-02
-3.574608570297094657e-03
2.610424120435993287e-03
2.437535183545620071e-02
-1.709451738591494675e-03
1.702148931315696292e-02
1.959822351048010492e-03
-3.038146612474657178e-03
-2.027992408823689821e-02
1.377928314326143724e-02
-3.090966747501295089e-02
2.160831202817033517e-02
3.747621950266194317e-03
2.652891282691831418e-03
2.666891300532969050e-02
-2.567190478225332695e-02
1.214837963978561593e-02
9.297452773154336880e-03
9.272710002677515525e-04
-3.027492880351990295e-02
1.384407303786836766e-04
-2.115777943771498127e-03
1.525437586719664840e-02
1.207113822478417253e-02
-1.425276698866655666e-02
-5.617501000507559711e-03
1.678556367535999697e-02
-2.170661456137846189e-03
-2.424450544038048161e-02
-1.243682518392807620e-02
-1.639976317790088275e-02
4.111726484839597733e-03
1.780375290852758211e-02
-1.173173824206488053e-02
-1.086664602613476860e-02
1.119103207569776930e-02
8.160208003537913410e-03
1.678996318583576841e-02
2.689627250075093002e-03
-9.559029154488795157e-03
1.601102702188865121e-02
1.949416646699196273e-02
-1.065572425562372107e-03
1.962998055191254171e-02
-4.423129710575309241e-04
-9.087252074192439175e-03
-1.574393739297214045e-02
1.479836540650600156e-02
-1.185350014123222155e-02
-3.161236224088851202e-03
-6.919225716739414549e-03
-8.421228392756767434e-03
1.379803636885581358e-02
-1.373616956664790861e-02
-1.079980580885109807e-02
-1.587851525066157413e-02
1.252578945981327498e-02
9.226663481651015478e-03
-6.292115207736192865e-03
-2.047814658142343980e-02
2.805893002501660179e-03
6.149084902084460923e-03
-6.121534375150144980e-03
1.951459173071091969e-03
-2.134824061813388185e-03
-1.290716037582957144e-02
8.339177924035276815e-03
1.357379827691716952e-02
1.053164139082081669e-03
-1.062953102309154019e-02
-8.254915852079934210e-03
1.803668093312100346e-02
-9.528741179165665237e-03
-1.757436970900486464e-02
-4.185102900002352273e-04
1.361769953143198222e-02
6.008331141975520318e-03
-5.282884352471644597e-03
1.253223540081124625e-02
6.868895709300050847e-03
1.362462447781856347e-03
-9.516865018378064048e-03
2.738756493757537810e-02
-6.026446690907537318e-03
1.653303708070307659e-02
7.107629471532342542e-03
2.455775636812061735e-03
-9.670635497894144658e-03
-2.206705982872485261e-02
-6.210692213386724385e-03
2.309832594443680855e-03
1.625724637805053829e-02
-3.734177067518319737e-02
8.165270182396001594e-03
9.364276384747363680e-03
-5.946510263926578846e-03
-1.760766415622606884e-02
-1.538524032902750110e-02
-8.600662802065152379e-03
-9.602668694757298534e-03
-3.481710973676650778e-02
-5.267018489785381570e-03
7.874144617928619319e-03
3.318475061902822262e-03
-2.049637481329126543e-02
-1.202684205266101557e-02
-7.260849004563751929e-03
1.707919094905926624e-02
9.394348436706290769e-04
-1.815054138704632822e-02
1.531758483362689102e-03
-9.575759428151675232e-03
-4.654277066792483070e-03
-5.127432362002725882e-03
-4.483698848906321477e-03
-1.396039341910968769e-02
-7.492324553108963003e-03
-4.691051227849826581e-03
6.271301522320492806e-04
4.470459090511151937e-03
1.307469724498122945e-02
1.086176433145908705e-02
1.628337603451385923e-02
-5.222037182530486071e-03
2.185865945708582840e-04
-8.570064353146007730e-03
9.166618285447659942e-03
-8.876691714801458397e-03
6.475850754320919972e-03
-9.359322486729991161e-03
6.382899445272725847e-03
-5.595808136476789797e-03
-1.345705441673283008e-02
2.017271915715559971e-03
8.105281403406024501e-03
-9.344548614882821139e-03
-1.181455870255778383e-02
-1.709614582679775882e-02
-1.932998101006994009e-03
-1.409838827136703117e-02
-4.289837765841760138e-03
-2.058587783160818752e-02
-1.088133681734028760e-02
-1.335352656211455033e-02
-1.216171122627040212e-02
-1.296124724572484972e-03
1.037026388586313394e-02
1.031422756870150823e-02
-1.625457134517535856e-03
-5.783371877742278858e-03
8.156957419961754011e-03
1.668175760114035773e-03
1.656319677123599876e-03
1.988264418190881233e-02
1.393374087419560481e-02
-2.556433121164682770e-02
1.064875829833342342e-02
1.512799428586845095e-02
-6.509368175359889555e-04
1.243040249527866022e-02
6.541615392880423100e-05
-1.333420329410077432e-03
-3.080662958114322933e-02
3.540877058895774542e-03
1.795009528913846589e-02
-2.269922780892318775e-02
2.859452144406498739e-02
1.831370645339998326e-02
-3.847842750158856229e-03
-1.620599283968417875e-02
7.737963969338786802e-03
1.441815706197511864e-02
-2.130109032444775854e-03
3.436246650471447284e-02
7.223365222868590590e-03
-1.242634810741690896e-02
-1.894124269168603186e-02
9.671169016245852830e-04
1.722852558834334427e-02
-1.239977418080482133e-02
3.591301705841873099e-03
-1.506239936924511601e-02
-1.978524485833051128e-02
4.672555470265736186e-03
-3.983497487103119898e-03
8.755800926892058980e-03
1.733806560843917030e-02
3.487109623875978611e-03
6.716069506843820244e-03
7.231007753532906444e-03
-6.744668891012361653e-03
-2.222543652195865110e-02
3.144456800640216959e-02
-9.263384929396400276e-04
8.429761405097623006e-03
-2.263771279439166784e-02
4.110584293088240769e-03
1.130608945010016901e-02
7.850652041374316147e-04
1.062644817817620831e-02
3.116497847154416426e-02
-7.072194888565938239e-03
2.519762353955068424e-02
-6.525857315407086225e-03
-4.768366334519568740e-03
-4.686677368488912331e-03
6.233025145496503411e-03
1.630962546359592327e-02
1.450283012963791106e-02
1.995743989997656939e-02
1.652900058110309475e-02
-4.741308728811424907e-03
-1.297997288766494089e-02
1.975196264349666359e-02
2.593822993837278934e-03
3.909748711990290834e-04
-2.597229033090265454e-02
2.138967924541001694e-02
7.355299529422995933e-03
-4.263634823990822276e-03
-1.113489152357388656e-02
3.968740862659685988e-03
-4.997238385745615338e-03
1.407709682790720188e-02
-2.313679899603963627e-02
6.847017705470010047e-03
-1.829836698923508961e-02
1.581972910251806461e-02
-3.044084289766023355e-02
-1.756245228760384622e-02
1.859431368907334126e-02
-1.292659358429708912e-03
-2.044350997217607088e-02
9.799002551406641934e-03
2.486796900316490949e-03
-3.337066653866850065e-03
-1.365498950502187087e-03
-4.916963120908274601e-03
4.444385482541093370e-03
1.352585600301668516e-02
8.147440850331583509e-03
1.924915205407087132e-02
-3.400601293595780644e-02
-2.402448943015234040e-02
2.312571257549847839e-02
-1.230895847223089853e-02
1.815886779327251926e-02
-9.675254991424313625e-03
-6.209846183074759982e-03
-1.067128288399504278e-02
9.828223896205431562e-03
2.237634114520237888e-02
1.959339550488307241e-02
3.924801551384335396e-02
-6.075740106546671272e-03
-5.598872560524610631e-03
4.228891280867674851e-03
5.770705365504946727e-03
-3.037578793578853478e-02
1.259874986897553499e-02
7.840593638380081304e-03
-3.838531946033259170e-03
6.257310492187687610e-03
3.013461812778175323e-03
-1.058108253564552133e-02
2.181476382004739548e-02
2.062855594680345489e-02
2.102908544090716786e-02
1.260239776632274093e-02
1.890846438594084161e-02
6.453789301087150578e-03
1.472714590050664372e-02
1.188537901669087411e-02
1.292092000545805308e-02
2.386315065779992875e-02
-4.581465616395842197e-03
-3.796728028283894840e-03
1.363237892937543827e-02
1.361415887345744126e-02
-6.777664326344331851e-03
8.285415597135938753e-03
-3.526319704183615913e-03
2.454813018418748756e-04
-1.922634742236286427e-03
2.094382702954400433e-02
-3.027887135578985044e-03
8.204061991254568351e-03
1.687742248251481239e-02
7.304012708525644756e-03
-1.514195661180836941e-02
-9.030393081248734577e-03
6.781231202040422998e-03
2.092538977566898994e-02
1.736878858731201111e-02
8.992562269910544387e-03
1.239638192277555577e-03
-1.165478248909749236e-02
-1.165803873876672392e-02
2.954071601444524173e-02
-8.780736080060644669e-03
-2.885365361091519944e-03
-6.280659810170031174e-04
1.734054802850684002e-02
-2.248795321593236723e-02
-7.979454621744661372e-03
-1.240174475979870239e-02
9.707601961882007585e-04
-9.562529051862568227e-03
1.931738345425436376e-02
-1.616207380349780551e-02
-1.528549794175022153e-02
-5.457875780786741737e-03
-1.967771384713765126e-04
1.268715466415953549e-02
5.935809003174081014e-03
-1.537430932462696513e-02
1.682734876750902053e-02
1.069650781105218164e-03
-8.185055076088139370e-03
-1.108422055159103727e-02
1.329463290670326002e-02
1.069016304866874517e-02
-6.271246408391342730e-03
1.582670412471528024e-02
-4.492257840681230727e-03
2.196351776027862662e-02
1.403344676118490654e-02
8.701609818977627808e-03
-2.300914331962111703e-02
-1.651948264225385626e-02
5.013353849634258688e-03
3.524403139097044384e-03
1.365912051152886816e-02
3.992911114094357256e-03
-8.681097887214655725e-04
2.045129918234543653e-02
1.807798116059268836e-02
6.408145487742945498e-03
1.372032752718357830e-04
-1.142376815727720943e-02
-2.562734070029344842e-03
-1.499985069328217116e-03
1.469864445713309122e-04
-1.236103695041921614e-02
9.788441988383814185e-03
-1.456876365158452091e-02
7.318743728084750426e-03
8.680096396158256799e-04
-1.169161057351437299e-02
-1.596059424947007420e-03
5.728724608380400887e-03
3.967649460490667995e-02
4.046694582892031503e-03
-3.973564658231906223e-03
-6.845214556736831405e-04
-4.457237129696438012e-04
-2.766199227455859444e-02
1.459068156825096656e-02
1.609698973023538857e-02
2.612248863321935816e-03
-1.132847335547812126e-02
5.375755508253354624e-03
-1.821278495777077511e-02
-1.791531806330112775e-02
-6.911141893698602955e-03
8.603877809208085314e-03
1.472546281703815798e-04
1.160145145742850700e-02
-6.962659799033821262e-03
6.094970125705698356e-03
7.460981049996395417e-05
3.638490751741453675e-03
4.109639785212605874e-03
7.199577931168348564e-03
-2.282302505566017811e-02
-3.845016725434897194e-03
-7.727559877251525058e-03
-1.515908316562622309e-02
4.217800306410349198e-03
-1.186430548873161975e-02
2.042535170693918906e-02
-3.501680825384038097e-03
-3.845689399433383296e-03
7.133576800287418779e-03
-1.633750453294276553e-02
1.177270623288180842e-02
9.904670172409461675e-04
1.394596088365995454e-02
3.142618192066168326e-03
-6.921345060564610373e-03
9.592621565507936446e-03
-1.001193146939782655e-03
1.395742078278781190e-03
6.124168379438930075e-03
2.520951589694668104e-03
-1.201363289408835695e-02
7.482973630119267062e-03
7.437639690580223444e-03
-4.872116306573843689e-03
-2.339500037228260318e-02
-2.031187486421174790e-02
2.326897654206692978e-02
7.351892608283905513e-03
-1.717749718943623397e-02
-3.966614409263601558e-03
1.643353172059565728e-02
2.202810872063866844e-04
1.910942915715507437e-02
1.295896680664899298e-02
3.895922843263892755e-03
-1.632189680416908290e-04
4.732108806453856446e-03
2.514464922420662357e-02
1.471123352991246698e-02
1.339358014990099308e-02
-1.710595438907424465e-02
-9.009362964829625842e-03
-1.996965112235168233e-02
-5.588091536779447172e-03
-2.782687536147282112e-04
2.931576059231042267e-02
1.797186044065719052e-02
1.041256042584660577e-02
-5.195080245997692192e-03
-7.893641288910718335e-04
1.823270893687056401e-02
2.984771141252737583e-03
-3.362252045961299906e-03
-1.134105839607074326e-02
-1.277605088967497839e-02
4.131705058118743598e-03
1.304082630175821753e-02
1.109517467664267003e-02
2.467355592806635012e-03
5.231956111799192580e-03
-7.939646094900785003e-03
2.498931213962181722e-02
6.888563332051188086e-03
1.186567628651996782e-02
-4.212091782731291513e-03
-6.927310718684966465e-03
-6.798736180082780170e-04
-1.264163806163165309e-02
1.580349718206264242e-02
1.212582100728859004e-02
-2.156791414597101358e-03
-2.026723351365219278e-02
-3.931562758338990118e-03
-7.224065710363435609e-03
-1.675541099060920761e-02
-1.259729741718654435e-02
7.795980230383344443e-03
2.280892122485213887e-03
-8.006807799535389401e-04
3.386516793752113088e-03
8.797065988863426653e-03
-2.293411308536881868e-02
1.657786322837114662e-02
2.241496482755399658e-02
-2.102896685730544155e-02
-4.985639053352001679e-03
6.110560487579130839e-03
-9.771429836627404386e-03
7.590325546286779031e-03
-2.128227458846712952e-02
8.813773871787482922e-03
-8.431959372330424460e-03
-3.043584549625891027e-03
8.730254247169911067e-03
-7.565526060379303488e-03
8.154845763690732848e-06
4.287721221010343253e-03
-1.171695029100956395e-02
-4.114387701897160785e-03
1.434296232311067613e-02
-1.878343117339402804e-02
-7.430760845920191329e-03
1.336968693137178090e-03
2.819324813567513494e-02
2.920622305969326152e-03
9.067640018254184697e-03
4.773555467933438164e-03
-1.183091665677310673e-02
2.436776062208186738e-02
-8.710568813357473517e-03
-2.197235586662101784e-03
-3.545348540780669626e-03
1.797123846848437678e-02
-1.007188531514939187e-02
3.342934212903140960e-03
1.312178835272989966e-02
-8.884525982265202224e-03
-1.322689408293944990e-02
-1.545372795543394247e-02
1.894648501502090368e-02
1.901935364927490046e-02
-2.571041899748240447e-02
-2.515132019229833135e-02
-1.849586753969170369e-02
-8.902116255145161791e-03
6.677900435519279129e-03
8.899270537155288055e-03
-3.848664558117367764e-03
7.812899287340002372e-03
2.705347577651224470e-03
8.376376764229023428e-03
1.791516426157307301e-03
-7.849248240971717916e-03
-6.012379047774019970e-03
-2.671845059831901015e-02
-7.163092210598891001e-03
1.835240637287016696e-02
-4.518363259609426037e-03
-1.706834647385419013e-02
3.388846055246122826e-03
4.980386657912025915e-03
1.669211123473173311e-02
-3.073442790938638817e-03
3.697246412055101364e-03
1.104953411024675765e-02
-6.188983328839800339e-04
9.962260365034973295e-03
1.271283484586247133e-02
2.427358186979876667e-02
-6.173650139180996733e-05
-3.889482145270641532e-04
-3.149867116797310743e-03
5.623363438041244916e-03
-2.300753274051861065e-03
-1.676281936313999896e-02
1.317879590045770329e-02
-1.231407766286797545e-02
-1.154334318248793120e-03
-1.214400000888110794e-02
-1.835641438026024141e-02
8.443903317816922952e-03
1.668957021471959012e-02
-8.161329782567602886e-03
3.849656819573013099e-03
-1.510608731600445939e-02
-3.453492360322359903e-03
1.426602559570169619e-03
2.739157712476743278e-03
-2.816097638694216310e-02
7.002526781173401375e-03
-3.680621154801800438e-02
-3.459968222663021165e-03
8.656347374279451182e-03
-2.268050451968890453e-03
2.339064368295925081e-02
3.079301857463230194e-02
-1.297621078488996396e-02
2.820763226799181608e-02
-2.572502348955208427e-03
4.578401429002106580e-03
3.224074669408078832e-03
2.216699798323649301e-02
4.510023274630830387e-03
-3.342128227498483792e-03
-4.360512790708553736e-03
7.415390634878860424e-03
-3.295442272074398937e-02
-5.864995132351696026e-03
-2.780661202226466285e-03
2.632941718647048915e-02
1.294713673364901799e-02
1.374733460438557625e-02
9.648943481619404183e-03
-3.310128191887980621e-03
-1.377035577270624249e-02
-2.877954411017670869e-02
2.283822909816731958e-02
9.706257017666381631e-03
4.365783469687335716e-03
-1.967207676799274940e-02
1.627915146805401087e-02
1.969331918446981175e-02
-1.193438590018132059e-02
-1.907385135150037672e-02
-7.523321710952982598e-03
-3.612509633058076652e-02
9.663185760850368303e-03
1.094231364588885667e-02
-1.026837341581753049e-02
-1.004131279967276696e-03
2.045430461406568673e-02
6.744509874908963080e-03
1.378132847698499037e-02
-3.470128081178531620e-03
-2.020036368570019697e-02
-5.309751362315589564e-03
-1.118032342192791517e-02
4.609875209418373525e-03
-6.125448786240795477e-04
-2.539774364988167145e-03
-3.055904512538643730e-02
-1.258093283134674618e-02
7.372797747425604425e-03
-1.841278540886816251e-02
-4.965904909504257649e-03
-1.375335818121278982e-02
-1.431280830206115712e-03
3.983067024166647707e-03
-8.256516706987826124e-03
-2.572013839991519821e-02
-8.657204129718768654e-03
5.123605716209712023e-03
1.779170882987417268e-02
2.427454589840976826e-02
1.637678474612528495e-02
-2.512822217564136647e-05
-1.524437261792828098e-03
2.697921009808642440e-02
1.948012729341052143e-02
-5.165371971799921982e-03
-3.868138579204162628e-03
-5.277507132339362417e-03
-8.997696766311983826e-03
-1.962664954365648737e-02
1.605594882012941274e-02
-9.668488543434574506e-03
9.109114450656877887e-04
1.196758061693788990e-02
8.617292066459837988e-03
1.690195966527839253e-02
5.117588994469095785e-03
-7.911349286521686397e-03
8.267414890991404627e-03
-6.596064344156917815e-03
1.255686525372679690e-02
4.079659709683765983e-03
-1.828442746695412967e-03
-1.330712133611258730e-02
2.912934530349374496e-02
1.340917194360410382e-02
-1.270365887709244516e-02
3.960312890587047371e-04
-2.255680162656416472e-03
2.992053639455714842e-02
-2.486776618781326789e-02
9.503955647434917872e-03
-2.731224385441817504e-02
-2.135541730404784747e-02
-5.770333196897496240e-04
-5.943020043638860134e-03
-1.815788855599292581e-02
5.640164699248930054e-03
-1.066494706453634776e-02
4.679397860956843215e-03
-1.233230861047065856e-02
-1.559606555591225296e-02
-3.600489896820879832e-03
7.931473039981346007e-03
2.231946118125915576e-02
9.842911476966954842e-03
-1.362122723117073844e-02
-2.130027131675574920e-02
-1.804171371220007411e-02
-1.156492193377050073e-02
4.038817773799402260e-03
5.344645114479569352e-03
-3.939576128658651630e-03
6.578988889141235488e-03
1.242304011406201655e-02
6.271166260108714842e-03
1.675560086318899147e-02
-6.059754529149545890e-03
1.387636213390998482e-03
-5.834612206250551882e-04
4.200086088605047355e-03
-1.625732460896133500e-03
-1.102414016165608433e-02
-6.401563935381489150e-03
-1.300101571959109796e-02
-6.784588480499173686e-03
-6.526855595451395466e-03
-1.246460255911825861e-02
8.169412641821789320e-03
1.168341470176087298e-02
-2.901556750908778834e-02
1.420951201069120193e-02
4.790367939723565692e-03
5.298536480418088515e-03
2.671919568454293042e-02
1.400316234957412441e-02
8.192037454216644435e-03
-1.219939379032394626e-02
-4.722465566755474492e-03
7.865039750470263291e-04
1.118921538935179448e-02
-2.002459279313668211e-02
2.617218398206702136e-03
1.763849867185082266e-03
-5.314619219343018168e-03
-1.233252222096498790e-02
7.136296177132487369e-04
1.469097668836034064e-02
1.091650782219817824e-02
2.533602217119927864e-04
2.961345308368047453e-03
1.736364553796571411e-02
3.499500632397456457e-03
-3.268898620622309042e-02
4.464667979983352893e-04
7.223944837171458397e-03
6.688559852163731027e-04
-1.078969989751926532e-02
5.736638087088474086e-03
1.412340613691405802e-02
1.502235828988723876e-02
2.692225016508971620e-03
-4.189201213963910861e-03
3.173095265920653635e-02
-1.938727621981545593e-02
-4.328520405836915053e-03
4.795947707058195904e-03
-1.386574932056256404e-03
-1.429135491687591464e-03
1.950431974710123764e-02
-6.173338362095620417e-03
-5.996983250138812442e-03
-8.471214094426521637e-03
9.010842006850853028e-03
-3.825820027283521104e-03
1.097408348462924552e-02
2.540368077919168827e-02
6.936365214554083593e-03
4.943743587939045114e-03
-2.481661279103781342e-02
-7.889380191692031696e-03
1.053331929180276356e-02
2.137635457095833982e-02
1.709597210809903761e-02
-2.282676863178208226e-02
6.533246566923314215e-03
-9.040630032101471675e-03
-1.975891750879942878e-03
-1.777104663911633492e-02
-3.632456207467608250e-03
-7.328082071608878201e-03
6.472516468396470254e-03
8.316987194674019604e-03
-1.761844355819667043e-02
2.130201357373442603e-04
-2.239612617856868645e-02
7.805929502910365775e-03
-1.606444675304763772e-03
-9.933116374963359488e-03
3.224617782638847241e-02
3.161975157767555993e-03
-4.004599417063451662e-03
-8.702808123234853990e-03
3.659168173788396403e-03
-7.353955018764689149e-03
1.159544028399886809e-03
-8.785370519705295103e-03
1.640914132829457764e-02
1.184211092996108675e-02
-1.049717887480695368e-02
-1.805347522060205684e-02
-5.517685478813893520e-03
1.652265177590585624e-02
-1.556875977260871284e-02
3.502705473390081703e-02
1.061170845850502135e-02
-3.714430197252944349e-03
-1.481627031072699219e-03
3.902827298275698183e-03
-5.489545532455958853e-03
3.391039917878518190e-03
-2.183275632491333326e-03
-6.291014665977986454e-03
6.071628853131215984e-04
9.440972447316061528e-03
2.049185006899377492e-02
-7.521096976827091989e-03
1.006649843644984513e-02
8.125868480341188332e-03
5.740149322963153562e-03
2.178870591076678687e-02
-2.855385933647719768e-02
-6.431566274249657378e-03
-1.656469122928343543e-02
-1.435930572543773175e-02
1.709830862031924345e-02
1.644879335908979931e-02
-6.936988651555689445e-03
-1.884409721456396791e-02
-1.519456857873605245e-02
-1.060056984239109504e-02
-3.332609815759687063e-03
1.437484412761211132e-02
1.168439763349540111e-02
-3.048529634815451417e-03
-1.921113592911390111e-02
2.079754423891083670e-02
-2.280320207280486788e-02
8.482081938029120347e-03
-5.362968831093463222e-03
-1.651210167065305170e-02
-1.131950907416136125e-02
1.451491561503441899e-02
6.053537118815974748e-03
-2.862935267641925074e-02
7.672658499307401583e-03
2.962594713190774137e-02
2.284664082954386555e-02
3.254453171762583356e-03
-2.207929197967420376e-02
-1.501137402295901714e-03
2.523128433727514323e-03
2.332400532551505770e-02
1.154646596593744169e-02
1.080644411422425691e-02
-1.148996841940851284e-02
-1.026220628826699129e-02
-1.662095125253412048e-02
-1.154185839470160853e-02
3.518483142566794508e-03
-2.437655536398075987e-02
-9.046047017628861681e-03
-9.867992473000386164e-03
1.154092237162488875e-03
-2.527674839394216874e-02
5.582687449620580590e-03
-2.405891719542645885e-02
1.254472040846045912e-03
-1.307583099528346858e-02
-1.737495618945246326e-03
-5.431372227035813176e-03
9.379182526671933293e-03
7.128393198425826346e-03
4.938647794963536408e-04
9.851620957587793950e-03
-1.495861428771698941e-02
2.130248592755698209e-03
-1.684282062682908310e-02
1.140747642093306157e-03
-5.831840053060428908e-03
-9.625627634957611978e-03
-3.881511015029761105e-03
1.145947926504526510e-02
-9.021432394052432413e-03
7.801180348871302947e-04
8.956374271525655711e-03
-2.016702506653126128e-02
4.862140671711250571e-04
7.283429716628759924e-03
1.203674520408426311e-02
-7.429297808833331546e-03
1.670281508502602721e-02
-1.931436910217174813e-02
-8.187612540400710653e-03
2.110192312152550653e-02
-6.054762961410856299e-03
7.705649958787139976e-05
3.100986205007736154e-02
1.547423377291699993e-02
-1.711873560684872052e-03
1.556945643399176848e-02
-1.383722950394382541e-02
-1.182498935345183827e-02
-1.132381512873296449e-02
1.822214641879492739e-02
4.663523131341456955e-03
-1.605979991937703851e-03
3.610319012040319117e-03
-1.447015170328008922e-02
3.702373450939099551e-03
1.701000746206472736e-02
7.311465114221566731e-03
-3.010986073884285713e-02
-2.193310256767510777e-02
7.599796036817746576e-03
9.487778451582737013e-03
-7.802133839230579286e-03
1.232644682383924641e-02
3.283557771465641512e-02
-8.481675825801915716e-03
-1.469990771388100456e-02
2.382404393893839713e-03
2.251511301654021517e-03
9.421892097081763923e-03
9.037496210771447935e-03
-1.073749234500252954e-02
-7.315996757146199861e-04
6.973411429672080573e-03
3.336861299481233643e-03
-1.028282390909569279e-02
5.626558506289549601e-03
3.277740461854695888e-03
-1.537036190647696372e-02
-1.063296313965203868e-02
-1.925570495978282809e-02
6.541574970592332720e-03
-3.359056625375941808e-04
1.642838158759780259e-02
-1.393933260682949510e-02
-1.584042803920906973e-03
8.256703345854890519e-03
-1.280296334599872500e-02
1.082283557780025843e-02
3.850491142323956596e-03
-4.108333041706347180e-03
1.195361414992536508e-02
1.674031038062569893e-02
3.223284739032259566e-02
-1.315771880628740023e-02
-3.888591028289558621e-06
-1.181530936871550211e-02
6.577199573049097477e-03
1.659670815805124044e-02
-4.184630481475052483e-03
-1.901182543789249483e-03
1.628028339156142174e-02
-1.932101105758670528e-02
7.370428543940176803e-03
-3.038841084870630774e-02
3.302918672888248332e-03
-1.874411862104445430e-03
8.187197275775435698e-03
7.466691370629364131e-03
-1.096821747631880097e-02
6.316253021192013448e-05
-1.811896134408849668e-02
1.592641959256555287e-02
1.179527568009765097e-02
1.065380831759786366e-02
2.674680768200828063e-02
-1.416366427927833425e-02
3.289978907703929728e-02
9.152204907185273672e-03
-1.739067942310009926e-02
5.267404029626310789e-03
1.176668083172364467e-02
-1.259782873790267488e-02
6.452836956462742329e-03
-2.269841113991618795e-02
4.937082311617412185e-03
5.446281413514312067e-03
-2.596144745917391972e-02
-2.233452501333228757e-02
3.499785263861029429e-03
-6.086686563100674602e-03
-1.041490766494498378e-02
2.496643163934429699e-02
-1.887547993222875309e-03
-8.810525053954406521e-03
8.409487314897592589e-03
-1.614587804840733956e-02
7.369118395285424207e-03
3.574992956582465509e-03
1.477569874085804882e-02
9.431595395187474949e-05
7.624627647276517248e-03
-1.135640768898573370e-02
1.638379895060319835e-02
1.386342463901636853e-02
-3.619173436337904011e-03
-1.548769941075868461e-03
-1.181085030561556878e-02
6.024698049525828089e-03
1.435693355762030637e-02
1.576893039701340524e-02
1.181904593432286932e-02
2.861731861895263143e-02
-1.763429144719639782e-02
1.030574105297134800e-02
1.986838810166928829e-02
-2.685790080327345435e-03
-8.599047948746127087e-03
7.138593212505332276e-03
-3.086682800516694566e-02
4.048382546124292165e-03
2.235379859892881304e-03
3.000201478925077977e-02
1.933454972664571314e-03
7.495304185016791326e-03
3.780093744741543083e-02
-1.868235500106514221e-02
-2.376047466573064147e-04
2.342097202997307903e-05
6.140651740149460393e-03
-9.276996187302219768e-03
-2.047728702358702149e-02
2.354050663105572774e-02
6.336565939082896247e-03
1.227308927403853583e-02
1.771481681110688086e-02
-3.192936373314476245e-02
3.213769900617776537e-02
-2.959530982997482604e-03
9.617612895529030481e-03
7.944768676717310282e-03
5.661389290384076338e-03
3.752888297320206706e-02
-5.458525435958983202e-04
-1.914272527565621246e-02
-1.812132386496386610e-02
-1.438209270767605921e-02
6.420138203967581253e-03
-3.941933690237846809e-03
-1.244905293748575607e-02
-2.448404660682945017e-02
-2.511703333838113516e-03
-1.731624125637716777e-03
6.795663708277407608e-03
1.474140250081200625e-03
-2.071948484125962081e-02
-2.745869970057625113e-03
4.536911569962880086e-03
-2.436421915467076871e-02
-1.431773126005566818e-02
-2.583194086174957563e-02
2.440725072880619434e-02
4.137790469952956456e-03
1.083218987440403474e-03
2.291960872883234274e-02
-1.098866221298071960e-02
3.060605641923523114e-03
2.546104298166838170e-02
1.572771117407271643e-02
-1.237759165886980102e-02
1.307725314793314192e-02
-4.796503357793047498e-03
2.588373792703511922e-03
2.126709322762010065e-02
-2.562937266253188448e-02
1.310627404934888891e-02
-2.361606919445612823e-02
1.464016137109792025e-02
-1.470699675922141139e-02
-1.200490807401906682e-02
1.055891832044675814e-02
-1.079625559106593691e-02
-8.325399589802853079e-03
-5.151293233021122728e-03
1.480319128558936492e-02
-2.615892980521108187e-03
2.579741772854606680e-03
-2.319807599073149887e-02
2.050530860681586132e-02
-3.270110880919422595e-03
3.254001105217429329e-02
-4.360706899361570243e-03
1.045752349759560863e-02
-1.071704793145725892e-02
-2.306047016499061103e-03
-7.281826999510213234e-03
-2.653512226361296692e-03
1.659938714847891683e-02
2.306052146363961330e-02
7.851628685690848972e-03
2.509115510081771222e-02
3.452830924478657629e-04
1.205160036318852525e-02
-1.172496041789221344e-02
-5.631953369886977256e-03
1.760232612603133268e-02
-1.694313680264940281e-02
5.201025706471885078e-03
9.623011068519642108e-03
-1.326146491128429340e-02
1.310864755516624042e-02
-6.642216554429522524e-03
2.747660168427426813e-03
-3.436817106336392119e-02
8.703635040407140889e-04
7.257950443381310825e-03
-1.659831368170511592e-02
1.285293199180096747e-03
-1.272222370316898610e-02
1.140935344431459435e-02
5.324850972937016438e-03
2.059211263559516253e-03
-1.119111615562873134e-02
-2.378351250464105782e-02
2.286418153506308490e-02
1.257341054458754361e-02
-1.217130865021695887e-02
9.981593145773971429e-03
-1.172457009714275578e-02
2.290347894654147943e-03
-1.728839758091860537e-02
-2.498607330548556493e-02
1.062169284358587852e-02
2.186620106085229720e-02
-4.615542142697517253e-03
1.302355446342729319e-03
-2.164638779163925719e-02
1.239408409480072682e-03
-2.348281211747791503e-02
-2.234146110422951820e-03
-4.873633590930904515e-03
5.018758816274787246e-03
-2.167636102438784754e-02
-5.203917660440818965e-03
1.287213528547480335e-02
2.048049109685325456e-02
-1.660767788582193788e-02
3.030108572815896559e-02
-1.235736354225778783e-03
-2.354749008387454351e-02
6.075228970319078350e-04
-2.887668720781786172e-02
1.575559824291469790e-02
1.352434228896445476e-02
1.546387955534706503e-02
2.278333563810631957e-02
4.409036388236651886e-03
3.251069115828706177e-05
-9.641442632583891587e-03
1.436915647625807563e-02
-2.799265402453121609e-02
-1.533966016923263287e-02
-1.092154208833294102e-02
-2.938382504817259409e-03
-3.657863431184323402e-03
2.597609843534406677e-03
4.741735232354110305e-03
2.080559436918150498e-02
-4.165819545328368345e-02
-9.905816996400904073e-03
2.026759218532175888e-02
-5.727937146546835650e-04
-3.559369787897264086e-03
6.045918268342663146e-03
1.592480383402260571e-02
1.507821086211659327e-02
1.406781774657761509e-03
-8.767663860080373434e-03
2.149846297806077416e-02
5.190785750988750197e-03
5.221587994572364109e-04
4.134596013817553803e-03
-2.502507317333679902e-03
-6.923716766781676246e-03
-1.035267465519175770e-02
-6.353790657713711404e-03
1.734160101901006078e-03
-1.882644064705544379e-02
8.167222740468995171e-03
-2.233054602333530911e-02
-1.673729859567031283e-02
4.548897733807954168e-03
-7.391745603002108445e-04
-5.919689573624224189e-03
-3.179142235795805876e-02
-8.413188196842310510e-04
1.919571509594436565e-02
-4.358392958863635189e-04
-2.135716163760427791e-02
1.430195879877936213e-02
1.543552618020882505e-02
-2.948121743951565444e-03
5.431548910688832957e-03
-3.275956515398204677e-02
5.311931694064851587e-04
-1.889888052855274655e-02
-1.750899229019358891e-02
-1.015859108192817932e-02
-1.761518630023710397e-02
7.597376318840500312e-03
7.890395823774066023e-03
-1.257568576286681970e-02
3.002210917595647677e-02
2.841306205734710991e-03
2.365774943760935896e-03
-3.029754183141843138e-02
1.142430004116066523e-02
-2.244004348295132456e-02
-5.616779064677184310e-03
3.670060871401822911e-02
1.820817000725868245e-02
8.650951802673416055e-03
3.815892668292401868e-02
6.995063559197647537e-03
1.641553931734195115e-02
-3.654079735026504686e-03
8.098367392323627123e-03
1.030538113718619010e-02
-6.051920329207305209e-03
3.614523844641180650e-02
-1.690401359635505460e-02
8.266844569913799068e-03
-7.621845597691735870e-03
4.455446533638554411e-03
4.845405708355589140e-03
-2.993504943923852839e-03
6.043847840069768718e-03
4.091093320997271697e-04
-2.954636882231602077e-02
2.118111020609341963e-02
9.801605512194189532e-03
2.752596943110905553e-02
-1.538014279021963047e-02
-2.467106219753373991e-02
-8.492140456677357840e-03
-3.892360818615326658e-03
1.557391843399195085e-02
-2.039444583497556501e-02
-8.154701673631511993e-03
5.918805534353288253e-03
1.487643256649486857e-02
1.568435232462125255e-03
-1.686507619575133843e-02
-2.639473289133164105e-02
-1.704985768122981374e-02
-3.464469383466632635e-02
6.079421452373431493e-05
3.320602695305114888e-03
1.932434950064883250e-02
-4.454307640877445962e-03
-1.399938762395860729e-02
1.725495729927691013e-02
2.392820799314815047e-02
-5.688122592367869049e-04
1.369523329901856448e-02
3.579273037581306126e-03
1.443568763694724061e-02
-1.312045640848843661e-02
2.746296114005286615e-03
8.436826059273368900e-03
3.525496683905623898e-03
2.435152613147224289e-03
1.097189273761179154e-02
1.484621156247934066e-02
7.614161722242053856e-03
-2.476446765112445478e-02
-1.806403438324655913e-02
-1.057253924867709513e-02
7.457684637958276498e-03
3.278247924285961003e-04
-9.109510091071361740e-03
4.224872951848894151e-03
-2.658674527993042450e-02
-1.381634344490722394e-02
9.835733295872716234e-03
-2.878445519999990598e-02
1.419017439267333987e-02
-2.291726347227951432e-02
-9.285092706067175211e-03
1.445108445669337181e-02
8.394000893142917682e-03
-1.016585796024933874e-03
-2.273769942503627017e-02
-9.242451049364492147e-03
-2.339311240360207253e-02
-4.222262883754227848e-03
-1.917854851479721540e-02
-3.556043554294447632e-03
8.887632913655744288e-03
-7.255442943562258676e-04
-1.403398685008880667e-02
-7.948069779226862169e-03
1.172421124279875854e-02
-1.302319290183551366e-02
-8.227303532123106042e-03
-1.237607403250352758e-03
1.439619297947091099e-02
7.463564376986577160e-03
-5.141907701469956155e-03
7.112610178082505452e-03
1.279071549113099723e-03
1.005546740643410188e-02
1.517908170123270610e-02
-1.548999836643646585e-02
-1.748136616442768493e-02
8.872436439274064210e-03
6.728467758418744601e-03
-1.684299816273710296e-02
-1.221443572220446555e-02
7.875870052209829001e-05
4.081838100973806532e-03
9.639849987917488081e-03
-2.618541141413177273e-02
1.335801159712399731e-02
1.237291989283712673e-02
3.775767191497528957e-03
7.158694764390800824e-03
-1.165180265036180191e-02
-3.181451585900556267e-02
-6.508701816451354857e-03
-3.298369546946488314e-03
-1.296323524910462412e-02
2.119882869903106856e-02
1.256354784441743831e-02
-1.059620703534143969e-02
2.359467195447341546e-03
-8.606546403893038447e-03
5.149193872671383766e-03
-2.342721294625321748e-02
1.733409033198571661e-02
-4.561381088487870966e-02
-8.550411438167699121e-03
-1.418049933024137857e-02
1.951247410408684518e-02
-3.525403714441142726e-04
1.274924211613254026e-02
1.440350210286116782e-02
-2.469814123330953126e-02
-1.023847224737585264e-02
1.669177262957164537e-02
-2.231909854800756890e-03
-3.860859968828497368e-03
-1.019283156205542593e-02
7.114202448161758598e-03
-1.285295675882870345e-02
-1.368589285300928458e-02
5.385578781322877297e-03
-2.195431951904596585e-02
1.138314414002637893e-02
-1.104625213489710857e-02
2.055342982597677809e-02
4.181611059377247919e-03
7.492636109590898423e-03
-7.882191882332075655e-03
-9.819907224963330197e-03
2.097009460536982534e-02
1.894818913301383675e-02
7.794665131950461075e-03
-4.323155504428521922e-02
1.557349775015606265e-02
4.484673066645719110e-03
-2.749029858492552710e-03
-1.187499522151413099e-03
8.423365339843886038e-03
-1.063360295003852683e-03
-3.215453032898626159e-03
7.420914787307083919e-03
-2.325106235644889066e-02
5.842735444356234042e-03
1.122863394915886090e-02
2.137293064033774989e-03
-1.345931095624613473e-02
8.069338403978894292e-04
1.929088715122104225e-02
-1.521922245019293948e-02
-2.713576672005727202e-03
-2.309053327104867645e-02
1.303736679252980209e-02
-2.198600056327443351e-03
2.354644654577714435e-02
1.638644372181332926e-03
-1.932150885037029961e-02
1.854043020549998172e-02
1.299797253686667611e-02
-2.969659815966374690e-04
3.300437278428716096e-03
-3.697734746970404631e-04
-1.410829307249053359e-02
2.668893209110697468e-02
-1.928396329803656190e-02
-3.549971407519684954e-03
-5.065455797371367676e-03
3.692068662791711010e-03
-4.024979667604922443e-03
5.196590589887932835e-03
-2.176307918069815897e-02
-9.269165169316908801e-03
6.208331403671323023e-03
1.620971962907902936e-02
-6.536617938977121525e-03
2.162855893448024924e-02
-5.452224749139394921e-03
-5.671060081177589293e-03
6.128083627332287994e-03
-1.299574736063770913e-02
1.080320645205113880e-02
-2.321153586049269722e-03
-1.759788856631656917e-04
-5.301053911899129140e-03
1.571698626041491929e-03
-1.076023325732392358e-02
-6.521412135596232028e-03
-1.665433329655613762e-02
7.059044770363301358e-03
7.493701947461461031e-03
-2.695253279437578517e-02
1.374886249746496043e-02
7.429776316286620073e-03
-1.056492143106499589e-02
-1.071995377728298705e-02
1.024191596269691078e-02
8.168191743397259109e-04
1.832442778101921882e-02
1.413834580781320703e-02
3.900775460746148471e-04
1.539874230502581102e-03
2.917341225034367929e-04
-3.743423878422829330e-03
-6.489568251581305514e-03
-6.636156129817632164e-03
2.752167750571236915e-03
-1.268707870654755231e-02
1.680445251439929844e-02
6.925364048317515613e-03
6.402484283557012025e-03
-1.469762092404042209e-03
1.796887539049717153e-02
-2.697011431280053363e-03
-1.949432562450262307e-02
7.477282117963666638e-03
5.312653167676372433e-03
1.244945949012972626e-02
-1.704038750473877567e-02
-2.320686106208603994e-02
-5.142355955177669961e-03
-1.031101988290834999e-02
1.367594071545278310e-02
-2.041637288056371777e-02
-8.188837285644248731e-03
-1.747442676673233164e-02
-3.992600735642969079e-03
5.036186570230718335e-02
8.703255759503227690e-03
1.299633207376671429e-02
1.016567651192893003e-02
1.824646989388663265e-02
-1.426282683227026934e-02
-4.053274059601882397e-03
-2.468820561579093339e-02
7.538563209360684900e-03
-1.445040286788164914e-03
-1.104153401724240757e-03
-1.654637943276984074e-02
1.449648471932166172e-02
-8.968684090814773441e-04
1.656904563331252581e-03
-1.270046055837913308e-02
-3.582610016712963613e-02
1.333384359849960725e-02
3.238785302116395370e-02
1.622585626003045928e-02
-2.566853079750006789e-02
2.321402703414997618e-02
-1.112630813866685026e-02
-6.086488073388641659e-03
-1.559050634257285600e-02
5.775825314038559970e-03
4.954963808347472021e-04
-1.127180377701215985e-02
-7.358168150498188564e-03
2.014145863568986890e-03
5.396677017887430801e-04
-9.080704660840521834e-05
-9.741515901534431379e-03
-1.879228255353364990e-02
-1.287693465178486180e-02
2.215044100151868783e-02
-1.515898840397370689e-02
-1.738674894135653834e-02
6.057566477736995268e-03
-3.081169225097813574e-03
1.461681896247791525e-02
2.289535872346050785e-02
-1.330987818204531527e-02
2.530280082467613670e-02
-5.863073754106377065e-03
-2.403449070116574649e-03
-2.194780514820274947e-02
-1.801255395233896522e-02
3.219385246115133870e-03
-2.165555204197804062e-03
-1.061875974849717762e-02
-2.130674214050622822e-02
-2.517576716809626081e-03
2.276999179913636109e-02
-1.110938809300769312e-02
9.947966806550532831e-05
-4.812490023836877781e-03
5.474766928640322459e-03
2.790665550123787308e-02
-3.340685249939003010e-02
4.365750203518715825e-04
-2.784321789804529781e-02
-1.397939562170310429e-02
-1.157307984033072515e-02
