-6.051088980194651613e-03
-2.952999152172255601e-02
2.974434403038881541e-02
6.867805722537587317e-03
-1.109998598680495864e-02
-1.241314740149792976e-02
1.877707536436993077e-02
9.562151336408506591e-03
-2.571100626606921940e-03
5.626734275268866284e-03
2.969019548570122746e-03
3.804870168032695524e-03
-1.839482998314737169e-04
2.194720752920635565e-02
-8.809181852935360491e-03
3.513958005311036518e-03
1.655800488164005033e-02
1.134654120506257968e-02
-4.697680164252854458e-03
1.275765225636719784e-02
-1.139104402885290045e-02
2.027356610790086167e-02
-9.963388850204571781e-03
5.625758726303361004e-03
-4.770310239159692746e-03
-5.917693482888277019e-04
8.332277814486975173e-03
-1.421746107598219518e-02
-1.528653511352708917e-02
1.440508003340823170e-02
-3.038809863277549747e-02
2.714266496276197468e-02
8.815850833721227547e-03
-1.726636096993387770e-02
2.566142997410853638e-02
-2.848233601469542242e-02
-1.196799202215685989e-02
1.038609546322544555e-02
-3.104974786002340399e-03
2.914657126814839631e-03
-1.173496533719486142e-03
-2.306634358321496547e-02
-2.434752285770663480e-02
-1.144430653481001876e-02
2.957688959824477173e-02
-8.614463650030218175e-03
3.329018569187143593e-03
2.428332652213939513e-02
-1.524138569571338239e-02
-2.166142109408481300e-02
-1.670878852569757100e-02
-3.426887472412025720e-03
-2.383200837198505909e-02
1.942456339235659746e-02
-2.014639852566078165e-02
1.957787140377370214e-02
4.783724298924056997e-03
5.415276462934675086e-03
-1.999519507340546259e-02
1.410678338280443866e-03
2.695503910091530744e-02
1.194804092883366411e-03
-1.006168981810319843e-02
-5.464784148170024301e-03
2.541582844997811869e-02
1.615743446888801352e-02
2.004320906815519349e-03
-2.073658700203415486e-02
1.409645322890735152e-02
-3.105272651810576934e-03
-6.341697735632348095e-05
7.776419304357096510e-03
1.977614660906044583e-02
-1.130845259353749181e-02
1.273355550772900524e-02
3.007316422804837044e-03
1.296520412930555685e-02
8.511987169474570167e-03
-1.036945853248853896e-04
5.115732688526083809e-03
2.387233874701365915e-03
-1.222284840857993521e-02
2.395960048735594830e-02
-5.006810568175062981e-03
1.681987387609825118e-03
-4.160983905461401212e-03
1.165407793503583402e-02
-1.718285073189428774e-02
2.631279501861792311e-02
-3.770648989909963170e-03
-6.385855867141069196e-03
-1.421037892776669774e-02
1.316965769112673178e-02
-1.465315598937585659e-02
-6.672517309414131674e-03
4.110275191742973101e-03
1.557303066017844129e-02
-5.725190083005348915e-03
2.191900068491286959e-03
-6.449076199434761875e-03
-6.809728267534767262e-04
-2.464948685107062193e-02
2.231444203404157303e-04
-1.316012991553889601e-02
-8.041055409824874852e-04
-2.028382246912704273e-02
5.743149545966589123e-03
2.527836980597519129e-02
-2.271886729839286154e-04
-7.395338198877565022e-03
2.625177132760196652e-02
-3.694041810268553546e-03
-1.578090601109312374e-02
1.532385415557671431e-02
1.382504042472868996e-02
-1.912929200079066180e-02
2.721361280739395972e-03
-2.337462616278592961e-02
-1.286588975955684075e-03
1.961443547359401421e-02
3.875354289917426129e-03
-2.507867152303780434e-02
-9.933438587942898523e-03
-3.369340088142946943e-02
-1.634014257131503542e-02
7.397528642493377514e-03
7.382659719384517850e-03
1.048709125212895707e-03
-1.678814877763681879e-02
1.126833276461280085e-02
-2.133182672552337913e-02
-1.323490752281063047e-02
-8.016355089014543314e-03
-9.503640039999558184e-03
-6.526968533294143400e-03
8.335266105655714242e-04
3.142382392305646290e-03
-5.393607946483769747e-03
9.294364603142311540e-03
7.327423961534557280e-03
1.093601390462364820e-02
9.470165186228467549e-03
-1.294425538749207488e-02
7.519445196578181285e-03
-1.103730775338228158e-02
-7.289358545943224778e-03
3.470790147116768060e-02
-1.319073963704881121e-03
-4.807845870688410954e-03
2.539985591978401527e-02
5.989392616813637993e-03
-3.749168629538986684e-03
-1.045114730010072556e-03
-2.054845787420339978e-02
-1.392577283074140047e-02
3.049263478508708325e-02
-2.432833980606831110e-03
6.056854484782922543e-03
2.905814655185504861e-03
2.050516085340651010e-02
-5.564322056085687328e-03
-4.306950703880641634e-03
1.855456010324635710e-02
3.686912211888093531e-03
1.768158091623494091e-02
-1.502348134235862581e-02
4.884803740906083942e-03
-1.316609674592523604e-03
-4.244298193731963278e-03
-2.488538693536699632e-03
6.935251948230420314e-03
1.282544891749034036e-02
-3.385346073038274228e-02
-9.385190504984763926e-03
-8.944845393558305616e-03
-3.123938774935083700e-03
5.799481940315537667e-03
-3.444142266087701649e-03
2.220082522479254264e-03
-8.420309128198886356e-03
6.508905865408315047e-03
1.096874366557463315e-02
1.943239791552386428e-05
1.251447819017126187e-03
-2.074431169915585613e-02
-2.972406580464417771e-03
5.183895596411600658e-03
-2.028993639453298067e-02
2.227170824093727824e-02
-4.423602690270160044e-03
-6.608939792989882399e-03
7.734677664366040178e-03
-1.352925688950485685e-02
-2.514803642586879370e-02
1.977289268863278125e-03
9.208869104759756161e-03
2.652869099572171662e-03
-8.433904064750799220e-03
7.174002158452963060e-03
3.663015881928095852e-02
1.990312849286702754e-03
-4.398583996603887269e-03
-7.636292395005717625e-03
2.917652025524830953e-02
-1.360845554280370844e-02
-5.536536562003131420e-03
-1.730552271944423015e-02
-1.035915105271664966e-03
-1.127958240906100059e-03
-1.116987555099404304e-02
3.243585884584353901e-03
9.493417002957448177e-04
-3.506778289823212196e-03
-7.581523202104262747e-03
2.440645826703561098e-04
1.930174393884229872e-02
9.599725444201715266e-03
-2.850160223814640886e-03
1.145468332228301994e-02
2.006660282820507679e-02
-1.263856743020230940e-02
2.340405674327986508e-03
-6.903230706471004310e-04
1.206791709856029800e-02
2.427027519565725083e-03
-2.170332087746118174e-02
-1.511371946401478034e-04
-1.909780053634173996e-02
5.662502219640838338e-07
4.341222084692596302e-03
-1.222266783117494093e-02
5.381787385924360033e-03
-7.429684568381282779e-03
-6.497853158905554129e-03
2.053073914245318043e-02
2.257826788007893243e-02
8.772230508136991470e-03
-1.186100198505249913e-02
2.289182966601795849e-02
8.017145109854847485e-04
-2.343384872253927512e-02
-1.293025206463805157e-02
1.303808002474221399e-02
2.086715548466661768e-02
-1.461742283771297075e-03
-1.746201244515337191e-03
-1.412794351070132369e-02
-2.462396936610371668e-03
-3.017765253517781104e-02
3.610232612385125966e-02
-4.373481971123627937e-02
-1.195866629027855961e-02
-1.850377128151329403e-02
-3.358909866455208997e-03
-5.948968720116971920e-03
-2.854682911180562305e-02
1.189838518925939205e-02
-7.554573094103026777e-04
6.260595899424697790e-03
7.183775318952085112e-03
-2.078695434530886121e-02
-7.737570463265810300e-03
4.077134022867037744e-03
1.107257198079124837e-02
1.039304541080553201e-03
-1.996164202019405989e-02
1.593632098283959478e-02
2.979868243333284612e-03
6.909180763070856511e-03
1.884816641110665172e-02
5.150269626055482483e-03
1.466588941968995259e-02
-1.420203991958825934e-02
-1.264825387107751040e-02
1.497326128988687825e-02
-9.746112175984065346e-03
-1.221575973866958782e-03
9.127478494097462014e-04
-7.840274844252285644e-03
-8.964347491995540776e-03
-1.505947269274513639e-02
-3.776566071561787718e-04
2.443174653245917816e-02
1.387714606497708440e-02
1.652014907211564595e-03
-5.259936292312083171e-03
-2.195845554564751848e-03
-4.637931535465731302e-04
-7.504163182796726866e-03
-1.572606552522863577e-02
-1.114142964005512132e-02
-1.807610392532882360e-02
-6.171529072095373325e-03
-2.139852839830666542e-02
7.380196979264148395e-03
-1.621723341324033535e-03
1.114801399673420214e-02
2.803075944472238189e-03
1.197935087179725910e-02
-1.195078196895447281e-02
-1.448774209575018866e-02
5.509281788541847691e-03
-9.319885611386432775e-03
1.115288409980022544e-02
1.683185285538047263e-02
1.060644852080443179e-02
3.481581706619976593e-04
1.564158680513237296e-02
-7.665719748829234390e-03
1.219223705329298621e-02
-4.947559526058596668e-03
-1.127286633397858208e-02
-3.885514698461527833e-03
-1.928459896715536970e-02
-2.361542919529071097e-02
2.557519663509289290e-02
1.234992439419362389e-02
2.646387685058934538e-03
-7.059359494410609101e-03
1.819330662782424335e-02
1.821725064477973475e-03
1.384467840216815904e-02
-2.013466314746290009e-02
-2.087017921680158286e-04
-1.217871204362976426e-02
4.751471284430815005e-03
-1.050758532915503987e-02
-1.873625215551001644e-02
-1.322914247968838206e-02
3.791512161730229390e-03
-4.437838618694324471e-05
-1.476018229447586746e-03
-9.678784070745885884e-03
7.893051850597921845e-03
3.192271526113877461e-02
1.095181174754726594e-02
-4.427632718372265241e-03
-7.081050003976825137e-03
1.480491688724941239e-03
4.685421235093246463e-03
3.975837057679719802e-03
1.649173290774068670e-02
3.055821379151749465e-02
-2.085191893227831411e-02
7.749765914873532439e-03
-6.015056169930420825e-03
-3.528247993225510498e-02
4.451018855880562223e-04
3.958023369536894757e-03
-3.144570108000524066e-03
2.133935467577602330e-02
-1.452626655969411693e-02
2.014038868636544230e-02
-1.276006951090262291e-02
-1.300601891291031781e-05
6.962708259652510825e-04
8.479442625723580818e-03
1.052408844121799879e-02
5.232003239331514503e-03
-1.151880571782407450e-02
-1.893467273631315112e-03
-2.982577841030958563e-03
1.340437976115649993e-02
-1.312520684095491372e-02
1.200080530546235660e-02
-4.929229564880879301e-03
3.595294535816312507e-03
1.099718164161650989e-02
-1.335714248992431880e-02
-2.707196970969892591e-02
-4.035831357908860675e-03
7.129743767486271602e-03
2.483290133296523969e-03
-5.217496074434010457e-03
1.515581536309462685e-02
1.240137560124622562e-02
-1.128715258081831180e-02
1.636567302974397970e-03
6.642889309623268342e-04
9.701297475012075899e-03
2.513004474563521832e-03
-1.851445778382293907e-03
-6.784445864454593904e-03
-1.173608907561739939e-02
-1.596604953878114075e-02
-2.945874861042447473e-02
-1.053303749179977135e-02
3.124825093202153806e-03
4.029549031746934400e-03
8.828212098345734546e-03
-7.576678780240600312e-03
1.044082617105593011e-02
-9.841427684839396811e-03
3.243708764210237461e-02
6.146328788930303412e-03
1.563849468727695688e-02
7.746008229764228016e-03
-6.983375430198049058e-03
5.349065953932217142e-03
-2.474534903396274476e-03
-1.701146066101422898e-03
1.720207315277480151e-02
-5.839398270971670434e-03
1.260394339673770805e-02
-1.597217639825652263e-02
6.581872037124393516e-04
-1.885643949275032233e-02
2.192122022528016426e-02
-2.248816596990283866e-03
-2.490111129317848851e-02
9.490507403237792572e-03
-1.597413002345393629e-02
1.734182219002221303e-02
-1.310453096454071778e-02
-1.604396789716892174e-02
-1.333818806558840532e-02
-5.969114995229416430e-03
2.297855542558054597e-03
8.645127894611474156e-03
5.479794844345310320e-03
6.782071048698982106e-03
3.641072049748592110e-02
-3.223223333471481045e-02
3.766666231675747101e-02
9.607879032548572937e-03
-1.016442060929227502e-02
4.502398476641217284e-03
-1.538273777670170171e-02
-6.456770829332314325e-03
1.237845015081687726e-02
-5.675047498757261957e-03
-2.028429873315354924e-03
-8.008251863384344138e-03
2.366298939494509285e-02
-1.195592002592930046e-02
-2.521936327801345759e-02
7.514902884034479688e-03
6.508873896154843131e-03
-1.147782904804983684e-02
1.871272331739343674e-03
-2.863223616626218646e-02
2.013047258130748127e-02
-1.664590740239877548e-02
5.142984070234947816e-03
-1.150560455486473142e-02
-2.583776027491374236e-02
9.164985395931916218e-03
1.876704869449934837e-02
-1.864281392178146479e-02
9.148340326107456608e-03
6.404304104203764961e-03
-9.701732181240839414e-03
3.677632909486513307e-02
-1.694864366599903999e-02
6.586319826281110575e-03
4.233765002324951440e-03
-1.475984339065908486e-02
-8.691352157091132916e-03
-1.642257884646142196e-02
9.007747514587391771e-03
-4.988205169442241384e-03
-1.480027050897977535e-03
-1.464455425645518581e-02
7.801793577102571035e-03
1.777671099878840380e-02
1.714204753076264617e-02
1.289029505375913036e-02
1.005613446443967551e-02
3.698124728869789379e-02
-1.385226140721088355e-04
1.073652733168750130e-02
-1.120701029511860652e-02
-2.295908324911912282e-02
-1.213211777985825392e-02
-1.594603852209024175e-02
-1.153229154125917817e-02
-4.786638528590335742e-03
-2.403023275304328257e-02
3.586887937478919122e-03
-1.315108003236063750e-02
-1.367339264613910178e-02
2.091961817131446355e-02
-8.658907464269945868e-05
-4.675807057239882679e-03
-4.046593197353955465e-03
-1.505567947401741623e-02
3.753612254185250731e-05
-5.037283127226050046e-03
4.657634443903024488e-03
-1.434272763948307716e-02
8.955625568533697595e-03
6.829945260411056894e-03
2.126527931459839724e-04
-7.823354169310582293e-03
-1.444610007345767562e-02
7.796558710408876998e-03
2.059308595430640876e-02
5.465624931520714387e-03
2.163952151419709299e-02
1.038128470582516151e-02
-6.703554415533346036e-03
2.543788596051867884e-02
-2.033382973864248169e-02
-1.928525408360827302e-03
1.049727322871784468e-02
1.337243126250551792e-02
3.441605688590157475e-03
4.116620238053325838e-03
-1.735145268651246131e-02
-1.788591535509167010e-02
5.692043614684818599e-03
-9.490469599802878881e-03
-6.911537458504191794e-03
-1.734516547860624064e-02
8.999074197777500242e-03
-1.327748835839821610e-02
1.377599877824368761e-02
-5.506085914840914801e-04
-2.078697486442787970e-03
1.124523433948084773e-02
-5.009861039853717550e-03
-2.988469144900979604e-02
4.329967794581647870e-04
-1.669527337824223100e-03
2.382342990545724404e-02
-2.255652025579600595e-02
-2.765589295470691471e-03
1.235278207332173375e-02
-7.122767844880362187e-03
7.552101554286641191e-03
6.098749340801854282e-03
-1.305341432192792112e-02
1.558396622944538748e-02
3.315618187733555908e-03
1.319241244486336374e-02
4.633055356528374170e-03
1.957069719468989069e-02
-3.346937548343254659e-02
8.199930785279110207e-03
-1.526467605704812623e-02
-2.272411547302996548e-02
-8.384912858032205624e-03
-1.706353491268215034e-02
-2.555101595139374834e-02
-1.135587750208828794e-02
1.227764075620252880e-02
2.000983298674604768e-02
3.551297910678104935e-02
-2.087646618285310049e-02
3.262185317074189732e-03
8.258347878866942901e-05
-2.661270766702234988e-02
2.344983690275523509e-03
3.598452037488256670e-03
1.100824226035240598e-02
1.705793984643918723e-02
1.311792850652789867e-02
-1.482925600036247467e-02
2.352832961856548069e-02
9.574615216051116096e-03
-1.981035492492636690e-02
9.470054161377207055e-03
-1.072210295763458172e-02
4.044598936093383307e-03
-8.043827078059591698e-03
6.112094519970830489e-03
-3.938647510460290338e-04
-6.404058560507722500e-03
-2.329854431559887779e-02
-2.228433191584920994e-02
-1.635638628815452161e-02
-8.817315372582103239e-03
-2.319291949913878260e-03
6.302471596307866394e-03
-5.878199214914134850e-03
-1.246987957411620045e-02
-2.629841130806388890e-04
8.220155739677055540e-03
1.327987322027745880e-02
8.068986604336378030e-03
2.307251433583666980e-03
-6.273852847931372587e-03
1.433968159503465692e-02
2.678742525032379654e-02
1.530807367236731303e-02
-1.769929635726116769e-04
4.102980300745529170e-03
-1.641107606843268338e-04
-1.922736612016382601e-02
-2.840636381267509780e-02
1.173713717088965651e-02
-1.364939538695803152e-02
-2.569673694469448710e-03
-2.303595803094456509e-02
1.025085372111227480e-02
-1.256748561837514946e-02
-7.036506978099761438e-03
-6.641812733016734527e-03
2.632838526448139094e-02
6.873305621528246964e-03
1.279409477012269022e-02
-2.535038916701408754e-02
-1.468578190716372626e-02
2.414259362380802298e-02
-6.728205824848194211e-03
1.745292512235415913e-02
4.669116494806851807e-03
1.295387438618292482e-02
1.402068960102656817e-02
1.606317824158637678e-02
1.569334901633553242e-02
1.190595905275859678e-02
-8.971976510939838612e-03
1.020119818994453089e-03
-6.201040712587893534e-04
-1.256926873103404209e-02
6.469729670336835971e-03
-1.035826319176089139e-02
-3.353626966767674772e-03
-1.839763353270973747e-02
-8.024261628061340980e-04
1.253468608235518839e-02
-2.277560394618336620e-02
5.754620462416669413e-03
-4.400767352545091084e-03
7.975817024391967242e-03
2.973779540412327393e-02
-1.791447637357537238e-03
3.318042391840475211e-03
-6.742065205116082316e-03
-1.636507697710602380e-02
6.969293424139288463e-03
-3.552097227112462562e-04
-1.368829622529646114e-02
-3.025657581942536520e-02
-1.405600998844529041e-02
4.606362746805359870e-03
-2.162353045163054391e-02
-2.151744813864846315e-03
1.940318785801111237e-02
8.956942425024672430e-03
-3.588995556462589581e-02
6.601152497579474039e-03
-5.685517298967517584e-03
-5.086676371866138621e-03
1.663898865551867098e-02
-8.232233805842851040e-03
-7.425359484832179911e-03
1.578537971566363468e-02
3.503984272871908667e-02
-1.425085229564050648e-02
1.966009522167583290e-02
8.581678851111810072e-03
7.349298729669823463e-03
-4.594009887640040923e-03
-7.709090933598239555e-03
-4.806307867268974632e-03
1.754411806315143638e-02
4.562917795297049238e-03
1.391881992280483669e-02
2.104818364942918213e-02
1.395467370364209155e-02
-2.288212942367538055e-02
-5.176770546440112586e-03
3.579983266735329434e-02
-1.764527308298062536e-02
-3.837435555596204612e-02
-2.056560788278932739e-02
-1.927775527249021154e-02
-9.478559219573771608e-03
-4.777177324064121530e-03
3.453661643926121683e-02
1.314336311809700085e-02
-6.276717709443461676e-03
-2.696284389163182329e-03
-1.956679034702718534e-02
2.484425605236105766e-03
-6.119264654448160722e-03
-1.354246632165333891e-02
-1.041371183457678526e-02
-1.497164763405133339e-02
-2.467574472616336501e-02
-1.330755923560344132e-02
1.351634277717052128e-02
-1.783394231053810064e-02
-1.304377118631527659e-02
-1.396202429363902105e-02
2.302225731928443306e-02
5.962638829133450622e-04
1.966183306987763849e-02
3.969942455557335303e-04
2.425582270823488547e-03
6.749979586892418913e-03
-1.550312433054750350e-03
-7.282274849312294143e-03
6.341535606181437218e-03
5.698955937908637597e-04
2.971084679333518136e-02
-5.381780166459276121e-03
-9.965042433816181239e-03
7.006275835218855191e-03
1.247037518716668375e-02
1.592012574782712816e-03
-8.782611437101161753e-03
2.057679985546161799e-02
1.063178363886777521e-02
-9.421902670305822361e-03
-7.115789535401029903e-03
2.725376955777786270e-02
-2.264008658661608082e-04
-2.096937307737006470e-02
2.399548067559344189e-02
-2.338591342766954337e-02
-7.985775317871396384e-03
1.766453358583475056e-03
-2.141388832049861621e-02
-5.530855311707474388e-03
-3.704977611231842407e-04
-2.647099797849401456e-02
1.378832081519740758e-02
1.703322783839395296e-02
1.353177655139122838e-02
1.434028405971024024e-02
-3.285132240174912580e-03
-1.973985478523456252e-02
-6.433222688345978033e-03
6.539096847746441940e-03
-2.855667252502306491e-03
2.669720495398099705e-02
-2.382167260079154358e-02
1.393030100716966153e-02
-1.889560899252279436e-02
7.782509561438975994e-03
-1.184700152993499456e-02
1.465905987148560276e-02
1.003028853072336114e-02
1.355503062153103240e-02
-2.153298792137539955e-02
-5.724669233759760618e-03
1.959519995225416852e-02
4.884146529157929080e-03
-8.884863915122510544e-03
3.406194788049256988e-02
-2.765662988965863350e-02
-1.470645317551516618e-02
3.808444634210262497e-02
-1.825616245055606754e-02
-2.537477722413504500e-02
5.531044612688522898e-03
1.381981786212212876e-02
-3.375607059053302699e-03
3.307867722005119679e-03
1.703001993355017854e-02
-4.926413021910152658e-03
-9.843298316442700494e-03
2.445797790088925089e-02
-1.135038943410372064e-02
7.323687129773008911e-03
-5.063340651025818699e-03
1.084803269161640181e-02
1.190099287795378345e-02
-9.707794906748435509e-03
-7.540492027593259476e-03
8.094340036385648182e-03
1.716235751621317251e-02
1.156143736955833785e-02
3.303429942046586226e-03
-2.553526835450838084e-02
1.497078712678551714e-02
1.175812032530452675e-02
-5.633094947475924923e-03
-2.753410615374762404e-03
2.082443012118171538e-02
-3.112393072731050973e-03
3.710582500779405820e-03
1.390261051882658513e-02
9.291275132135139517e-03
4.696770984931656484e-03
-1.441709834985562162e-02
2.260136992875272279e-03
1.096030892242480861e-02
6.944803846600345427e-04
-6.469026670323404756e-04
-1.265437652855018295e-02
7.584954056873226269e-03
-6.659160427788010650e-03
9.599938171039178181e-03
2.262364999544535724e-02
-1.473116469764619357e-03
-3.683022505623719314e-03
1.967182183062867254e-02
3.249212795352073285e-03
2.276051438154447562e-02
-1.891212340091385710e-02
6.216060204743356632e-03
-5.438434486499963381e-03
1.359484041270807297e-02
2.084900642841358911e-02
-1.005847253233006864e-04
4.896036225041314888e-03
-5.088935933889187496e-03
2.221180831121552859e-02
1.322316357446920096e-02
-7.112828085799706608e-03
6.240076355233244512e-03
-9.184250890053164557e-03
-1.539180785334286726e-02
-2.333667022855201445e-02
-2.470588686151728875e-03
1.015089807891527557e-02
1.224351220755615088e-02
1.041591142242049087e-02
-1.972949089973800516e-02
-1.351378038731469028e-02
1.889839120694748742e-02
-1.384648515043419501e-02
1.777085292531750205e-03
1.539744469457329616e-02
-6.899281039783297480e-03
1.840697280618827300e-03
-2.126411127628087712e-03
-1.800665793755223953e-02
7.422659800132440410e-04
-1.101894049317828604e-02
-2.602712675558199393e-02
-4.857478451256155849e-03
-3.412524922182640780e-02
2.741844016532201875e-02
-2.196832706230209681e-02
-4.918193655431202758e-03
7.669328585392285423e-03
1.273027392934745865e-02
1.474739992346588320e-02
1.001725593641547736e-02
1.713784410377495321e-02
6.336132561278079098e-03
-7.246801782614982132e-03
4.552471648052836646e-04
-1.806886488446507455e-02
6.814292736443110926e-03
5.271900650517947172e-03
-1.704864534834907210e-03
-1.997080762637442122e-02
1.305299407048680221e-02
1.213457479597157031e-02
-1.003810800850865083e-02
1.359368997347515677e-03
-9.161405882060016242e-03
9.219853820898026714e-03
-1.221455147612536193e-02
-2.499588554928323070e-06
1.265109816336553849e-03
1.169069117716388037e-02
2.316327212624260529e-02
-9.941970115188984713e-03
-1.522472251795129253e-02
-2.397964445315006049e-02
-1.023941109193594488e-03
-1.704906350661444456e-02
-1.018412183034219515e-02
1.393352673394323074e-02
-1.717015328443367893e-03
2.933215678969806894e-03
-8.895282409443197244e-03
3.894524211434811402e-03
-9.323908296535060938e-03
8.030159137684028713e-04
8.943208370287959817e-04
-5.239894797665485245e-04
-1.858812320628581679e-03
5.198770450110598037e-05
1.431013573178396966e-03
-2.256833501479085097e-02
7.020436590718940467e-03
-2.195353598798583175e-02
-2.292005889740764829e-02
7.940531525760494841e-03
7.700159430171037503e-03
-3.231208792720956756e-03
2.906587624346567561e-02
-8.025812910396085131e-03
9.251092795552404158e-03
-6.729955466585094484e-03
7.617220500307413187e-04
5.427499522622245519e-03
-2.869855798177388916e-03
2.989960520500168847e-02
7.249990950055781869e-03
8.001551736072880575e-03
1.517885828274532882e-02
-3.026015988355377009e-02
-1.530088162008155610e-02
-2.530589021459701826e-03
-1.230747394744782092e-02
2.909892200245145846e-03
8.480718115025402334e-03
-1.219612581943452755e-02
-2.244854924377646162e-03
9.078829889524287627e-03
-4.481008319848513860e-03
1.985811843177178945e-02
-4.426844791791851794e-03
-2.718821590873128982e-02
7.318208781150312495e-03
-3.746725961874161712e-03
-8.658940221245480656e-03
-1.459535109735013089e-02
1.233445734561950530e-02
4.352222663973939407e-03
1.808131191447657701e-02
-8.385722996166650872e-03
1.070761515943249517e-02
-7.339389599115796019e-03
-3.785371175475843539e-03
-1.603224230662404770e-02
1.304660920636374621e-02
6.699883238371676791e-03
1.540360710305656473e-03
1.620339852445569148e-02
8.109722652633790524e-03
-1.176361186075266727e-02
2.007545845021083825e-02
2.098207136564483183e-02
7.572629570013130439e-03
-1.230513141178678476e-03
4.343899756574757728e-03
1.020651271096046156e-02
-3.596676193193006337e-03
-9.452404074540758303e-03
8.238012865271149288e-03
8.681986497558498786e-03
1.440717755007597800e-02
-6.824147113062746690e-03
-1.267021850993979744e-02
5.817405293140191259e-03
-5.902286281448314818e-03
-6.196573671707372374e-03
3.361512066804578890e-03
1.486879208682758378e-02
1.470667767695013443e-02
-9.606706628168102183e-03
1.553064260432535440e-02
-1.339807171471307269e-02
2.689791647020423754e-02
1.881649615874618139e-02
2.709982274741615411e-03
6.736165324915437125e-03
6.229612846501384220e-04
5.183955051097756742e-03
-7.548820996578829365e-03
2.157372439037924181e-02
-5.867042566447516760e-03
7.754239377607463971e-03
8.759123231153262065e-03
-2.645186263267177915e-02
4.223746222034184886e-03
-3.611747148543619033e-03
1.526943629524511042e-02
-2.234839258076765436e-02
2.459767729927199095e-02
1.176708413798396163e-02
1.790581155276299227e-02
1.217447020126261308e-03
-3.043735250164676404e-03
6.015541393502170202e-03
1.927402679534193780e-02
-9.347608322397914877e-04
-7.430066417507891902e-03
-1.807278322364296030e-02
4.704062988072923134e-03
9.443985260204143398e-04
-3.291955086395154800e-02
2.417944585020522473e-03
5.981889267181876883e-04
-1.533625605315235181e-02
-1.775010568849491599e-02
3.034575536782101266e-03
3.843365504332365429e-02
8.458199794102640048e-05
-1.103579881122455962e-03
1.458642076163351418e-02
4.305197356400500448e-03
6.500597476284718582e-04
2.788522453283225500e-03
5.814877404982842814e-03
1.341407367326290061e-02
9.074881640859625703e-03
-1.790581155272338507e-02
1.243913559880569820e-02
1.651313552466354521e-03
4.379717333171590128e-03
7.323833779457299999e-03
1.501664505248198438e-02
2.122266190796848195e-02
-7.895808219733501830e-04
-7.705710647099089320e-04
-1.151195015708225168e-02
-8.565350781673603670e-03
-4.226932265249874233e-03
2.030725145894952607e-02
4.526910674706847992e-03
-1.284315522071622154e-02
-4.187052482499914290e-03
-1.493293667769624716e-02
-1.719148800205913541e-02
9.924259385248320603e-03
9.907395054071217386e-03
2.073559308146623661e-02
1.994281565389068381e-02
-8.305158128245684890e-03
2.221160002326492619e-02
5.152182922724842656e-03
-9.254129244078252228e-03
1.806531119595404273e-04
1.430570912503691637e-02
3.021943601477906135e-03
-2.268189628331893342e-03
1.521876730356784514e-03
8.200232030818996667e-03
3.529127573491305098e-02
-1.139047389782656301e-02
-4.707112031380901625e-03
-4.340825129234496781e-03
-4.147645154178757586e-03
1.095279569017251070e-02
9.153130552996640440e-03
-2.483140076943044644e-02
7.777831550264417172e-03
8.531706417410158533e-03
-1.406515402714865991e-02
5.082515740857350417e-03
1.573755332267740481e-03
-9.207324790667966233e-03
-2.433206552465601302e-02
-1.531129724993685851e-04
2.508354119666877501e-03
1.600648430371273689e-02
3.131467089821046018e-02
-5.425113085238957022e-03
-4.375361537274287914e-03
-1.912127328137398080e-02
-1.033249790550658763e-02
1.038233531426867653e-02
-1.099359999814352243e-03
-3.335380209524004252e-03
1.104181094053540216e-02
-1.878942633861180973e-03
3.533474456926405383e-02
-1.376085036604549929e-02
2.266738117062394413e-03
-7.408880729182941091e-03
1.338509652376975410e-02
-1.343022595212201541e-02
2.269349431803490205e-02
-6.164224802302674215e-03
-5.989456971943215788e-03
5.428820279233221614e-03
-1.281242812914529412e-02
5.696244276433023654e-03
2.857911814193935321e-02
1.348381219183790967e-02
-1.224623473504468478e-02
-6.019279326937270434e-03
1.591585058830686378e-02
-1.533128440518898017e-02
-9.944201689325284088e-03
1.476572121381555455e-02
8.664849450181179519e-04
-9.350943782862400355e-03
1.741762584958144594e-02
8.810097251200145127e-03
8.175918886848819109e-03
1.710866687980903966e-02
-1.529356915288038708e-02
6.524472844710608663e-03
-1.032990641008920893e-02
6.325348741465573570e-03
4.067951911351857380e-02
-1.337077377725027182e-02
3.119433104777745089e-03
-3.818016149750605610e-03
-4.913372598814438191e-03
-1.110963168175603012e-02
-1.499245261906903201e-02
2.131239997476444808e-03
1.699513595252985856e-02
-3.266981962370000062e-03
1.035969550950741752e-02
-8.026043783301952880e-03
-1.210588291669241782e-03
1.584173303326527268e-02
-3.829939116614811123e-02
4.395645757879943806e-03
-2.817274565210754755e-03
2.316570657969157024e-02
3.646862401620259249e-04
1.265298412503858619e-02
1.084431880088428113e-02
3.831347358876403125e-03
-2.891376186054834402e-02
2.369508737396875189e-02
-1.815855675997242111e-02
6.507512207288080816e-03
9.350863289406784185e-03
-3.551802815996846219e-04
-9.926310755341451533e-03
-2.430292091262630395e-03
3.795194725926466506e-03
8.611041175029867170e-03
2.749816292603815722e-03
-2.738324654167407710e-02
2.054066826399551793e-02
-1.236016218374959112e-02
7.600544576424954520e-03
-5.337988494967100400e-03
2.704783017579001636e-02
-6.061285729213389782e-03
4.450927300725282705e-03
5.062165213991760490e-03
3.804165417280169076e-02
-5.471587074792457796e-03
3.304106179771527235e-02
-4.091495866281612964e-03
-6.653435699875210815e-03
-4.580379546778569344e-03
3.090797802219776708e-02
-2.881128553033184339e-02
-2.871150160539100941e-03
-8.686483259203675936e-03
4.801973318911683698e-03
6.608030091391102132e-03
-8.819030507906302357e-03
-3.521387577384346018e-03
-1.080870467151869539e-02
-7.070401769356302220e-03
2.544644507148096507e-02
-7.216981277982535345e-03
-4.556664694347342844e-03
-1.301944353959175182e-02
-1.961815872485865586e-02
-8.602641818283990327e-03
-1.040807275045056365e-02
1.903280346385622258e-03
2.862932553554842913e-03
-2.224639675382973289e-02
9.009569250062691298e-03
-2.156056487119635545e-02
-1.018023467236492396e-02
7.635554558545186790e-03
3.281442689759220960e-04
-6.782366337747691536e-03
-1.983587859745360171e-03
-1.812358632193853542e-02
-2.759430138829969438e-03
1.563671453208668322e-02
1.049218321412691800e-02
-1.122066036391222840e-03
3.216714452193313901e-04
-1.580537768158843046e-02
5.646282611520800875e-03
-8.405909897611229739e-03
9.370410955549923065e-03
2.724964351970031104e-04
1.902219851245838186e-02
-8.232015618682208408e-03
-7.548097696657365832e-04
2.975274387398244014e-02
-4.879699773610421745e-03
-1.328787712871384516e-02
-1.543182512891943040e-02
-5.337755699526384318e-03
-2.245357675527255570e-03
7.373949474349202797e-04
-7.898796308844780942e-03
5.385498469913441340e-03
-1.410998473148402516e-02
-3.957045473161167545e-03
-1.241808934794251529e-02
-3.170958045334073931e-03
2.615587592580689499e-02
1.278441652709772294e-02
1.733767432892504819e-03
1.926788849962899133e-02
-6.075629008182122440e-03
-1.290944866603578600e-02
-1.617201542384562318e-02
-1.296934354600331150e-02
2.440112051551195961e-03
6.287580051280555402e-03
3.611677072392084284e-03
-3.022859947865632821e-02
-1.723701165182240725e-03
1.136851754701997605e-02
7.551212564579248658e-03
-5.032840252523367898e-03
1.234434451078497870e-02
1.644473504925720100e-02
-2.534405033076437847e-03
-6.444958357606375698e-03
-2.445182744190943849e-03
-1.134261351913531078e-02
-3.574387633904521633e-02
2.240737178188718232e-02
-8.305190014067235713e-03
-2.171060019222077059e-02
-2.070148967630741285e-02
1.023971932419947412e-02
1.445536048902550628e-02
-4.191506608321452464e-03
-7.922601748205446853e-03
6.465217458739975359e-03
1.186531407806536674e-02
4.457120803150541044e-02
-1.139473861644112879e-02
2.216252261942545931e-03
-9.201295215808494299e-03
-6.397504892885014444e-04
1.033790121554333322e-02
9.254731244786257652e-03
-1.511633465004575891e-02
1.066973301280212290e-02
1.428199328292909485e-02
1.079256095835499224e-02
-3.027163342417520803e-02
-9.982924267640851113e-03
-7.972511961297524055e-03
2.183625203894022128e-03
-2.034729097692843797e-02
-3.498560898435117139e-02
-7.113486005464883348e-03
-4.375065279192314263e-03
1.863389800378760508e-02
7.734859347048855978e-03
7.404839952178231960e-04
-1.284908052990771724e-02
6.338488293073238182e-03
2.334532152318134768e-02
6.503588220128195437e-03
-7.174768628594548579e-03
-2.419492318029902930e-02
-2.664156090620846407e-02
-5.052360873006690040e-03
-3.789227632897498345e-03
3.751111434967831226e-02
-1.666435734189093383e-03
8.075316035394549188e-03
-6.306600530853781819e-03
-5.532199995195731176e-03
-1.588327314684817972e-03
1.125134551046072864e-02
-9.120387240463538603e-03
-1.800663094633898464e-03
-5.679595439449987857e-04
-4.876843569718340710e-03
8.153317579531532341e-03
9.768064693924955605e-03
-4.339944898655321258e-03
8.310398863918766477e-03
-1.046143867809599080e-02
2.192948516368857861e-02
4.660787500297725559e-03
-5.454456680216469844e-04
-1.629145990804083469e-02
1.027963618736396113e-02
1.175329921661666735e-02
-2.876977945904022715e-04
-8.122185944620271408e-03
4.467181895174194076e-03
-5.990287843863946124e-03
-3.175732040626214753e-02
6.923301539280244353e-03
2.013481898198426698e-02
1.576365375861112344e-03
-1.368151494712470731e-02
5.095689224174782504e-03
7.103733659211236800e-05
-2.310068147494004701e-02
1.915472535732055254e-02
1.894181071880290598e-02
2.289841509142128556e-03
2.912808083470013690e-03
-1.479042350738183145e-03
2.101719201925451863e-02
-1.281968699758392546e-02
-8.302289884876010162e-03
-9.670617172096914252e-03
6.810311612780605220e-03
-1.199469659610294739e-02
1.064800544119044387e-03
1.094144456074099860e-02
-8.852243485976617546e-03
-1.413169914683097377e-02
1.615759143335716212e-04
1.562206326396838388e-02
2.213000770063136211e-03
-4.791576636923100714e-03
8.412800881887063601e-04
-3.615477707197093174e-03
4.120110148624130109e-03
1.907429127621151216e-02
-3.036434731892575720e-02
1.536328329760941989e-02
-1.400147778263344418e-02
1.368837625912967815e-02
-2.216152749046400652e-02
-4.077627663712546195e-03
1.537255674200469933e-03
1.353179461516032002e-02
-6.526632029185973176e-03
5.311127225883266641e-03
-1.670671025433394935e-02
-1.873847546671863346e-02
7.658846594871680964e-03
-1.499266129344091307e-02
-1.000155138094304015e-02
1.807900111792957662e-02
-5.402976658248527173e-03
1.641684309457982702e-02
-1.553115424800236011e-02
-1.988173317956544797e-02
6.968081221027201851e-03
-9.532155730170074198e-04
-2.903733043556055993e-02
-1.030136231515579696e-02
-1.735904115519426583e-02
1.015588360114529250e-02
-1.072606004080175514e-02
2.647887187600950210e-02
-9.792824664568263587e-03
-1.007865729008412987e-02
-2.240811353904263725e-02
1.604308605602218149e-02
-1.376606572854704481e-02
-3.312410574511297483e-03
-1.211451316277827386e-02
5.240849677117312422e-03
-1.353803720126082674e-02
-5.739609952154723672e-03
1.671648938683142904e-02
-1.733137996928792515e-02
-1.643603086799372802e-03
1.526207943078801421e-02
-2.735637974859061669e-02
6.502100418066435010e-03
-2.626293399478283382e-03
-1.612777486389679101e-03
-8.404531007109231414e-03
-1.156155953166604664e-04
1.301319002165351665e-02
1.179300233197111587e-02
-4.135353882763537214e-03
1.817407170547796075e-02
-2.224379745688480695e-02
7.658581299027797558e-03
8.447180725585694272e-03
1.157958404411301746e-02
-2.370171356561806553e-02
7.512472352568812760e-03
4.518602084731264575e-03
3.960851842606775844e-04
-1.571919365562498769e-02
-1.131211401738010502e-03
1.925438650580101529e-03
3.291408965980231055e-02
5.682697237307928010e-05
1.586023277197688708e-02
6.084282056389680136e-03
-2.879454183235078540e-02
-1.548824452276023091e-02
5.772301232431597054e-03
1.618460124247554990e-02
-2.614605312709534254e-04
-8.561431034193356035e-03
8.824940432701568888e-03
-1.319621296779205366e-02
1.004737133777270849e-02
8.297524835253491937e-03
2.047243742471100553e-02
-1.048065962090190002e-03
-7.084222828104287661e-03
-1.593201004809335214e-02
6.826241364286691994e-04
3.006526109075780451e-04
7.765594207376739708e-03
5.179666688087096287e-03
-9.169709061408404249e-03
2.170542502966806356e-03
-6.011059615293783825e-03
3.736852331579277632e-03
-4.691946521534506344e-03
-1.539844859803256825e-02
3.349461045277473802e-04
-7.962588122638853544e-03
-5.871255599526358816e-03
9.424376388433282001e-03
-2.485204120955153764e-02
2.192591715390916282e-02
-1.863828223304247675e-02
8.080677738998592874e-03
2.906176920246243689e-03
-2.548818536899493531e-02
-1.833395860016021756e-02
9.328504698934940789e-03
5.490218440187743729e-03
-1.046327606732351534e-03
9.583868521370350699e-04
-2.698385788226240201e-02
-2.057761097584024854e-02
-2.080663773166940844e-02
1.911216497180170254e-02
1.589143673686522693e-02
3.486658367763153382e-03
1.709914337313345190e-02
-1.703661685200799289e-02
-2.456753900871744972e-02
1.559520534786775631e-02
-1.532300998685925432e-02
-8.001759750863557744e-03
1.876056320264692231e-03
-4.012901221732523976e-02
-1.362443424761496449e-02
-5.356636662223423356e-03
6.892278611315474750e-03
1.335197080533148933e-04
-7.090260618532602012e-03
3.055668794841025779e-04
1.262404111673583098e-03
9.798757839971257433e-03
-1.318287197458138833e-02
3.475156176676455228e-03
-1.129134828922950416e-03
1.494897926971326500e-02
-1.656448116438987220e-02
-1.491071192680319896e-03
-1.632682223147336950e-02
-5.158065497718732420e-03
1.248512156816839434e-02
-7.898854850406242462e-04
-1.924304942349030004e-02
-7.275378608010938351e-03
-1.083588944778365176e-02
-1.665957387353441538e-02
2.237020975607455567e-02
4.717979424579368157e-04
2.055125627040096589e-02
1.470041487424602125e-02
-2.632399377560094150e-02
-1.540553180495744974e-02
4.113847220403684356e-03
-1.819720842131143310e-02
8.046594048398677873e-04
9.217513023873854378e-03
2.198013561924732143e-02
5.608205166100502931e-03
2.079019926419371778e-02
2.249553436132261872e-02
9.062525871930366544e-03
3.712866133272645953e-03
-2.487362898726449764e-02
-3.202206633884591494e-03
-1.730680974085735966e-03
-2.423437265721724299e-02
6.263985659915748041e-04
-3.013740054473872457e-03
7.884765910563541411e-03
-1.893592472907618465e-02
-5.584591170456848150e-03
-4.172528309534159589e-03
4.514570807465391293e-03
2.081952567046751329e-02
1.771499353811897045e-03
2.110210193657627992e-02
8.317836547343724490e-03
3.193417479500847058e-03
8.361567802412105815e-03
-5.487339461411351767e-03
-3.412948775943271725e-03
-2.604629816902770401e-02
2.651487656277401114e-02
2.793725937264137163e-02
1.572757540028674487e-03
-2.891145873540836367e-03
-9.055233587051091104e-03
-1.825732516416213314e-02
5.890049397876597620e-04
1.023913317765663342e-02
-6.255481610415684381e-03
3.417789755190881254e-03
1.405508966390189157e-02
-1.075788269466954744e-02
-2.085046646300356757e-02
1.952664082580363517e-02
1.563687416151895299e-02
-3.510620983782678905e-03
-3.517788214271115599e-03
2.444934785445810818e-02
-1.175410253712030331e-03
5.636753061324127623e-03
7.283911470045555982e-03
4.734319322520204841e-03
8.148949053332748757e-03
-5.143078311808511015e-03
-8.470730385884309849e-03
2.471445116779571669e-02
4.197460358245097729e-03
8.606157476695679154e-03
1.502769667504928654e-03
5.413931708883347287e-03
2.057501074631055277e-02
1.044346161924654751e-02
1.315324151134379671e-02
5.292044460178574154e-03
2.698039620656821416e-02
-3.121742836155190493e-03
-4.007613965149328661e-03
-1.720720238810537119e-03
-6.310281021661180711e-03
-6.663308338208548355e-04
-3.803073221647722659e-04
-1.043095132671679375e-03
-1.679008948097691217e-02
3.148308399672184940e-03
-2.004255756329543364e-02
3.366984282001329789e-03
-2.673636697493664283e-02
1.295095810841061235e-02
-9.839653205817920287e-03
-5.428708283167089574e-03
1.262676303542049731e-02
2.851537111701409055e-02
5.093609533163795909e-03
-4.156324095194138812e-02
-1.963904393292205744e-02
-1.392880838638675678e-02
-1.458884849710575388e-02
-1.629420256651931825e-02
-2.821400550227043044e-02
-1.585899185016466720e-02
-2.078817670339026466e-02
7.105774929368428641e-06
1.251578837334748305e-02
1.496887509786355187e-02
3.640652429549984248e-02
-1.532305981155194022e-02
6.682431058081824901e-03
1.934243560499921202e-02
-2.219103636937660995e-02
-2.128109871952020560e-02
1.542786958967195350e-03
2.895303375788727332e-02
-1.150658326851950602e-02
2.569657120968543706e-02
-1.025106405148612336e-02
-5.542984559020704659e-03
-1.425232397827234584e-02
-3.073326299960744967e-03
-4.727868571316263917e-03
1.513012350725805207e-02
1.730612793801706434e-02
-6.296322119663408552e-03
2.032186799618221351e-02
-1.443409510559952834e-02
1.198142951662413414e-02
-2.471199933681092389e-03
2.870486888328485642e-03
-1.248429375831068382e-02
-1.281615367303424319e-02
1.124905836746435510e-02
-2.148533349952644333e-02
1.221288853797962773e-02
-5.199430250160120594e-03
2.355082648225291161e-02
1.188783537164155892e-02
-2.955345805910327209e-02
-8.773919924462299930e-03
-4.737885472646432249e-03
1.019530076526042710e-02
-1.773567904803427910e-03
1.850045930344015530e-02
-7.522401334653364656e-03
1.155391216460722667e-02
3.092835301555374363e-03
8.636492320887027840e-03
2.262563349894845723e-03
2.964171274772091184e-03
-1.077554257297709886e-02
-1.251483653438040244e-02
-1.175056609397148255e-03
-1.647202099037818612e-02
1.043093529132721464e-02
2.482758795115775578e-04
4.025042059307819449e-03
1.736478492888350600e-02
-5.708782280894471664e-03
9.942726097763586110e-03
-8.535605485360810499e-03
1.039957022944069942e-02
-3.044544490509963966e-02
2.899438520163523728e-02
2.576967351941800502e-02
1.082150012878377310e-02
-2.461737237632847727e-02
-3.003178751763703816e-03
1.642178515375985809e-03
1.543553719118164261e-02
-1.732270479184678039e-02
-8.961413379112395661e-03
1.533882773982503389e-02
-1.661735871977300730e-02
5.667014766503736950e-03
2.688174315156249827e-03
9.185205766182896747e-03
2.348347596170944837e-02
8.705104450877580030e-03
1.311575000625392860e-02
1.028661114083751979e-02
6.074853795269834211e-03
2.740577859115965118e-02
1.973278653080145269e-03
7.778763018088543854e-03
-2.647025016987970825e-03
9.380531543328457858e-03
-1.366829483333882080e-02
8.956949698442906449e-03
-1.662242514722129735e-02
-1.224495580338886462e-03
-2.450957852885597699e-02
-4.531936697806534381e-02
-6.061538576276165427e-05
-2.279997825030610423e-03
-1.916581267352244003e-02
-7.166066776673366695e-03
-6.765322158729511134e-03
-9.527844494666299832e-03
1.860190388127010847e-02
-1.866255953259381498e-02
1.336125358843551908e-02
1.173970028252678023e-02
1.386282478125517095e-02
2.646319350382635854e-02
1.525565202876535097e-02
-1.163474050023529868e-02
1.725834929251917477e-02
-1.659934237760500933e-02
2.138691707354364868e-02
6.961306705327800076e-03
-6.073650485105398442e-03
-8.947945302019748304e-03
-7.499038348474890842e-03
-1.849817621617752192e-02
-5.430058604316759588e-03
1.235947500791362459e-02
-2.344531542295805182e-02
6.859726102523851623e-04
1.588582407680877093e-02
-1.447188428371099650e-02
-5.698674047385634623e-04
5.068868828135308403e-03
1.777118622764515404e-02
-8.062775221642386192e-03
4.944139082627362590e-03
-9.242905981163528073e-04
5.583308703387423327e-03
2.155355420295135792e-03
6.797999504251321136e-03
1.605374832657699077e-02
1.602816277134767181e-02
-6.689385001059767674e-03
-2.130835092040612305e-03
2.091177486448365637e-04
-6.855722983883561286e-03
2.148855358254701461e-02
-1.063740527528427363e-02
-1.126440110533740747e-02
1.192016865970326085e-02
2.425530257526808432e-03
2.095393743919890528e-02
2.596563048892911937e-02
7.388346707409737188e-03
5.861921958483757612e-03
6.406875459623086362e-03
8.529577391193856814e-03
1.300802655527348237e-02
8.657347411115554059e-03
-6.988841423117164546e-03
2.585090621751409690e-02
-4.920190069297202158e-03
1.802193566419435858e-02
-4.792281237428479453e-03
7.125142732456379510e-03
-7.773349438892319767e-03
-2.136899214615965020e-02
1.268174449815526704e-02
2.550265466931871117e-02
-6.243352543426046106e-03
6.989988605936543059e-03
1.011019458404667504e-02
1.948383951601531661e-02
-2.794002378385179730e-02
-2.624210625417530696e-02
-2.430388816357936885e-03
-3.083936963320399460e-02
2.071233461616633562e-02
-1.297675090566479533e-02
-1.059205331005247559e-02
2.397605433900134447e-02
-1.825763091438400987e-02
-5.975549920803225473e-03
7.399192780650790287e-03
9.758255081219609564e-03
-3.364413218960101565e-02
2.133763379959539158e-02
1.077682435828026045e-02
2.897940731070342175e-03
-6.738204707387890693e-03
-1.056192740547723212e-02
-3.254995052773281689e-02
-4.357226051222134675e-03
9.582802276590446366e-03
-8.489758237350346001e-03
4.258524212143944415e-03
-8.638827043311203546e-03
-1.393994633065945808e-02
-6.917143759290653518e-03
1.218321055111534247e-02
-1.562787565625860242e-02
-1.734557416031638072e-02
3.171973947599896794e-03
-7.037132745202573456e-04
1.314111110920190145e-02
-1.068312179335977139e-03
-4.033269073900948645e-03
-2.387640725687832643e-02
6.475354927378712024e-03
-1.923633335619664606e-04
1.146286575526359042e-02
2.043600647784719546e-03
2.264219786338408924e-03
3.230431401217046319e-03
1.182894823019969843e-02
1.348387651232543782e-02
-7.022972147677494087e-03
1.858434278520050900e-02
1.081081833062050128e-02
-1.064795259779114343e-02
-2.014703054317041123e-02
-7.633878813608286837e-03
-2.498096153141107778e-02
-1.371418034948390305e-02
1.352068733294124747e-03
-7.930548326523834167e-04
-1.378824809144257174e-02
-9.266759066662180397e-03
2.519418818428446546e-02
-8.565038597373396054e-03
1.025799211200664578e-03
-1.731984346109864681e-02
1.303051073736646685e-02
1.906776244487794897e-02
-1.591570827733122112e-02
8.485871847791653586e-03
9.066272728802345082e-03
-2.141517529778978052e-02
-6.262399841311879628e-03
-7.690204055676717540e-03
-2.923824670080495472e-02
4.208183031266809343e-02
4.038668275131498259e-02
1.298886136453415588e-03
-9.498291332982483235e-04
1.323982119385193681e-02
-1.749243370135770623e-02
-7.637703201714749097e-03
1.371179766672831271e-02
-6.400852848967280434e-03
-5.419123620733005443e-03
5.696204542054180038e-03
-4.043171169316237164e-03
7.074585460934762135e-03
4.521537329910839051e-03
1.111093179934906187e-02
-1.313674549206070644e-02
6.658015784324593754e-03
1.744157900164059957e-02
1.571608083557700722e-02
-2.969536617018325719e-02
-5.937946259002799829e-04
-1.061485622345652302e-02
9.302157899738558097e-03
-9.802193247821642391e-03
6.408636645236638098e-03
-4.734601070396312651e-03
1.331225727052221669e-02
5.073510113086935475e-03
-9.547681370314498386e-03
9.945976229695592877e-03
-1.317217211093770803e-02
-4.297283178984537960e-03
9.739344730714656574e-04
