5.386272200718749303e+01
5.529202386490000976e+01
4.772779130523729663e+01
4.461428766386486444e+01
4.925731364686775038e+01
4.645644131116990394e+01
4.353206469906230325e+01
3.762645917215853331e+01
3.300967409665245356e+01
3.251732153696691086e+01
4.381618154431611600e+01
4.117837232176000128e+01
4.351480881993700933e+01
4.444249935184787148e+01
3.222505144364967578e+01
2.206742704063480787e+01
8.919547309608644170e+00
8.374388462498277619e+00
1.493071877184665652e+01
2.099152041387597833e+01
5.935703192015314045e+00
7.739612287395554180e-01
-3.612712372158147223e-01
-1.637289422640110459e+00
1.378275261610770519e+00
9.203816000474116521e-01
3.659565967508770612e+00
-1.526397577939756500e-01
-5.549629792042880538e+00
-1.460633762413051429e+01
-1.725215061549646123e+01
-1.550995314637036238e+01
-2.059042538044546333e+01
-1.600533488519272041e+01
-1.535831039595729131e+01
-1.683268560821457172e+01
-1.504622509913578554e+01
-1.896061440804905374e+01
-3.058217352927642452e+01
-3.336268623825241519e+01
-3.366720312514318181e+01
-3.900173984032192465e+01
-4.410484634998620379e+01
-4.383746310079841635e+01
-4.421092043819572837e+01
-4.652366710892096791e+01
-4.755074418425392935e+01
-4.865648287735484701e+01
-4.763749444589443982e+01
-4.328908850560958399e+01
-3.526150609179192230e+01
-3.212738796285130149e+01
-2.873902563468403670e+01
-2.345109599216686291e+01
-2.280972597381813927e+01
-2.324099095072178045e+01
-1.939025055564763989e+01
-1.539374255402496061e+01
-7.350159312902658115e+00
-2.607502580807314896e+00
-5.043956097656141502e+00
-1.276031067401469699e+01
-9.613991974393979234e+00
-1.224731606817632290e+01
-1.181635534840047619e+01
-1.020106526625454357e+01
-1.043356008381119260e+01
-5.019274877238013133e+00
-9.271290782095439553e+00
-4.331827423941290611e+00
-3.376681398378526211e+00
-1.300384233901865194e+01
-2.153353003519599795e+01
-2.692568323741411263e+01
-2.512283773254173269e+01
-2.109762471872501521e+01
-2.942125730398175421e+01
-3.291792638284444905e+01
-2.346872745499732815e+01
-2.374589039281174863e+01
-2.972454122169689583e+01
-2.802795091396188809e+01
-3.397611713815853562e+01
-3.289958002375368551e+01
-1.740816204435578740e+01
-1.290228539603544533e+01
-8.745351068504577441e+00
-3.145972907106512562e+00
-9.885266213769122956e+00
-5.565443540917149434e+00
6.950007114678423692e-01
-1.445829144640970787e+00
-5.141816078326057138e+00
-5.296049100061092751e+00
-7.121903642402586776e+00
-3.048379503266079649e+00
-3.215181111409535220e+00
-4.861992870121961019e+00
-6.468754311775878563e+00
-7.548267426737511165e+00
-4.750392534191032468e+00
-1.347768265785971487e+01
-9.214083870394180309e+00
8.416872138916430268e-01
2.012860261574954457e+00
9.995470919678892230e+00
1.019737367271537032e+01
5.496132309978834840e+00
1.248457952607251675e+00
1.088661053313520100e+01
1.023863175964905814e+01
8.153240405154209114e+00
1.160701613837026436e+01
1.481602284540665515e+01
1.481685110648333037e+01
1.113271014593220265e+01
1.740662016569996950e+01
1.790378130500207732e+01
1.427447154808896634e+01
1.054901448002006248e+01
1.103850296337902925e+01
1.960677797992496352e+01
3.035495399319421139e+01
2.974286348481834352e+01
3.342874501122112463e+01
3.539500119703936321e+01
4.252837802098641617e+01
3.456695214417393203e+01
2.700020139941640451e+01
2.965235087042579920e+01
2.661027735042423714e+01
2.961350625987237706e+01
3.345648189849293885e+01
3.258560784200800953e+01
3.640302679742276126e+01
3.820271818408321707e+01
4.238309550815890958e+01
3.922513070549575787e+01
3.896414848798346497e+01
3.488709651556194302e+01
3.518636451464968928e+01
4.057700150110144222e+01
4.131682699649952184e+01
4.081045056317442743e+01
2.633708659885499870e+01
1.922872801276543697e+01
1.672866471556606527e+01
6.774395895884113727e+00
-2.838970973043422052e+00
-1.256235096812606855e+01
-1.674818497356665858e+01
-2.394886199548762562e+01
-3.230226850751780887e+01
-3.373050907305831458e+01
-3.787648953746096936e+01
-3.152832726952929576e+01
-3.460770160971864584e+01
-3.515293450400206154e+01
-3.026265645660557979e+01
-3.393802382566008191e+01
-3.056673505560579684e+01
-3.036230863332940899e+01
-3.048397634185531047e+01
-2.686057593197025639e+01
-2.295015969939730738e+01
-2.752225569297626606e+01
-2.458192375431817567e+01
-2.568450767688188563e+01
-2.070452809512359948e+01
-1.407449784433128492e+01
-8.575080438010848738e+00
2.334357417215557007e+00
-9.347323625386897428e-01
-4.355517102079191183e+00
-2.542867554758863946e+00
-4.467031951931399014e+00
-7.381036815880372970e-01
3.759188347684814246e+00
4.731747030280405220e+00
8.718317429193849222e+00
1.263765548562173535e+01
4.089906935019357093e+00
7.888874855629689264e+00
3.702476512015046684e+00
6.297269417173283479e+00
2.727391028403442164e+00
4.500294535263040352e+00
1.360902924957524363e+01
1.721733580911983807e+01
1.950416344877439201e+01
1.642395479289786664e+01
1.869217045746778894e+01
2.622370166879013453e+01
2.944435082006757298e+01
4.135977118493910609e+01
4.009504038307705542e+01
4.195375248947551228e+01
4.227385912886038000e+01
4.215090052174846846e+01
3.924088343182507543e+01
3.147440627951350578e+01
3.413306402044249666e+01
3.192962188854291128e+01
2.954040506790987664e+01
2.936105824379774987e+01
2.454089127642095036e+01
3.786028453538231275e+01
3.046979182380935569e+01
3.914703839585430956e+01
4.237222711167392930e+01
4.190578295607193837e+01
3.707782752808354587e+01
3.614480448249264555e+01
3.215619080072861635e+01
4.348765472675290766e+01
4.215737144712030471e+01
3.605219811004708674e+01
4.528090142025018849e+01
4.905688596715670258e+01
4.571043317458753563e+01
4.107537465835358148e+01
3.262249005344624919e+01
4.027896138816153382e+01
3.118194140275147674e+01
2.041759094369921712e+01
2.210575669624378037e+01
1.583352902221236214e+01
6.086462853262903039e+00
7.797214327612608464e+00
-1.940258694391296945e+00
-1.972255893934457882e+00
8.884454455534660511e+00
1.888087209688643853e+01
2.335098041426708093e+01
2.697483555912403119e+01
3.504355838810391077e+01
3.696342703153335663e+01
3.214403508640960183e+01
2.586549758122998810e+01
2.585377794743627788e+01
1.591283604848189981e+01
2.608282678231334728e+01
2.687922906223707997e+01
1.574425992740616032e+01
3.005945715671327179e+00
-4.618423568575166449e+00
-9.400117889202574517e+00
-6.629686844805704915e+00
-1.385257414117879726e-01
4.928469379671534867e+00
1.559639264744399956e+00
1.118646815004270323e+00
-1.056473838361379336e+01
-2.111123575602305280e+01
-3.132681669057650709e+01
-3.211097785304630037e+01
-3.467808986301111673e+01
-2.688020638461697942e+01
-3.208373209888690525e+01
-3.503233317230040456e+01
-3.932884506584291984e+01
-3.306970742143308684e+01
-3.433912325457623638e+01
-3.786858781035475374e+01
-3.678723996789739203e+01
-3.862443878804698727e+01
-4.647417357720471642e+01
-5.661698329004084940e+01
-5.056506531934313387e+01
-4.675770254330003439e+01
-5.873281141791284909e+01
-6.416433865656277646e+01
-6.621809387282505099e+01
-6.307587107247132963e+01
-6.209861033310833989e+01
-5.822415683196115310e+01
-6.042975423822971948e+01
-4.959251987772576342e+01
-4.997123680500740761e+01
-4.407107841998101350e+01
-4.198346515735263296e+01
-4.058824081820816332e+01
-4.615583145722523994e+01
-5.145353327806984822e+01
-6.025000501130949004e+01
-5.954132692289535811e+01
-6.791730113229333199e+01
-6.522210850927518777e+01
-6.166251552614360776e+01
-5.864910549046376786e+01
-5.241451659071629621e+01
-5.592094033991057245e+01
-4.675891100687223911e+01
-5.102722615943238083e+01
-6.618859154620848528e+01
-7.733248339774145563e+01
-7.488188608331958562e+01
-6.314032761749693634e+01
-7.079688577889828593e+01
-7.549232370276766346e+01
-7.626622054121590111e+01
-7.556657488644822251e+01
-7.720869344729949546e+01
-7.855257295913847315e+01
-7.380781139061076601e+01
-8.095079313099635954e+01
-8.216144820832114704e+01
-8.575179702343821475e+01
-7.786304580876976900e+01
-8.591131471469871883e+01
-8.604663941725759457e+01
-9.122935470452391371e+01
-9.550214471712108377e+01
-9.647233791115704093e+01
-9.166820534949462740e+01
-9.572022462700182643e+01
-1.013890512800458339e+02
-1.057858026340117874e+02
-1.011019464469427476e+02
-1.101177297982408447e+02
-1.171826811332233405e+02
-1.204454495006504828e+02
-1.125731802123864469e+02
-1.065760747626197116e+02
-1.107247249730919521e+02
-9.960233831050999243e+01
-9.911131463814726317e+01
-1.024872687841050691e+02
-9.593978495020583352e+01
-1.010685139345018086e+02
-1.079043534892909406e+02
-1.104661789169016828e+02
-1.140285596100246011e+02
-1.122486143446128892e+02
-1.085277804572540816e+02
-1.027780982934029055e+02
-1.032238882066179855e+02
-1.025421409720072319e+02
-1.032822463555111483e+02
-1.010699673372725442e+02
-1.015306155120847080e+02
-1.025719536830025334e+02
-9.181986928748321475e+01
-8.384652294230463099e+01
-8.986746385030536999e+01
-8.883054129738061988e+01
-7.659566085683809433e+01
-7.355735309588948212e+01
-7.761828434122844556e+01
-7.346679462437232644e+01
-7.212342548310972745e+01
-7.168536628549817635e+01
-6.747918698063517695e+01
-7.206214037545849749e+01
-6.885367240155841273e+01
-6.837588130496084204e+01
-7.379281764326096038e+01
-7.705355955342767516e+01
-7.261104100834985786e+01
-7.651279608414652955e+01
-7.139580265918218061e+01
-7.349080171097635628e+01
-8.414173264856626133e+01
-8.997239319909994038e+01
-8.620175469116888678e+01
-8.347251394672602487e+01
-7.702896056751758636e+01
-7.436731011467338703e+01
-7.356870094089033785e+01
-8.841715335625286798e+01
-9.692022361117183493e+01
-8.349350675573359126e+01
-7.305488758342985989e+01
-7.868199013938938435e+01
-7.150577577887045777e+01
-6.149976514809138450e+01
-6.623436364291174527e+01
-6.040140753601109935e+01
-5.301105737684783747e+01
-5.693291393594620331e+01
-6.101803773994613067e+01
-6.319761184501366813e+01
-5.920288331315244079e+01
-6.878056291724016091e+01
-6.883337308104881913e+01
-7.451887965098057975e+01
-6.757246205316620546e+01
-6.681904103376274406e+01
-6.777750544353587259e+01
-7.300632831845432236e+01
-7.994917070219884181e+01
-7.625823902860729220e+01
-7.282802206728433703e+01
-8.111060429519561410e+01
-8.323747240916827650e+01
-8.591421479208108281e+01
-8.835761929801437020e+01
-8.580915057867737517e+01
-9.056094962335721732e+01
-8.858416988095821409e+01
-9.422845279211148295e+01
-9.043986569500982853e+01
-9.306980974021205100e+01
-8.888674037474063994e+01
-8.846302339308232376e+01
-9.453407232962304363e+01
-9.314925101169269794e+01
-9.582720774984689172e+01
-8.662236944614618039e+01
-9.351206870564162443e+01
-9.598639643665099186e+01
-9.263598026919963502e+01
-9.520137237158739651e+01
-9.236256891800874769e+01
-7.422770316024134729e+01
-7.715481380885134399e+01
-8.781246842037032252e+01
-9.443356517609383616e+01
-8.717383095563374695e+01
-9.427415214350422445e+01
-9.980777833798568111e+01
-9.617494166847031067e+01
-9.298392673965727795e+01
-9.457561337125819989e+01
-8.610683216117925554e+01
-8.240928680574803877e+01
-7.945257630384072911e+01
-7.079292545994294983e+01
-6.870270323740066942e+01
-5.788610378403310364e+01
-6.415431142644483486e+01
-6.751156255738870016e+01
-5.969862509298418018e+01
-6.811264688229535125e+01
-7.676177102283118359e+01
-7.505784089084615118e+01
-7.460326757359450767e+01
-8.008086116125532783e+01
-8.024491911469263528e+01
-6.996924899464102054e+01
-6.270059277607781922e+01
-6.704527598860251203e+01
-5.683246166699073143e+01
-6.915123623709193623e+01
-7.304559215648384907e+01
-6.201908793327256575e+01
-6.649902250597344278e+01
-6.747619659345438947e+01
-7.272637703144953036e+01
-7.843551629675386039e+01
-9.721177638568309476e+01
-1.046950368213707634e+02
-1.091806131797037978e+02
-1.131908079620738761e+02
-1.045734400340770947e+02
-1.081090795054873581e+02
-1.045647375647833712e+02
-1.087071153716428853e+02
-1.147438323432341178e+02
-1.036664107554581733e+02
-9.895821349888875318e+01
-8.860512482857457428e+01
-8.601179026639522363e+01
-9.129907550204750066e+01
-9.300769042441879719e+01
-9.870531579562413071e+01
-9.722107267039218925e+01
-1.031915835408745465e+02
-1.008055029069513751e+02
-9.933329103882910260e+01
-1.020221353705008909e+02
-1.016042994274141762e+02
-1.049286627590703773e+02
-1.031409106699415190e+02
-1.077866406937840225e+02
-1.110869004350468146e+02
-1.202041557499700417e+02
-1.167968040438945394e+02
-1.192844620143987413e+02
-1.239411359636185210e+02
-1.365210233220864779e+02
-1.372157543480495008e+02
-1.216863001366429557e+02
-1.235293970177022942e+02
-1.210505476896894379e+02
-1.182699714783390732e+02
-1.070010983010549666e+02
-1.084801246306019067e+02
-1.116052946176163374e+02
-1.023741030607405378e+02
-1.039644694460197059e+02
-9.040984561310854417e+01
-9.106468563562771124e+01
-9.395096759475059400e+01
-8.848801365925710627e+01
-8.739261146984787842e+01
-9.309341357922254190e+01
-9.536919563882042894e+01
-8.939825227879502734e+01
-8.204452861853373236e+01
-8.215490210671484306e+01
-7.584911063592488745e+01
-7.942879530780585640e+01
-8.004765021905784295e+01
-8.296215775055775055e+01
-7.724043308148394260e+01
-8.173805522553315939e+01
-7.402696759168441076e+01
-8.019970889055247198e+01
-8.320561136090711329e+01
-7.411022042302991508e+01
-6.727050702689278694e+01
-6.106000733550345672e+01
-6.335896308066150340e+01
-5.998097230522978407e+01
-6.674744106278745903e+01
-7.198018670541486586e+01
-6.611472731704279227e+01
-6.937435411653510187e+01
-5.981204817265047780e+01
-6.452924363038169986e+01
-6.179198259524148540e+01
-5.577089123054966535e+01
-5.082198866223480138e+01
-5.038795689789866827e+01
-5.273002761207387579e+01
-4.868705354011850517e+01
-3.833482088412789324e+01
-4.538629841117711550e+01
-4.662325220824104122e+01
-4.138246403680086871e+01
-4.927844345164024986e+01
-5.460223361610594139e+01
-5.261046378268980561e+01
-5.702349270938232451e+01
-4.880784283650272926e+01
-4.805401793316305969e+01
-5.137335196446515795e+01
-5.258247411781540137e+01
-5.518794109723975794e+01
-4.985746338423311386e+01
-5.296243438126967362e+01
-5.308643416478368238e+01
-6.322314968298778126e+01
-7.282066707360542068e+01
-7.817000241789716597e+01
-8.615093767647486800e+01
-8.973883967934932571e+01
-8.931172831853703542e+01
-8.293908585706554959e+01
-8.416292522734731563e+01
-8.459233926251833680e+01
-8.444225260253517718e+01
-8.395301926144699678e+01
-8.576489919403633166e+01
-8.295427568749555292e+01
-8.130796697730555422e+01
-7.720608321366877647e+01
-8.041511166014335288e+01
-8.932059343924440498e+01
-9.805411732598352614e+01
-9.528233594189397593e+01
-9.040473005389266348e+01
-8.557142467735287994e+01
-7.469490137733626511e+01
-7.475210522009061265e+01
-6.874172633848986891e+01
-7.530738367282224033e+01
-7.991087626530421062e+01
-8.223177874791566921e+01
-8.759220431284958863e+01
-7.547882980779939999e+01
-7.585148292104194923e+01
-8.091260259899017626e+01
-7.888531273343141947e+01
-7.720023632322319429e+01
-8.262873654608240770e+01
-8.761491887574547377e+01
-8.425143144335220313e+01
-8.374618306624233810e+01
-8.545109935228012432e+01
-7.298006692015849239e+01
-7.583398887347122752e+01
-7.124896463481772457e+01
-7.338812477670616374e+01
-7.243082593330508701e+01
-6.934718809855152699e+01
-7.137947541583071143e+01
-6.398010618841609443e+01
-6.317083282645678821e+01
-6.721793734177474278e+01
-6.086135234894709356e+01
-6.204068223971551532e+01
-5.060780442799500634e+01
-5.558503698659831826e+01
-5.758856486246089190e+01
-5.369506395275224264e+01
-5.614918401699188166e+01
-5.175068822151263248e+01
-4.337444968092873410e+01
-4.536995035152973799e+01
-4.202030341193525231e+01
-3.392517183910218392e+01
-3.290051890846866200e+01
-3.778612520288614007e+01
-3.751911124197133773e+01
-2.629196098039640361e+01
-3.644312937871777791e+01
-3.715384582626498400e+01
-4.005670535336168570e+01
-4.734004334365529587e+01
-5.095004003395866476e+01
-5.385941650556910787e+01
-4.585658358882384533e+01
-3.849137363592872418e+01
-3.973322497444404888e+01
-3.814764045214846533e+01
-3.053729127658965936e+01
-3.153254164349544908e+01
-2.994860305598027495e+01
-2.345298319677347720e+01
-1.830439612176342123e+01
-2.035781939157556408e+01
-2.497808149152466228e+01
-1.938083690219413668e+01
-1.204163878963150047e+01
-1.085532052551133830e+01
-1.288216835966376728e+01
-1.243438319336685183e+01
-1.207312981619942605e+01
-2.271557775711061922e+01
-1.541437638775439645e+01
-1.075854981579746728e+01
-4.688645890918336612e+00
-6.567507295857355487e+00
-1.179393365583083941e+01
1.339903086223089401e+00
2.284454541355552148e+00
6.730937982344356030e+00
6.375090355689747135e+00
5.400259554491306346e+00
4.382291515241207414e+00
1.130586785752286438e+01
9.078598413457267924e+00
5.185581687497665015e+00
2.382041461902921209e-01
-3.783552852078511552e+00
-6.763305506514417864e+00
-1.132524306780058998e+00
-5.769229848719431786e+00
-1.035513349536221739e+01
-9.063553097614020615e+00
-9.259684689766752186e+00
-4.783921743439156771e+00
-1.496300497762709902e+00
-8.474266407203195905e-01
-1.014218377478556254e+00
-5.467526139824736564e-01
1.029935618019825139e+00
-6.379225853290861004e+00
-1.434830751119666559e+01
-1.290487438307108548e+01
-1.729756880063074220e+01
-1.053407885786245402e+01
-1.059794729940909441e+01
-1.827942985291258893e+01
-1.809106909051602230e+01
-8.209775819212179471e+00
-1.080688290225712755e+01
-9.782489417564162792e+00
-9.219333868971711254e+00
-1.233814184959759253e+01
-5.079150190033572265e+00
-1.122792912945930333e+01
-2.246160795629609463e+00
2.505263028916089318e-01
5.268999076943186033e-01
7.700817745473345077e+00
2.346781942884898151e-02
-1.137479267172506747e-01
3.752141418707773290e+00
1.571260485594191403e+00
3.633102586155734670e+00
5.030924644931251244e+00
5.852355871956571143e+00
2.965765836550245726e+00
9.944476065103129869e+00
9.403803055292167201e+00
5.792562752003816762e+00
1.182197186816734025e+01
9.620714322735972601e+00
9.873878155718767147e+00
5.110973334043023009e+00
8.152678814592142942e+00
1.518654925766320929e+01
1.377810394602512467e+01
6.686288512312874133e+00
6.861762051247032979e+00
8.030303290008612649e+00
-3.296266187658681290e-01
-2.782153427626130049e-01
-7.810978803447492957e+00
-1.142887668788834965e+01
-8.169911440605600816e+00
-1.076195287083761798e+01
-1.143954234424344207e+01
-6.953679592261930331e+00
-1.895417420439204470e+00
-3.574971620437277675e+00
1.383986274702368124e+00
9.983409250904157872e+00
2.051111898649324417e+01
2.162950448053525321e+01
2.815684048376501281e+01
2.769683401503362674e+01
2.756047854619789916e+01
3.503309560071119222e+01
3.120820774082064730e+01
2.997920967743041487e+01
3.376806285554770426e+01
3.370922165002199478e+01
2.703876562373945802e+01
2.555097940609708473e+01
3.186662279197698311e+01
3.393424305902683358e+01
4.397546296254854070e+01
5.140808158123040528e+01
5.472076392955372626e+01
5.595423406753611317e+01
4.253984999272427103e+01
3.967078649382056454e+01
4.086364724802337633e+01
4.195750430779643381e+01
4.303293737103304295e+01
4.373490799085784886e+01
5.129482501862153754e+01
6.857315529416877098e+01
5.979067467804262037e+01
6.023102120460578135e+01
7.552335306541445448e+01
7.361327764487083414e+01
7.186556961628670592e+01
6.263212255161517561e+01
5.418909815527612750e+01
4.565690784519944856e+01
4.149422207839966603e+01
5.042084408609768786e+01
5.498547580502648202e+01
5.026937604872931331e+01
5.550181553557468561e+01
5.794707584969157921e+01
5.177717089430871056e+01
5.735441694463326456e+01
5.937816889081863536e+01
6.010630152336230481e+01
5.735998349818494546e+01
6.532786431074664790e+01
5.934572014567377352e+01
5.790184021584363450e+01
6.513140548561892729e+01
5.049695865063585387e+01
3.412553189422462907e+01
2.938066663480637075e+01
3.060870617353003809e+01
2.952184156971231843e+01
2.944876542498952077e+01
2.540604021090809894e+01
2.349215656142357389e+01
2.551496930430994325e+01
2.987242393338586410e+01
3.173286142780852970e+01
2.412998840609552786e+01
2.027205830956154387e+01
1.985512484874416472e+01
3.367812619987027745e+01
3.359918150172370588e+01
2.227747045977181983e+01
2.038087993984397173e+01
1.152630741235570788e+01
1.321270947733378343e+01
1.065933725686523381e+01
1.062010550825496402e+01
1.290152450118812411e+01
9.713646011298624927e+00
-4.219243843227079793e+00
-1.013752913321809501e+01
-4.688017255494874469e+00
-3.281918338908120347e+00
2.376927614404195754e+00
-3.707081032441276319e-02
7.623355237981495947e+00
1.012299882533668338e+01
8.529728999521191568e+00
9.901385796991375443e+00
8.668429081096627797e+00
1.221643090942442100e+01
1.638649748212322521e+01
2.189130569229485346e+01
2.923264841864236629e+01
2.949796548238482785e+01
2.385840765853937384e+01
2.308443439338246961e+01
2.177206379174332795e+01
2.621460753762083939e+01
2.905567599437998183e+01
3.125043335161144853e+01
3.124044064561925182e+01
3.809262918256081321e+01
3.243593874097435048e+01
2.717927298164967453e+01
2.838787891404513175e+01
2.445611805816997020e+01
2.162757744227028311e+01
2.207528932260302312e+01
2.842155263551067534e+01
3.083290441317660324e+01
2.987029783079863066e+01
2.908322309911539705e+01
2.913273241637063293e+01
3.011548621687359528e+01
3.487084647323664655e+01
3.947502501916539330e+01
3.398083501154911801e+01
3.144585521709073817e+01
3.954079780958680601e+01
4.857121554004142183e+01
5.975599243280722561e+01
6.058017473441911704e+01
5.869422528829460362e+01
4.795822655537768497e+01
4.995519614539469444e+01
5.516246166424300412e+01
6.103584192763447902e+01
6.255641636851353837e+01
6.294596008529498476e+01
6.327450631709483986e+01
6.734654151675067624e+01
7.887327236177343082e+01
8.249330976329146381e+01
8.457288922990531432e+01
7.935127894158200945e+01
7.344550722877480098e+01
7.131625861089625573e+01
6.087938358935170413e+01
6.139202437629342057e+01
6.970219680637141835e+01
7.512562498094241903e+01
8.252672318897953119e+01
7.423659480947384282e+01
8.418951590403955265e+01
8.508800994238860937e+01
7.827947568481805263e+01
7.864816524550251131e+01
8.013113485311539819e+01
7.558225648790855189e+01
7.217826460930956500e+01
7.684258693451555189e+01
7.276389625603414402e+01
6.163952704195745014e+01
5.544760072835862985e+01
5.253440053316370495e+01
4.637924726012690257e+01
3.468011832886591606e+01
2.800764380719719782e+01
2.440473482953934337e+01
2.989867479538991901e+01
3.044351639481707750e+01
2.441841593776436170e+01
2.601330628973363446e+01
1.697968911015422577e+01
2.154765846375574867e+01
2.080434187846561755e+01
1.462848032417378974e+01
1.760107380306575919e+01
1.278066799260814612e+01
6.629691061357534387e+00
7.305635303761207844e+00
1.149144728605955379e+01
8.602161215334151123e+00
1.184617984708380334e+01
1.512267288178993319e+01
1.108850860715552322e+01
1.147577873391323244e+01
8.955219058162022350e+00
3.590237957231975141e+00
-4.142123936676361140e+00
-9.181083956964231518e+00
-1.350523492175146245e+01
-1.544630476990067081e+01
-1.105173453477283196e+01
-5.773800837405708819e+00
-1.239008342737646018e+01
-1.238742815563179889e+01
-2.447604369747614861e+00
6.605679124882891884e+00
3.976663116244392171e+00
1.026930514997689503e+00
3.438123093862067492e+00
1.050117794353737821e+01
9.666913263794299382e+00
1.110516481100138009e+01
1.116579260558966169e+01
9.204674549256168348e+00
1.294544067646227070e+01
8.922180718417161316e+00
1.550643995711620171e+01
1.242402988735290847e+01
8.757167118502170666e+00
6.268195898443951641e+00
5.117800712179143119e+00
5.010758306518776628e+00
4.987955639536722607e+00
2.395250068388397491e+00
9.096699423869699430e+00
1.327954467274815720e+01
3.482833134315647117e-01
4.541010456015200369e-01
3.371339786075107536e+00
4.178990792585158154e+00
-3.889444269542180699e+00
3.142707795971389828e+00
-2.361125815720291621e-01
5.201389615149091483e+00
1.354423430621286073e+01
1.564626207826935023e+01
1.620910091488116578e+01
1.573469337117756162e+01
8.170450397997543135e+00
3.188329315004659659e+00
1.106596876395778040e+01
1.234283526107116025e+01
1.588196770145752446e+01
2.183520700219220245e+01
2.065288606444448760e+01
2.328866512183664383e+01
2.395071120682491639e+01
2.119799839524320362e+01
1.433070711893888216e+01
5.319723467641641612e+00
1.164607560301117495e+01
1.036325990818782294e+01
2.105980289831945385e+01
1.828774961423294698e+01
2.241657336151283531e+01
2.247604676318352546e+01
1.639390721542524787e+01
1.107452588826727080e+01
1.469014701711711623e+01
1.568224263056539058e+01
9.859623167789141718e+00
2.162208494872245979e+01
2.046255639245982749e+01
1.901961233200066914e+01
2.033983518761480980e+01
5.204519832639393329e+00
2.368784016426340511e+00
1.816978992400978754e+01
2.723195888744206528e+01
2.564165277418626587e+01
1.973839925504800519e+01
2.924226922206570478e+01
3.069096673348634141e+01
2.265965125667408486e+01
2.852156305320669460e+01
3.893472412903817315e+01
3.119951292924901054e+01
3.044727644005366329e+01
2.275684637092645346e+01
2.117719231980747807e+01
1.613398801884060063e+01
1.448564309479250412e+01
1.918292734829736901e+01
1.554512470169936300e+01
1.987050538986423120e+01
2.697810098689632596e+01
3.690448227192430863e+01
3.822981233061693018e+01
4.042935351126968868e+01
4.746850567562528767e+01
4.887765615400019925e+01
5.013791323291498259e+01
5.456137389735185650e+01
5.978777755170641228e+01
5.358058941711159662e+01
5.500170039385786680e+01
5.654979084997290784e+01
6.086771389684977862e+01
6.070608471309695631e+01
5.814126455182189801e+01
5.438245936668924685e+01
5.064984834648953438e+01
5.387403622746419529e+01
4.518672672153905268e+01
4.621384354158873009e+01
4.630818648970625162e+01
4.683898159406277273e+01
4.622362548645277514e+01
5.450076399106485070e+01
5.803392084306666021e+01
5.746293350309472459e+01
6.139839203899345677e+01
6.174842855294123467e+01
6.528202272857245703e+01
6.243410341453733992e+01
6.833776426398513593e+01
7.406100309155333150e+01
8.093128722734272174e+01
8.904588503889161188e+01
8.607341688076863306e+01
8.252196625561232679e+01
8.529429563997565822e+01
8.694394510204578808e+01
9.242752049602307807e+01
9.921575517553563373e+01
9.759425641037364585e+01
1.038705739435333868e+02
1.142925378316346752e+02
1.147955186954655886e+02
1.119064814082517074e+02
1.117271705931163126e+02
1.148001964572260079e+02
1.154525942787155657e+02
1.127348742412086864e+02
1.083985866199604686e+02
9.756620537080480915e+01
9.873572503912338050e+01
9.498368331116110141e+01
9.136011995508542327e+01
9.790204231322623230e+01
9.733938341819981588e+01
8.435306790995197446e+01
7.701044745617029719e+01
6.956477314274995649e+01
7.545412171087571096e+01
7.577986442245759235e+01
7.754126761474942953e+01
7.626812605438593096e+01
8.034832236792257731e+01
6.974888840595110651e+01
7.863692066960884119e+01
7.907757365696460283e+01
8.081751878449308890e+01
8.361470169866079516e+01
7.838394850029368399e+01
6.422972591299649991e+01
6.581388858873887671e+01
6.870344239876406789e+01
5.978866153249163773e+01
6.275510057867369795e+01
4.936703035770797499e+01
4.989891547474807965e+01
4.644673513152288535e+01
5.200087594675534319e+01
5.381678605612925281e+01
4.915927211330261315e+01
4.493453043849848427e+01
4.523071574216031365e+01
4.454120491656606617e+01
4.051018669726546051e+01
4.220501354375971914e+01
3.708235393537861313e+01
3.893643576052314614e+01
3.855869204557546226e+01
3.232321205966213995e+01
2.871055212828996517e+01
3.046777970581878137e+01
2.669777154326209256e+01
2.949615082104661568e+01
2.797197325942284962e+01
2.547754581368656090e+01
3.871456852937215132e+01
4.961346734956977400e+01
5.851507224286949338e+01
6.115430952767524531e+01
6.034105310078394524e+01
5.522676945440115048e+01
7.117719327629394854e+01
8.420061141504693580e+01
8.376822199938217750e+01
8.328324455069400756e+01
9.009660741916459870e+01
8.024240394884712657e+01
7.327310644503553760e+01
7.399279085298053360e+01
6.527775777035472515e+01
6.491059558288131370e+01
7.015569871747057107e+01
6.169945350855124389e+01
5.907150890707914925e+01
5.420478358764356841e+01
5.327451738282086069e+01
5.227561705712849260e+01
5.309749951096551257e+01
4.742114412539990553e+01
4.957650364827166811e+01
5.338029527221672055e+01
5.414974879936508501e+01
5.017797951926540634e+01
4.746776096693409386e+01
4.795473516156811655e+01
4.995473606104708608e+01
4.107984139043718841e+01
3.357641637961470593e+01
2.961774567685419868e+01
3.711318607253977575e+01
3.734848740518361865e+01
2.575378358949542701e+01
2.776416559114922933e+01
3.607977551470312960e+01
4.089452379098106860e+01
4.341485161487235445e+01
4.394160658718844559e+01
5.026096898095217824e+01
4.716541145588404049e+01
4.703264345245988665e+01
4.699597532956892820e+01
4.834145908053432805e+01
4.878663496399670407e+01
5.149519573554186280e+01
5.260806785569958777e+01
5.053342664270889628e+01
5.983959968422826847e+01
5.776064742408895825e+01
5.752721465093185316e+01
5.450541473004687276e+01
5.379140014585237850e+01
5.004588539944155912e+01
4.854696924339717867e+01
4.640499829067202597e+01
4.550444303265917512e+01
4.076107547067918802e+01
3.714476421302676812e+01
4.801604033768238367e+01
6.317645067846665796e+01
6.590532511424336803e+01
5.905154338763530575e+01
7.094421994131475628e+01
6.445556177384916907e+01
5.300933581864187971e+01
4.834022524931168618e+01
3.916113859222485871e+01
4.789902102743337764e+01
5.574781885201908693e+01
5.389456486676149893e+01
6.267586750919662819e+01
6.843984758968665005e+01
7.491369557302110138e+01
7.725678247999495341e+01
8.070509853824998459e+01
8.439291520144792003e+01
7.940701390702872686e+01
6.684250694688184069e+01
6.510115958647372736e+01
5.551353815949454429e+01
5.127243217836198141e+01
5.794211560761897317e+01
6.670227285912493187e+01
5.826710212835219949e+01
5.261634009048838578e+01
4.386652317417119917e+01
4.739846027535653405e+01
4.327460890417000172e+01
3.425574137432261779e+01
3.811000754820424419e+01
4.290508721253210211e+01
4.259532000920427208e+01
4.588352494126004899e+01
4.999036380591329021e+01
4.014797808900218001e+01
3.392035839901198102e+01
2.685370995521565618e+01
2.359689155299111718e+01
2.678116183020549457e+01
3.144885629720889142e+01
3.531083180747184969e+01
3.262449977251453959e+01
3.155129677125179199e+01
3.512774828970299978e+01
3.205654648348338043e+01
3.837205566622615294e+01
4.626743396987682644e+01
5.096292844896674268e+01
5.749051280669227282e+01
6.155860586953263436e+01
6.164318610428473733e+01
5.378978289084024311e+01
5.778919260986860706e+01
6.080197112798793313e+01
5.673538288588464695e+01
5.569598213201041403e+01
5.527372082153675592e+01
5.189972935076816185e+01
5.209147359240044040e+01
4.695771006851180118e+01
4.464175456465255110e+01
4.706382743228846977e+01
5.045147066089203491e+01
6.142663818385253904e+01
6.325127499924474961e+01
7.675347386840981301e+01
7.924427494406515393e+01
7.680047861068908333e+01
7.684567750757832982e+01
6.555046790332589524e+01
6.318650193328630849e+01
6.203904037657390091e+01
5.853999617690468682e+01
6.459177211189026480e+01
6.790408860901135313e+01
7.098096404966321415e+01
7.214014991225320728e+01
6.891179623409259136e+01
7.295541957990917581e+01
7.250298125239429226e+01
7.333235578289225032e+01
7.021978860870396488e+01
7.086634667724680980e+01
8.237877156575713400e+01
8.773354231173594542e+01
8.771347647116630242e+01
9.653033479667217875e+01
1.046327268561641262e+02
1.028060777979604694e+02
1.081912950161984384e+02
1.111422952083817108e+02
1.018453408833417342e+02
1.004062439598452698e+02
9.971272242519218310e+01
1.030658309383382942e+02
1.077596257788841569e+02
1.141019457129951178e+02
1.116506007414697876e+02
1.156235799406043441e+02
1.214573499865520034e+02
1.118928120334327758e+02
1.125036237449489960e+02
1.045369800799378623e+02
9.903810943765894592e+01
9.956895697739061291e+01
9.384118297207605508e+01
8.886438843648672048e+01
7.907090486971083010e+01
7.948405655575322726e+01
8.154762453559166602e+01
7.553530662455735012e+01
7.605886787286462436e+01
6.695764002283550553e+01
6.771554079845668639e+01
6.728167672572676850e+01
6.499111618217899888e+01
5.700799066657374681e+01
5.948834858961073735e+01
6.223042900248752574e+01
6.634919749418054380e+01
6.343398150320822282e+01
6.083071433425669738e+01
5.025932018021451597e+01
4.594714162953874137e+01
4.487187766024207747e+01
4.675169386086938772e+01
4.687834685789264455e+01
4.367050085049310582e+01
4.195702166993127236e+01
3.923166451768525320e+01
3.929193701564333452e+01
3.579078045424014931e+01
3.527580022985246444e+01
3.576812405660095351e+01
3.050957757534782644e+01
2.139755512672501325e+01
2.535166997560016711e+01
2.758274064682158411e+01
3.515970558854230887e+01
3.335301403759412153e+01
2.400773163448104697e+01
2.144289686087907398e+01
1.979976497068174268e+01
2.112636005925231331e+01
1.350530204284305569e+01
2.185428078860487133e+01
2.753937692449264674e+01
2.831957137766252330e+01
2.988763652774234814e+01
3.145809441436250964e+01
3.061232131444768356e+01
3.268015505915925445e+01
3.310974126397170636e+01
1.820238079182029622e+01
1.481898368641314256e+01
1.611236999271726233e+01
1.285348497909141052e+01
1.387494036935269115e+01
1.191568358779105630e+01
8.299322463592707422e+00
3.854174341830608252e+00
2.484980714787333067e+00
1.008190185638846792e+01
3.096373879985788502e+00
7.100493530288078503e+00
4.063016806909665490e+00
5.401120118578320195e+00
6.382651356772121254e+00
5.036936683157618166e-02
-8.946913052064243033e+00
-9.474315882793854726e+00
-1.015829731395588809e+01
-8.563302783538931706e+00
-3.563343179805136263e+00
-2.559163645591461034e+00
4.037502199226067567e+00
-6.444508207701308278e-01
-1.094807855769799110e+00
-7.596094556538256271e+00
-1.661700182999421571e+01
-1.348007852283008923e+01
-1.000517650781476142e+01
-2.566577425354511277e+00
-1.269997614719112278e+01
-1.614030357076447686e+01
-2.576459994371028017e+01
-3.121563749639705421e+01
-3.183455415415286538e+01
-2.805636484226216254e+01
-2.560577742051936667e+01
-1.815675242401438894e+01
-1.332099792051446840e+01
-1.257725435218818077e+01
-1.067766679696637588e+01
-9.217692913587063330e+00
-3.894604626281035209e+00
-2.292504260245899150e+00
3.321813276517762592e+00
1.235732456316811501e+01
1.308721670085670574e+01
7.626182851674789376e+00
4.413970772823097022e+00
1.889165219006099017e+00
7.890258284823195467e+00
8.694398988506268466e+00
8.202283574914313036e+00
6.940789894422852990e-01
6.968586279634684466e+00
1.264704408439712147e+01
1.679924732607269888e+01
2.432880969180735065e+01
1.830703415638437903e+01
1.843444640907862109e+01
1.665611466563474252e+01
1.967264141762055729e+01
1.850650654504783077e+01
1.146007386283341667e+01
1.631300404514185232e+01
2.348103968893557081e+01
2.727116815763671198e+01
2.176554181657365561e+01
1.665439763228701509e+01
1.675952811684055632e+01
1.726029827560306629e+01
2.481981280236164622e+01
1.399656150413743028e+01
1.152384964473616336e+01
9.522078396777851950e+00
5.841633500916621813e+00
1.078889270552593338e+01
1.106381382149994685e+01
1.445415883090261389e+01
1.643795861758664145e+01
1.588960334334245239e+01
1.257226443094987900e+01
1.109967269429650294e+01
6.399777440968481557e-01
7.379421057127165895e+00
7.278516540607414598e+00
4.164784720593353029e+00
3.079631267662375826e+00
9.417715542263069839e-01
3.951051717045849787e-01
-1.004122058538178486e+00
1.976056248448891051e+00
-4.819984865584890699e+00
-1.356695638662591463e+00
-2.879461573371781213e+00
-9.297896579817537699e+00
-1.802820407904362909e+01
-1.605637864739933818e+01
-1.744858829196284233e+01
-3.139697227564591842e+01
-2.610544951905060884e+01
-2.721010846357088298e+01
-3.978469730197654286e+01
-3.901530578790396220e+01
-3.723514039595510638e+01
-3.874087939515691659e+01
-3.538852497303494005e+01
-3.599172788466169948e+01
-3.761620809797549470e+01
-4.367670037928500903e+01
-5.068265036990491978e+01
-4.796202532822749731e+01
-5.463164076806455682e+01
-5.730266170801621683e+01
-4.598823841758873243e+01
-3.963536106236372802e+01
-3.786119656162856728e+01
-3.687179562847797598e+01
-3.201913299630654564e+01
-2.991948310993549853e+01
-2.531388224735925974e+01
-2.347291002401053106e+01
-3.120347539830102690e+01
-3.051261834625915981e+01
-3.445516748660502060e+01
-3.465450328086538434e+01
-3.352411643227028293e+01
-4.280027234103621225e+01
-4.522538377520680797e+01
-4.918143835527794039e+01
-4.622970791112940958e+01
-4.269975926313816217e+01
-3.949033128042593432e+01
-3.617862111058556707e+01
-3.554095141242619604e+01
-3.660024640786253514e+01
-4.840897977740313252e+01
-6.001839445398746875e+01
-6.333853953708545248e+01
-6.296319360877491533e+01
-7.106881922261838724e+01
-7.257437955919995431e+01
-7.405642382130668011e+01
-7.157561328038445936e+01
-6.391309274598944512e+01
-7.335983578477301137e+01
-7.721122285973571309e+01
-6.966726808806635063e+01
-6.742397263131910279e+01
-6.866870356422401755e+01
-7.057568870279681050e+01
-6.817077080854689086e+01
-7.327650775096839197e+01
-7.354672196558790631e+01
-7.511524040950527592e+01
-8.008884293759621187e+01
-8.550064713909878833e+01
-8.077093267647518360e+01
-8.609154204054978266e+01
-8.326167704758631771e+01
-8.134119157172128212e+01
-8.349988387946919488e+01
-7.366523250195429284e+01
-7.912808423226718446e+01
-8.210810326939139259e+01
-7.577586298637771733e+01
-7.003491464556270785e+01
-6.674411645359315060e+01
-6.435887525367159867e+01
-6.103260045954142754e+01
-4.816377621727576042e+01
-4.327078599941938819e+01
-3.912666949035971697e+01
-3.932066190125889449e+01
-4.003359979898671384e+01
-4.659975571962331742e+01
-4.509146527283563444e+01
-5.261265008934022802e+01
-5.715161184671982397e+01
-5.772975207253287522e+01
-5.756045348629271530e+01
-5.601007859818644619e+01
-5.909334840682624446e+01
-6.395922214321745258e+01
-5.785305686620991850e+01
-6.134972117127692570e+01
-6.162565196110928412e+01
-5.383287887307470498e+01
-4.845475055342384962e+01
-5.497762703956740182e+01
-4.686387143949496448e+01
-5.250813111878181161e+01
-4.454600017967029402e+01
-4.406938736194206996e+01
-4.890103930072714178e+01
-5.083023324886226391e+01
-4.487452036189716154e+01
-4.035388436719812688e+01
-3.567837079168663905e+01
-2.397440396557466258e+01
-1.848480706048339783e+01
-2.662842675016503335e+01
-1.954230399778356286e+01
-2.417785989484957554e+01
-2.422771443259876278e+01
-1.932594693018934251e+01
-2.645681012329931292e+01
-2.754726206708402358e+01
-2.959064026328700692e+01
-4.429055084078895277e+01
-3.287484059613370135e+01
-3.189177392329856175e+01
-3.428116659528360088e+01
-4.896172431193718211e+01
-4.762256742242401941e+01
-3.780359220065286507e+01
-3.508715614149605244e+01
-3.539330319042591810e+01
-3.529898550004003255e+01
-3.618017577814492824e+01
-2.882948657848216101e+01
-1.949168233670628680e+01
-1.303962991674490191e+01
-5.639120769993444249e+00
-1.005385442185720457e+01
-1.822524327251034748e+01
-1.529559211493119975e+01
-1.416944759005348509e+01
-2.169421638201502844e+01
-1.396037596850037588e+01
-1.781340246447364706e+01
-8.394371159813175609e+00
-5.382992171115551727e+00
-8.298364992178829169e+00
-1.149332271616182233e+01
-1.612931578544956324e+01
-1.449266633348950428e+01
-1.419629781212099751e+01
-1.835548217659659542e+01
-1.629971768792601949e+01
-1.776633044174431575e+01
-2.618288213083062743e+01
-2.477617519665910706e+01
-1.725207976142546684e+01
-2.279674468190307834e+01
-2.112508911546578005e+01
-1.855281355753858819e+01
-1.871024842815181088e+01
-2.031282524820267810e+01
-1.795739014122123223e+01
-1.844289483197250590e+01
-1.911004894800280951e+01
-2.299009233780684625e+01
-2.381913951307623734e+01
-2.610426391625825104e+01
-3.250968263174065953e+01
-3.916024200956520929e+01
-3.342963886579290289e+01
-2.146750955067888000e+01
-3.079267124694676738e+01
-3.294029789567844801e+01
-3.622247591400061140e+01
-3.512711987287395488e+01
-3.602821357269445457e+01
-2.942647545721573721e+01
-2.253352083911363124e+01
-1.085033955648761328e+01
-7.053095907008639642e+00
-7.000633796562611089e+00
-4.605970610888181049e+00
-3.118763892869444554e+00
3.829327370439689737e+00
1.224710342186045864e+01
1.203513119074267657e+01
1.587630787448112457e+01
1.409430430177368265e+01
1.910748815149499791e+01
2.323274700967259321e+01
2.317383430556774471e+01
2.203571427209998035e+01
1.680942987693687840e+01
1.842800441657894694e+01
9.808499836452160281e+00
1.359393689931112270e+01
1.482940551014878849e+01
1.408762276471643737e+01
2.304156977416733909e+01
2.937591469767427910e+01
2.838127252482652096e+01
3.322344908710916656e+01
4.190064849819268034e+01
4.796052079640259791e+01
4.874423098859827519e+01
5.859668548569522528e+01
6.248081523327691400e+01
6.210885210026181369e+01
6.327925287639602203e+01
6.090691786081607262e+01
6.273027363354226082e+01
6.268769041139533016e+01
6.902486252022951874e+01
6.838343729278727778e+01
6.696082231167804366e+01
6.326250768188801032e+01
6.368830829606164912e+01
5.994512852517941326e+01
5.487709843946642962e+01
5.126994998645152890e+01
5.279456314264314898e+01
5.439036821545132483e+01
5.446242353030493888e+01
4.527998783469264055e+01
4.985717457980383926e+01
5.047867350820058618e+01
5.533060983684106304e+01
5.274593557892423945e+01
5.737892857364837340e+01
5.650672320248850156e+01
6.260535133790493489e+01
5.743121119793497797e+01
5.875146916462603741e+01
5.808613846969311112e+01
5.396767454887331183e+01
5.221079979327288356e+01
4.028752104491908881e+01
4.134567591686465704e+01
4.153014038836668931e+01
4.226025500072099561e+01
4.740366682253448971e+01
5.529631365601881043e+01
6.618559781154407062e+01
7.296536450720041955e+01
6.948251011875991878e+01
5.928538206738059557e+01
4.827812111077884794e+01
4.777449197090341215e+01
4.852597828308317673e+01
5.012774947179067908e+01
5.026698635453993091e+01
5.314234165500522522e+01
5.864708568907446562e+01
5.684128436188558453e+01
5.365166294694900984e+01
5.286895839927978358e+01
4.422534528099942008e+01
4.571580923162164822e+01
3.641755212534662434e+01
2.167488313126968436e+01
1.726694704530904545e+01
9.030920358787231095e+00
4.110049113944822530e+00
9.261793367042782776e+00
1.475404540657301666e+01
2.082193203658805913e+01
2.084180797225971205e+01
2.453167679787813427e+01
2.426713997899301489e+01
2.397404106304372817e+01
2.402716882639626306e+01
1.585130130765186252e+01
1.158476825571315239e+01
1.034683440715193825e+01
8.420864489798388419e+00
7.286147764917667580e+00
7.487307316854082018e+00
1.081380240046199859e+01
6.267868955789658969e+00
1.632584746673264320e+01
2.945296121281183943e+01
3.010413042661954819e+01
2.834697269425179300e+01
3.416325420182329964e+01
3.916367492149800000e+01
4.897223083235219576e+01
5.256406444782912502e+01
6.484721747298756611e+01
7.125668192741485996e+01
7.071709878466832322e+01
7.743804645716308244e+01
6.955355558905425539e+01
6.431338351380161100e+01
7.042315681376136638e+01
7.000095091273620085e+01
6.050024935715334351e+01
4.819802325569418144e+01
4.156324285930756446e+01
3.716714013910473824e+01
3.926606365842751245e+01
4.834087227879231108e+01
4.390553343613784421e+01
4.296996467456587965e+01
5.185428630550724449e+01
5.028153068363734235e+01
5.416870340519337645e+01
6.185176926063833491e+01
6.336553385279502493e+01
5.979182470470647104e+01
5.305855446841208334e+01
5.255830696753847064e+01
5.546661316450345680e+01
4.997805102826848866e+01
4.308804739336926559e+01
2.917942975198844735e+01
3.143287418829322633e+01
3.192729998279118675e+01
3.672396198087918151e+01
3.494370468630985016e+01
3.165316614388099836e+01
3.575650821813989921e+01
2.211824627354575412e+01
2.329769715348162507e+01
2.774243083088661166e+01
2.522033286668758123e+01
2.497856757103040337e+01
3.153401447637707378e+01
2.709915714837415024e+01
3.159925836657937381e+01
2.887710339209441912e+01
2.546762316176891972e+01
3.209594063977929324e+01
2.309635659536508001e+01
1.752856005928224192e+01
2.196137007131654073e+01
1.651021921060677045e+01
1.446103177778125648e+01
2.307222362846720998e+01
2.796233193773036874e+01
2.497047526090760527e+01
2.071215307959230501e+01
1.915773338199779019e+01
1.804080694540525442e+01
1.752868821149272449e+01
2.807603054223573480e+01
1.111334308821766825e+01
3.638551947117580010e+00
3.026384859975714825e+00
1.171213261038656839e+01
1.180486502471937449e+01
1.538095161944673528e+01
2.339132005656089319e+01
3.798162699983158319e+01
3.108700727823496024e+01
2.497914000431819304e+01
2.701533567660202806e+01
2.565439266705968180e+01
2.956444931088491757e+01
2.473959090423839413e+01
3.333104519698010648e+01
3.812978325167676275e+01
3.302737190398353562e+01
3.479862076561400386e+01
2.985445549951054645e+01
2.630955078348484832e+01
2.437400114766559511e+01
2.322647219535562968e+01
2.340399932265036753e+01
3.229566209283299294e+00
-8.461350063495594043e+00
-1.366700759725308956e+01
-1.919066453807102945e+01
-2.361644770581366615e+01
-3.463695780233432231e+01
-3.552993103665322394e+01
-3.267139383208441217e+01
-3.749821030650239351e+01
-3.102599892883078070e+01
-3.178057631096957536e+01
-3.175303202633753230e+01
-2.527067883996269870e+01
-1.510344061920410930e+01
-6.136040225728716990e+00
-1.808609269052080526e+00
-2.837733755512881650e+00
1.653766608117287928e+00
5.169137228962179087e+00
7.788619841982938219e+00
4.382613157044299435e+00
4.375722606007950155e+00
-8.475934841088589300e-01
7.390989708511592760e-01
-1.898658378426398396e+00
-5.381936900979166438e+00
-5.102109771977969110e+00
-4.057453916643972924e+00
-4.843374919516888255e+00
-8.015545710507476329e+00
-1.014609463353130003e+01
-1.311723929288371870e+01
-1.502659318478397665e+01
-1.810180345446159222e+01
-1.646680779398833394e+01
-1.845872681622988054e+01
-1.788050754197311321e+01
-2.178833494336248577e+01
-1.688232595827014038e+01
-5.977735682061913636e+00
-1.271775385807156766e+01
-1.474524672261299907e+00
3.218342160563815391e+00
1.968053549404064739e+01
2.057518005743519396e+01
2.352980339193526405e+01
3.180533588582719062e+01
2.943551750097177688e+01
2.994509893890136354e+01
3.036378294114473420e+01
2.525678008931871332e+01
3.766117279415582431e+01
4.823146810606213819e+01
4.593141927360799315e+01
4.869806178348896708e+01
4.835665608087572309e+01
