-6.044481258273265922e+01
-4.858839907170573014e+01
-4.273585808099534233e+01
-4.295396843738144810e+01
-3.915420150575665303e+01
-3.495422439266754111e+01
-4.235816772608594505e+01
-5.789108704123344040e+01
-5.470107641772803220e+01
-6.306171545471680417e+01
-5.831353285687694665e+01
-5.950535241062668490e+01
-5.406209212022890398e+01
-4.305285685850878252e+01
-4.198242271991097141e+01
-4.432475401811807814e+01
-4.094815782321563802e+01
-4.884898742828999474e+01
-5.133807217995114058e+01
-5.895988484426237619e+01
-5.712735271533885140e+01
-5.713922685480960695e+01
-6.620861847074519346e+01
-7.189616912556429895e+01
-7.538443703592575673e+01
-7.402782384901938428e+01
-7.194473590416605191e+01
-7.028377289163874764e+01
-6.592211574444262112e+01
-6.394339862071142733e+01
-5.889165721213646520e+01
-6.006804485959195006e+01
-6.120324366984822007e+01
-6.159509458672187776e+01
-5.143791866839358562e+01
-5.409434373209499824e+01
-5.328807993082197214e+01
-4.839529969724839731e+01
-5.283643484645156718e+01
-5.657485628066063299e+01
-5.703733131840744619e+01
-5.896506857503571553e+01
-5.726124969862126335e+01
-6.018548551047585704e+01
-4.724968252387345302e+01
-3.954904551844016680e+01
-4.467758503118808733e+01
-5.257260240956161823e+01
-5.372425600570235815e+01
-5.152182307343761636e+01
-5.373637162647126075e+01
-4.183598633702736436e+01
-3.693740736797393964e+01
-3.441165165271937099e+01
-3.096775154556303988e+01
-3.762659010183647723e+01
-3.674015400518715069e+01
-3.837335005093860474e+01
-4.250855833458088995e+01
-3.935918996635055578e+01
-4.149919894132514031e+01
-3.860928075246273750e+01
-3.512277725633341419e+01
-3.279059463847985967e+01
-3.363853861061496531e+01
-3.974477321718008227e+01
-4.151227916669505902e+01
-4.263010475516316689e+01
-4.008514270234676502e+01
-4.010309203320068150e+01
-4.267083390568634371e+01
-4.171999617738188704e+01
-4.219836135676290212e+01
-3.481929042147025655e+01
-3.989185811411432780e+01
-4.175840191483221986e+01
-3.776789781655578793e+01
-4.276427558017151398e+01
-5.555159864099199751e+01
-4.966139688418058995e+01
-4.497257793077218224e+01
-5.204999735522931559e+01
-5.654605949615002203e+01
-5.933833398814761750e+01
-4.843055187098448044e+01
-5.058724942480888842e+01
-4.839986928358723617e+01
-4.290594648885706164e+01
-4.345598297339277138e+01
-3.594430565235445130e+01
-3.461529314416826963e+01
-3.971520159191868515e+01
-4.882933742915808750e+01
-4.599684839069730913e+01
-4.492958693353541122e+01
-4.505390681202501213e+01
-3.724207194774878360e+01
-3.634916984400922502e+01
-3.714190833028978034e+01
-3.674360554275901336e+01
-4.015317382882948039e+01
-4.436615280235183434e+01
-4.775460428797235579e+01
-5.333674043096615236e+01
-3.975247353906098624e+01
-4.113326907630008122e+01
-5.430273877843366392e+01
-5.147697262751852776e+01
-4.997382960209790070e+01
-4.800440376571646084e+01
-4.583614935268558810e+01
-4.298037381616813235e+01
-4.375865042075763967e+01
-4.691740842099995490e+01
-5.040850232760816851e+01
-4.370976624190936377e+01
-4.158710043030676928e+01
-3.516302277980278745e+01
-3.220211481530466813e+01
-4.540744607913970299e+01
-4.860487386524421538e+01
-5.209424479725365131e+01
-4.473002207529579977e+01
-4.602752835996715675e+01
-3.504275247016089168e+01
-3.103110047142530092e+01
-2.225904034356454986e+01
-1.908248564191231722e+01
-2.375896215328375050e+01
-2.161864784884325630e+01
-1.999620957448671987e+01
-2.074935704692206073e+01
-2.207717548692845000e+01
-2.464691365402583756e+01
-2.573457810122336653e+01
-2.676205808014408305e+01
-3.487104124922623072e+01
-3.094719989719105513e+01
-3.044699067500640055e+01
-2.495383456410320022e+01
-2.362956799916036843e+01
-2.259561473309537405e+01
-1.511052191099878428e+01
-5.737167118062095561e+00
3.426979679992226302e+00
5.334206341455894673e+00
1.665936060156427256e+00
-2.761969833412745601e+00
-4.549231164185916221e+00
-6.011924803599286271e+00
-6.205504932199072066e+00
-2.686378341922373569e-01
-3.321208132575289351e+00
-1.287337887598965835e+01
-1.422563693328420165e+01
-1.765567003005997648e+01
-1.593562168851213734e+01
-1.993131281030003521e+01
-1.097351818104377941e+01
-7.840443890370129232e+00
-1.148138929908296291e+01
-2.781220343110900828e+00
-2.309516676153340331e+00
-9.834000839798620053e-01
-8.927324825341320658e-01
3.893587236566096732e-01
-1.948792569971514865e+01
-2.022185006980215149e+01
-2.481388456301520407e+01
-2.795531904663013734e+01
-3.390424634494570455e+01
-3.819341169913294465e+01
-4.332361856948001133e+01
-4.586597494067266467e+01
-4.076947525453422827e+01
-4.177752529955426297e+01
-4.585327237284504776e+01
-4.556007297080116558e+01
-4.939377699615760520e+01
-4.403668752798003538e+01
-4.648561383988079143e+01
-5.029210564573852338e+01
-5.359712462726903226e+01
-5.460242169473183083e+01
-6.119654231313521819e+01
-5.960325499560656937e+01
-6.441944663932920889e+01
-7.073168836439384677e+01
-7.345857922197109247e+01
-7.943695335658250656e+01
-7.503774285523400067e+01
-6.836737140077994468e+01
-6.923488913760539276e+01
-6.757294450940781871e+01
-7.034455341509122661e+01
-7.330414864240452744e+01
-7.016649348234430761e+01
-6.442140547302595621e+01
-5.651468420697850803e+01
-5.154918688162479157e+01
-4.986301642165751247e+01
-5.354780754169936330e+01
-5.447903568389746454e+01
-5.424117559659469379e+01
-5.268380080344863359e+01
-5.191974527152591889e+01
-5.411044022989327118e+01
-5.974228456329434778e+01
-6.487387861364345554e+01
-6.766940292429117676e+01
-5.946951343467002005e+01
-6.616696904033489091e+01
-6.856892752619955900e+01
-7.055012556227363518e+01
-6.469844426300431905e+01
-6.675563577339305255e+01
-6.463243133604433410e+01
-6.436505399628723012e+01
-6.965067655034428640e+01
-6.609706976423532865e+01
-6.687497112450316195e+01
-6.547047243708588837e+01
-6.381665705749175999e+01
-6.674106853423596419e+01
-6.704599078815604685e+01
-6.568944014660081621e+01
-5.855540601874057671e+01
-5.644764023932830810e+01
-6.007559919238821777e+01
-6.131703654334570786e+01
-5.524627387822672375e+01
-5.147347207823670345e+01
-4.707481648542118791e+01
-4.682879951183766565e+01
-4.956314332299417202e+01
-5.686310816249908129e+01
-5.732133269572953083e+01
-5.306355407615601649e+01
-4.825778014299738317e+01
-4.190934006708742743e+01
-3.311972077490744937e+01
-3.310020887019663149e+01
-3.673205763835255055e+01
-4.097400788037288777e+01
-4.238221819929997736e+01
-4.512511942708580648e+01
-4.914756261723658071e+01
-5.392735364293722000e+01
-6.098214746401517772e+01
-7.253073771663389380e+01
-7.394139539575564868e+01
-7.140864896965456410e+01
-7.375975422757716160e+01
-7.046655734541035088e+01
-6.536760980465547277e+01
-7.099720267906020865e+01
-7.264774096073766430e+01
-7.089188784045363434e+01
-7.629192540152661195e+01
-7.967410053942394654e+01
-8.940974542507925094e+01
-8.825786755816011464e+01
-8.744985240722067488e+01
-8.383919271652543159e+01
-8.023944532911056626e+01
-7.793519694626085936e+01
-7.121788035636190273e+01
-6.331460266788516122e+01
-5.716699349700249400e+01
-6.081358915439652435e+01
-6.058701879736726426e+01
-6.163176033628957384e+01
-5.700588435415733102e+01
-5.606406916543115670e+01
-4.979591103715610245e+01
-4.665746788512615240e+01
-3.910261010898303624e+01
-3.804298006476742700e+01
-3.857385611544025039e+01
-3.029055309865866263e+01
-2.620692846182677727e+01
-3.752173740832500926e+01
-4.512804307119515101e+01
-4.662203341244406118e+01
-4.967926215958234337e+01
-4.892141138974660919e+01
-4.445211780373000465e+01
-4.931944352756767813e+01
-5.247064685862906686e+01
-4.995778359498135757e+01
-5.220593179300146147e+01
-6.488407747317134522e+01
-6.747134488761381022e+01
-6.871235544159932829e+01
-8.053066619123266889e+01
-8.251359980972897290e+01
-7.805910902763706360e+01
-7.584584812988114777e+01
-7.515643043698021586e+01
-7.070419812812109228e+01
-7.129614524069810955e+01
-7.760149434481060382e+01
-7.525410504702409753e+01
-7.252515551800081539e+01
-7.790167365323235060e+01
-7.140095493449430819e+01
-8.144169957343706301e+01
-8.304862653608446976e+01
-8.891301174817691333e+01
-8.628845979821237222e+01
-9.403495258789797617e+01
-8.964244854852974242e+01
-9.690468922431259102e+01
-1.057428784811192628e+02
-1.095054465113981763e+02
-1.030524252394213676e+02
-1.008716816238836458e+02
-1.034885556983287529e+02
-9.390297222745235217e+01
-8.372087880857587550e+01
-8.376205159407676604e+01
-8.275347435159240206e+01
-7.788027027629247812e+01
-7.885791097517289927e+01
-8.427326194678759919e+01
-8.754268052177825155e+01
-9.600464581425426047e+01
-1.048128193921638740e+02
-1.008648483007632422e+02
-1.044311973806150178e+02
-1.019661392254502914e+02
-1.029285783944002048e+02
-9.890639777459674065e+01
-8.444234755290764838e+01
-8.405458130360921132e+01
-8.200835498349009356e+01
-7.831902768870375553e+01
-7.691363722602554276e+01
-6.653500739047028389e+01
-6.397276366531431790e+01
-6.220312543464421395e+01
-6.911806383321548708e+01
-7.528340057134884944e+01
-7.176834516080286619e+01
-6.914706826611593726e+01
-6.791765997549386213e+01
-6.661766073018260670e+01
-6.412050822914473258e+01
-6.161512757655969352e+01
-7.332670120700268512e+01
-7.764007976291166813e+01
-6.465658200165542269e+01
-6.770593932150751471e+01
-6.672225251134048563e+01
-6.127690098240591254e+01
-5.367004300068451528e+01
-5.003219061888923136e+01
-4.144128308034778740e+01
-3.369187737924977455e+01
-2.037221118698420597e+01
-2.127476160231534408e+01
-2.046641857402420328e+01
-2.260975439748106552e+01
-1.669370858567933880e+01
-1.921773281361103258e+01
-2.383474431769412760e+01
-2.356673904270074971e+01
-1.715432316177068017e+01
-1.037839604911157032e+01
-1.146972228359066825e+01
-7.424860378203912425e+00
-9.576239452788302131e+00
-1.469582578333391076e+01
-1.215912306098096352e+01
-8.033413279899244586e+00
-4.380611802085342177e+00
2.598039703676155554e+00
-9.439792657465448045e+00
-1.150921001115530551e+01
-8.413748198317303917e+00
-1.305852872843852275e+01
-2.109437735714324447e+01
-3.088550915665541297e+01
-3.655040062556926017e+01
-3.647994035503187149e+01
-4.377103771159880807e+01
-3.596108843667585120e+01
-4.370117693406783133e+01
-3.800715169659489590e+01
-3.847134554369591086e+01
-4.580497196018306738e+01
-5.322807292324201001e+01
-4.719026590580526914e+01
-4.429149503370015850e+01
-4.792068768958289837e+01
-4.354688758434548390e+01
-3.654797575949429245e+01
-3.587421875562100837e+01
-3.444461364321469432e+01
-3.516243067820877144e+01
-3.431280547496136535e+01
-3.005858365820931155e+01
-2.637960727870172306e+01
-2.897684192204636489e+01
-3.000912296015541258e+01
-3.773640682622536957e+01
-4.368010825610333825e+01
-3.357024120288698299e+01
-2.726555997738524795e+01
-2.570910548969344589e+01
-3.550281555097866715e+01
-3.714641476188847946e+01
-3.467572189855452081e+01
-3.781142814413568942e+01
-4.387240840027358502e+01
-3.735040699904638473e+01
-3.669255062276486967e+01
-4.387368523971761647e+01
-4.864761185537462040e+01
-4.868358803019099668e+01
-4.859298600591242945e+01
-5.673656640669210560e+01
-6.083773355081488887e+01
-4.954903988460041120e+01
-4.765332818575285501e+01
-4.280414140070872975e+01
-3.836738662340361117e+01
-3.600237744480688207e+01
-3.821482108797890476e+01
-4.043850670124367497e+01
-3.389387244074214323e+01
-2.356787517281137312e+01
-2.469009663415179290e+01
-2.218689401149644524e+01
-2.650573933927971737e+01
-2.885675006380830254e+01
-2.728558791176730480e+01
-2.598179082875957135e+01
-2.623143473535788672e+01
-2.589808558744282152e+01
-3.260131950527763678e+01
-2.701766820667176461e+01
-2.024726360804014291e+01
-2.115849457755517093e+01
-2.067924594843119124e+01
-2.079386111959218653e+01
-1.982919359085226674e+01
-2.140412716834254780e+01
-2.133493832409473967e+01
-2.360061810486322287e+01
-2.123828624946582622e+01
-1.511743957583981057e+01
-1.321398309108018054e+01
-9.940175679515071749e+00
-8.933421978510729389e+00
-4.632943822038701476e-01
1.250226836854616996e+00
9.070216342284600941e+00
4.808064891284765885e+00
3.304949942913244065e+00
3.664159786791938878e+00
2.424677827147456721e+00
-4.546260591832423259e+00
-5.834334903511398940e-01
8.072607663839006520e+00
5.916433213567881211e+00
8.036757640370888467e+00
1.327864714506246457e+01
1.805629836409675804e+01
1.775510098352124189e+01
1.475441272185191366e+01
1.062484623711341847e+01
1.235391873339068880e+01
2.120990922961663827e+01
2.080122015950785297e+01
2.446540872308051107e+01
2.486410565139502538e+01
1.460366703881721406e+01
1.005670877813817476e+01
8.476995800161471806e+00
2.987551372369866787e+00
-1.555991970206038189e-01
3.449164975640961917e+00
1.612506576170310169e+01
1.088012508943836032e+01
1.452853385500764460e+01
2.182557278081386443e+01
3.361504793886977183e+01
4.681810811033476227e+01
4.237622260321921885e+01
3.851050168907842419e+01
3.383243812244553794e+01
2.947213955777100480e+01
1.561049683610223759e+01
1.657179859576487146e+01
3.018255194475229430e+01
2.696332645635063230e+01
3.099358661816404492e+01
3.281751937337929803e+01
2.517030213788441273e+01
2.452536023176327618e+01
2.212394584342203885e+01
2.769682522465042851e+01
2.081073968503187643e+01
1.356692394740364627e+01
1.998840197840559796e+01
3.082351680760064738e+01
2.213232530740286208e+01
1.654743755533131377e+01
1.052011097617810798e+01
9.951161335169068423e+00
8.412828181393793514e+00
5.234890685259024679e+00
8.939895869147857610e+00
3.376353292937916972e+00
8.393538827615856235e+00
5.746637723714148827e+00
4.530397053411084229e+00
5.696376066350215872e+00
4.534364558999483208e+00
1.708764018409580698e+00
6.055038031189460490e+00
4.673383879034766153e+00
-1.218429615822092194e+00
2.533584239250961545e+00
8.758188663789169270e-01
9.322019854353582602e+00
3.763251404025833025e-02
-7.508053530843684875e+00
-2.593196500312600961e+00
1.632818599061075737e+00
3.169282755519826189e+00
-2.235249092078118061e+00
-1.354879384284579125e+01
-1.430788105800752241e+01
-1.049617965194990532e+01
-2.218542787973175123e+01
-1.800708149996459895e+01
-1.784214487467718868e+01
-1.917422003304308120e+01
-2.849649899579456402e+01
-3.707676554378197409e+01
-4.051178831790382162e+01
-4.361001780221100432e+01
-4.692159247376852704e+01
-3.637319287103134968e+01
-2.569109926842536140e+01
-2.523196906071492052e+01
-3.345784525075396232e+01
-3.478595121527003187e+01
-3.169349695661650301e+01
-2.851449694905895527e+01
-3.131513545398808063e+01
-3.227042605491999439e+01
-3.038307930737470386e+01
-2.973215053337672487e+01
-2.481251115001483498e+01
-3.081635747194933828e+01
-3.428004257251937759e+01
-3.722496987401067514e+01
-4.245787178203902812e+01
-3.898148216348955941e+01
-3.443700054602942373e+01
-3.111551108314045777e+01
-3.350894220618464914e+01
-3.081325378156303074e+01
-3.090227708360926329e+01
-2.508159509072206816e+01
-1.630679380121980415e+01
-1.204823773714758595e+01
-8.977006865919825884e+00
-5.482964972552140992e+00
9.809855013024362691e+00
1.761667232755704360e+00
3.937472811420491325e+00
-5.376646826112081889e+00
-1.175385982382281869e+00
1.167680116483413189e+00
1.650928186823550137e+00
2.589524230048552145e+00
8.135999779845958457e+00
6.204741467778362107e+00
5.834974569555129165e+00
1.159312091899447061e+01
5.571730300172970551e+00
8.932094888500426322e+00
4.098227675304374706e+00
-2.998531978363624173e+00
-1.678358941323701670e+00
9.202119250286362018e+00
5.471949635701514936e+00
9.566891299553114791e+00
3.355488595324262580e+00
5.020883866983051114e+00
4.779078198700903890e+00
5.963139322805271370e+00
2.136673067945288551e+01
2.472201621640418523e+01
2.041579410945315232e+01
1.637997871164711228e+01
1.778078874926409014e+01
1.466253519592806676e+01
1.666560739316816964e+01
1.696692794777852953e+01
6.239315446076654226e+00
-1.658783008832324546e+00
6.003192450248846512e-01
-7.804289707640807983e+00
-1.187022052383828097e+01
-1.535572072907082486e+01
-2.057178123909074330e+01
-2.814962554230992708e+01
-3.374798202203895414e+01
-4.677333849988053771e+01
-4.623830326529557766e+01
-4.414915907798735617e+01
-4.135834917327476745e+01
-3.946064700156699701e+01
-4.367564345683659610e+01
-3.236360576602291417e+01
-3.759963601765262098e+01
-4.630151926415208408e+01
-3.858034965301827413e+01
-3.443211909552080385e+01
-3.514943769348595026e+01
-3.735387157913941536e+01
-3.238153985250158229e+01
-4.104469560197973976e+01
-4.767662202598320675e+01
-4.753052138949765038e+01
-4.125758578724837378e+01
-4.488776590385484866e+01
-4.538599907203997930e+01
-4.120930980884860872e+01
-5.094431534053774868e+01
-5.583270678459761882e+01
-6.219430719355419512e+01
-5.964191476888850474e+01
-4.962363267833104175e+01
-5.383376911641214946e+01
-4.739888657708994657e+01
-4.194808275354505867e+01
-3.010805011506425544e+01
-2.641265846553697827e+01
-2.259687720041784331e+01
-1.772326578690712751e+01
-1.879341299296990897e+01
-2.016483539496765687e+01
-1.236500846270739373e+01
-1.668093963348816544e+01
-1.858934289492563963e+01
-1.637234012306790021e+01
-2.779533362896138726e+01
-3.603117987580881731e+01
-3.728329100882247360e+01
-4.173712939300338576e+01
-4.884475258762414995e+01
-4.709252970287077744e+01
-4.389137094551070817e+01
-5.024973814718746468e+01
-4.166169908155544022e+01
-4.617620864032265615e+01
-4.896922764352866153e+01
-4.064165277921365060e+01
-3.683735402664803615e+01
-3.666636976731494002e+01
-3.495963205375490190e+01
-3.319097348106859613e+01
-2.516783567868711557e+01
-2.550490289575183667e+01
-2.572578839136863138e+01
-2.030470711956612462e+01
-2.101161780060612116e+01
-1.368977614578011170e+01
-1.763802071345150324e+01
-2.367496770792325123e+01
-1.639036522699524312e+01
-1.517984561173258662e+01
-6.750914080061370726e+00
-1.377391774334217622e+01
-1.253451654486865152e+01
-7.156142808695642898e+00
-1.673577043063598335e+00
-1.071106828344196593e+01
-4.738639232628143461e+00
3.561607034114572801e-01
6.042746086452255305e-01
9.117896571757301283e-01
2.910998601389224838e+00
-4.717422344046649507e-01
-7.558423099233494646e+00
-1.431741413205157620e+01
-2.056590036911940444e+01
-2.208641813436317491e+01
-1.965596279757226483e+01
-2.363427404475438820e+01
-2.402021891727872926e+01
-1.635988381845533368e+01
-4.678953122495292050e+00
-4.118906077122884035e+00
-1.498138711833697023e+01
-2.317606040045063409e+01
-2.663987720022504746e+01
-2.709976992906264925e+01
-2.290840754805591217e+01
-1.434265205020192369e+01
-8.434318131170066124e+00
-2.910080497068922245e+00
3.690777185779660741e+00
2.490819114557901059e+00
1.871365649841195467e+00
1.194517815344062051e+01
1.684637022461608424e+01
1.371000169006407354e+01
1.550006955906943418e+01
1.737797662803220433e+01
1.871054156569302052e+01
9.950204892487192865e+00
1.285051070240817594e+01
1.418852141108709297e+01
1.275478518168211650e+01
1.188704239364887272e+01
2.286391144209573767e+01
2.849024162888711942e+01
3.864242290274722791e+01
4.531726600813675532e+01
5.297884522387138873e+01
5.336060429778899561e+01
5.795088112608306830e+01
6.359708174151846549e+01
6.123620579442351186e+01
5.738582523382058298e+01
5.155348389521945052e+01
4.734958179932980471e+01
4.249107885482039393e+01
4.797768833992394377e+01
5.549452224283928814e+01
5.542250880510578526e+01
5.826184785797831722e+01
4.877749161020983593e+01
4.844215466273276860e+01
4.981366472330211792e+01
5.715883836153033570e+01
5.297704321244976455e+01
4.595609466418463995e+01
4.827579336824356915e+01
6.134474682857581485e+01
6.030305212705896167e+01
6.430605592684192118e+01
4.995218237237579473e+01
5.776150799291155380e+01
6.008673801255280011e+01
5.717637180597460400e+01
5.588649607558524934e+01
4.763521846608730925e+01
4.104470698005238205e+01
4.476586895123109855e+01
5.453071702433456380e+01
5.674495413122983223e+01
6.083962183551324898e+01
6.431343970681709266e+01
6.089992546676872820e+01
6.234778830029853935e+01
6.927855592456616307e+01
6.251153862652565607e+01
5.935006212630152334e+01
5.697990696679732281e+01
5.246992391564916147e+01
4.956057350459155231e+01
4.658563297838929884e+01
4.482097567073313371e+01
4.996845240458563353e+01
5.286152478766598506e+01
4.934189009009806881e+01
5.762635237947595357e+01
6.227033569445177363e+01
6.055415945287317925e+01
5.739632559856812577e+01
6.059175635040517705e+01
5.683712088693889797e+01
5.538643792336650051e+01
5.800588234688413536e+01
5.739616142542373467e+01
5.945400087314988724e+01
4.788614469435906074e+01
5.141704834291650172e+01
5.699269502508567342e+01
6.568562810892116488e+01
7.830863936760309230e+01
6.876835846323062640e+01
6.802281717883339240e+01
5.387677855188319853e+01
5.065371678332779481e+01
5.221873842170827373e+01
4.169445682547349463e+01
4.186704695227250284e+01
5.428263453683913298e+01
5.812248883376459219e+01
5.809378131158866410e+01
5.983128717271196706e+01
4.877274399658750070e+01
4.789658470203548291e+01
5.121864222197504546e+01
4.697269080975496536e+01
4.384827887660554779e+01
3.861219438787254887e+01
2.235819525133210561e+01
1.514740639015908208e+01
1.440678299768711135e+01
1.278850297081673304e+01
4.692655538588588193e+00
4.006543495897705753e+00
8.872244477671106466e+00
7.225768574304060721e+00
1.033178007741722304e+01
1.096387474988815747e+01
6.814567526414954557e+00
6.376268566635135748e+00
1.725724522788760762e+00
9.330027827017955744e+00
1.471754200897301779e+01
3.210604795994807414e+00
1.481954374718012835e+00
2.592911902755884457e-01
5.091863744757237242e+00
1.353568738634804625e+01
1.003193048338135185e+01
6.412318107528756528e+00
-3.858142033558110029e+00
-1.001914054251566810e+01
-1.461009338256875623e+01
-1.585726340016448432e+01
-1.619544945501470323e+01
-1.646215358095843939e+01
-2.257313830594062765e+01
-2.619262172316014770e+01
-2.570667843590517165e+01
-2.200514154846348092e+01
-2.426124960396732533e+01
-2.798482343341387946e+01
-2.145689830482299598e+01
-2.542189195650371047e+01
-3.180113807595547115e+01
-3.216660482137955768e+01
-3.374059894530181225e+01
-3.628178904810820882e+01
-3.464866077556001045e+01
-3.279918248632404243e+01
-2.986115554412144135e+01
-3.171602490483108383e+01
-2.593443515815218348e+01
-1.878631995161499191e+01
-2.020965832935829454e+01
-2.185823044350972921e+01
-2.945990524795924870e+01
-2.773285006294877064e+01
-2.111626155093477308e+01
-2.002053622745475536e+01
-2.335063188140560442e+01
-2.570380291229450620e+01
-2.485203548203014989e+01
-2.318757921801084620e+01
-1.289183611906932647e+01
-9.769314108726080192e+00
-6.434641174593947355e+00
-1.837923126202321233e+00
-1.221335308804865072e+01
-1.094124349176293975e+01
-1.098196128739294686e+01
-2.093068333057422237e+01
-2.407657071819291872e+01
-1.836305277921327317e+01
-2.341636401174912052e+01
-2.230672956746622759e+01
-2.307377801488201641e+01
-1.518863561476394253e+01
-8.313216999926996920e+00
-1.756674020677512260e+01
-1.537101579251011607e+01
-8.903763484138321971e+00
-4.355054527479727433e+00
-8.975794214379045899e-01
-4.638193673512387427e+00
-6.004072085388211910e+00
-6.787825788971138863e+00
-7.951804264349303430e+00
-1.646527821301776484e+01
-2.826761555655049563e+01
-3.694799119653775676e+01
-3.188505212771744368e+01
-2.838884404823920349e+01
-2.474429121913419749e+01
-2.424114142880567613e+01
-3.161275617415226336e+01
-2.581578807851936119e+01
-2.450811866082791823e+01
-2.376184551558623070e+01
-1.346065256060276205e+01
-1.757360386796068141e+01
-6.321306029818329009e+00
-5.091182548214858272e+00
-3.372262596271315083e+00
-1.062311164410982656e+01
-2.005385012037706716e+01
-1.747666831363811824e+01
-1.947812534024933839e+01
-1.886305142692171444e+01
-1.681946276942485596e+01
-1.147652860446891943e+01
-5.606553937642318353e+00
1.329600301337716672e+00
2.709826337315448086e+00
-1.104100354627822522e+00
7.147641193270793281e+00
8.955644088429176364e+00
9.726006066358738877e+00
7.527566197627061584e+00
5.085981159387611861e+00
2.141158359146165591e+00
3.992986425685881358e+00
5.901161865588742117e+00
2.271047013092651223e+00
-3.073692573862181199e+00
5.455859351117392286e+00
1.064620485667475869e+01
1.744147683369505586e+01
1.416951501916634193e+01
6.012237138370485567e+00
-4.422517842658321818e+00
-1.353262758231451635e+01
-1.672757183036059203e+01
-2.146202378883545236e+01
-2.852795827211877011e+01
-3.119917413087596003e+01
-2.348508189274058822e+01
-2.991668453234232317e+01
-3.177139362960258850e+01
-3.076743901042333107e+01
-2.199602388414966114e+01
-1.110446972368115226e+01
-1.058586497439924479e+01
-3.091906121694483200e+00
5.841063870067666031e+00
1.264814775552015824e+01
1.726411523112368940e+01
1.749244430965731212e+01
2.415582722395917514e+01
2.512884596883904109e+01
2.144950866591046434e+01
2.138579161127898232e+01
2.514360320496026091e+01
1.907543088614911397e+01
2.041504254549403186e+01
2.588280311819728396e+01
2.673959066635584847e+01
1.984062249709471715e+01
2.437576107327421582e+01
3.628087472361443844e+01
3.332468291808688576e+01
3.217547292285961191e+01
3.121876363441799995e+01
2.676859031648053389e+01
1.508572522806882787e+01
2.566136043417742485e+01
2.433321828770229800e+01
2.840666089043547515e+01
2.309765189202493119e+01
2.597017449600832251e+01
2.380547418214624500e+01
3.038667958796905211e+01
3.806897726759518008e+01
3.453400492485076967e+01
3.704872018527727562e+01
4.239113392649600343e+01
3.426016238546030479e+01
3.545844362498581148e+01
4.251668742198412332e+01
5.684872528216090615e+01
5.879497977767033490e+01
5.733898877671673233e+01
4.961727836473092168e+01
5.492700190373500391e+01
5.900463002586465677e+01
6.251532178015457220e+01
6.632927829275919862e+01
6.473278532536063778e+01
6.164013002408665187e+01
6.604251474174782288e+01
7.105248931162742565e+01
6.627455282067285225e+01
6.968304972416072474e+01
6.704225050610401127e+01
6.533592355281685116e+01
7.192634181120521930e+01
7.676917824045300165e+01
7.883692311437454237e+01
7.727301548831142952e+01
8.142998697070432002e+01
8.464799389242691063e+01
9.094192759827036809e+01
8.563539465937824957e+01
9.040084240359765033e+01
8.709856419822078522e+01
8.162526350946039599e+01
7.399576773579889277e+01
6.591153549133014167e+01
7.262523530337509214e+01
7.238163930608118335e+01
7.726417771159262315e+01
8.519900876701595394e+01
8.429016495729007374e+01
8.006392168553132649e+01
7.987624504322631935e+01
8.180785905763531218e+01
8.512778064438712988e+01
8.898137888209365087e+01
9.036021830190911430e+01
8.876404641953524788e+01
8.926610740647819853e+01
9.325355617486007986e+01
8.377256653284534593e+01
7.694157845967055209e+01
7.388831108094343847e+01
7.651751931383810756e+01
7.222608091512240946e+01
7.060056088786782880e+01
6.341781517675596547e+01
5.738202939830156168e+01
5.202975514223844300e+01
4.704861996292650161e+01
4.652402554481660246e+01
5.123446012738813948e+01
5.473250111389260297e+01
5.491479598661558725e+01
5.458034781831208448e+01
5.506604746984357490e+01
5.395802480284942959e+01
5.803127140512977888e+01
6.463354926453682481e+01
6.704724787536611075e+01
6.520536753700068289e+01
6.240873181058520913e+01
7.560243419635223461e+01
7.031922868817289896e+01
7.730747257653442261e+01
8.201822676008733026e+01
8.279503972872581130e+01
8.908009630794317957e+01
8.165435775558725595e+01
8.272881871786971431e+01
8.355190430290812742e+01
8.680489103296500275e+01
9.365438899806206052e+01
8.869781123453270766e+01
8.444756991459759377e+01
9.682257810551395494e+01
1.006737871147419270e+02
9.337361341648043833e+01
9.792143102491856155e+01
9.029834128247358649e+01
8.119745002225043606e+01
8.750806299674542288e+01
8.023184554198516594e+01
7.810382869211832713e+01
7.931300278839907492e+01
8.450509748212884631e+01
8.188014548860667219e+01
8.370741684225895085e+01
8.602030459776111115e+01
8.985940321736602243e+01
8.870192179257200848e+01
8.843853424362360727e+01
8.586762398657384665e+01
8.960422198129965921e+01
8.836234301216052245e+01
8.794633239232649657e+01
8.652156931094640413e+01
8.924320983392846074e+01
8.726897317748986893e+01
8.556685629417518157e+01
8.095331810913181414e+01
7.810342433382272986e+01
8.761998304095850187e+01
8.876146009181131546e+01
9.298378654096933360e+01
8.895639937921204421e+01
8.239395586132926042e+01
8.951845972025373044e+01
1.022013384472454618e+02
9.910620574583970210e+01
1.008661550761381278e+02
9.958018700836122150e+01
1.004380159789399727e+02
1.094425664060965033e+02
1.161111196893012902e+02
1.177939420094386662e+02
1.122770847916308412e+02
1.140244210692824396e+02
1.075673168401857964e+02
9.872408390641662379e+01
9.273904138148866139e+01
8.326125200586922404e+01
8.529695484337656808e+01
8.628691185832204269e+01
8.590172027091658435e+01
8.301355709843841169e+01
7.822454633382268696e+01
7.617358777793263869e+01
6.791643675778827571e+01
7.170802092810717454e+01
6.534371130146558926e+01
6.189225336132152222e+01
6.680598281661519877e+01
6.326609875460215449e+01
6.331203042803055325e+01
5.342110049350054624e+01
5.177100438426204221e+01
5.106893715112855858e+01
4.934800636223204862e+01
4.817134986905036698e+01
5.908298006751827813e+01
6.160340342424279214e+01
6.381236276934266982e+01
6.589537993310869979e+01
6.310819137522247502e+01
6.020360781624412994e+01
5.687444238603294622e+01
6.048903160518293021e+01
4.867617012958997691e+01
3.854351089527549590e+01
3.527173267612020169e+01
4.206728294836931781e+01
3.883081253445519110e+01
4.464077368139469826e+01
4.464515229509421346e+01
4.658310394622123596e+01
4.354522043831449452e+01
4.594929939998191060e+01
4.702760434367534259e+01
4.600344519004907085e+01
4.963148193381738338e+01
5.495554636323375064e+01
6.705331786349063350e+01
7.122347101110393908e+01
6.612084441934746337e+01
6.010982484105416290e+01
6.395977636741503147e+01
6.346484178438216617e+01
5.974639011965380320e+01
6.156387255646467338e+01
6.366691334191767027e+01
6.641936922165827184e+01
7.370935007026757546e+01
7.899550644437029234e+01
8.652311234279582663e+01
8.302849856781232063e+01
8.158235205532874090e+01
7.637963125984563817e+01
7.400806558442435801e+01
7.469402530341039892e+01
7.354302463216890828e+01
7.180571360552727356e+01
6.983237871706521105e+01
6.910265537152557158e+01
7.351988549331039735e+01
7.229105959690652128e+01
7.195652364857502903e+01
6.284061324270624738e+01
5.794579178120994811e+01
5.655044061966671620e+01
4.865754127009225982e+01
3.003715205958500079e+01
1.906521227136633811e+01
1.744187143112294791e+01
2.235935547998897022e+01
2.178209420016089481e+01
2.350691434731848162e+01
2.285168591721948061e+01
2.442402997249052987e+01
2.971428957382460112e+01
2.834562538373196006e+01
3.162142562954380409e+01
3.348923852000142176e+01
3.245536353539587537e+01
2.895592891643650901e+01
2.450142225495559600e+01
1.680051507142244205e+01
2.009535349490853662e+01
2.552487226467623671e+01
1.832937134333143092e+01
2.290892904785728490e+01
2.154731368914899647e+01
2.657234678089437452e+01
3.953548478829885227e+01
4.213893666889080691e+01
3.855716815133538944e+01
4.885593551116841127e+01
5.542267003817358528e+01
5.441293066488125163e+01
5.594612826379614035e+01
5.453586044860309556e+01
5.139130950788842256e+01
5.496150060606704812e+01
5.311204962592461243e+01
4.855677594687878695e+01
3.965778731912645583e+01
4.165597943869393305e+01
3.849523280448926243e+01
3.508531704682013697e+01
2.877906209225173839e+01
2.283164764776568845e+01
1.840393569485105374e+01
1.445231957745259876e+01
1.498409444366812693e+01
1.368067396440593164e+01
1.454465412637777710e+01
6.231369799903849760e+00
2.646924061548401763e+00
-1.886775776819660910e+00
-8.031165230345132855e+00
-1.295572683805955450e+01
-1.494265660642388838e+01
-1.882738529019767171e+01
-1.931049634075019839e+01
-2.265958536201960882e+01
-1.124503963919225313e+01
-1.199050908046992525e+01
-1.153260686664626533e+01
-2.218071260594765448e+01
-2.492838623353035388e+01
-2.531745958116787421e+01
-3.220717639382112196e+01
-2.973624010017953623e+01
-3.295675605815901577e+01
-3.255638268116432954e+01
-3.268074248073833132e+01
-3.080841040465772807e+01
-3.859740549516572372e+01
-3.177180057441373506e+01
-2.904616777126099336e+01
-2.464006679476554140e+01
-2.064219688127376884e+01
-1.335799439658191901e+01
-5.255728203232687967e+00
-4.015166181617541241e+00
2.834749956720691522e+00
7.196047346148451318e+00
9.299569599047696755e+00
1.308835908586542729e+01
1.247394854465694713e+01
1.099878530821942313e+01
1.407923844241174294e+01
1.398389647034283634e+01
9.392638837208597380e+00
1.836301104078896529e+01
2.394408719239827477e+01
2.755937954358678965e+01
3.199656657172584318e+01
3.736193203410370245e+01
3.687616975086177007e+01
4.211802947901337291e+01
4.645304634043796455e+01
3.881015700155196413e+01
3.581091451485141164e+01
3.834783293934412285e+01
3.784543176461673397e+01
3.927897782322297360e+01
4.529351765189483814e+01
4.130957516157167930e+01
4.114061762380354281e+01
4.696405632130940688e+01
5.084024142343104558e+01
4.963671462136322532e+01
4.740213363623982445e+01
4.362612526620554121e+01
3.952395438900148861e+01
4.958316678368732511e+01
5.411680412074300506e+01
4.731411750587245990e+01
5.189905537960706994e+01
5.411826087835859767e+01
6.626857954419187990e+01
6.053303842220597630e+01
6.296462595688191044e+01
8.069401032180284972e+01
7.978352721738067999e+01
7.285350029783977277e+01
7.647544620234620538e+01
7.824646697862073097e+01
8.383959337270911760e+01
7.984910013455733235e+01
8.051154471311491534e+01
8.239504751308180630e+01
7.862693318843972179e+01
7.438763433195896368e+01
7.567315391490519971e+01
7.622948446467010797e+01
7.884751959993766945e+01
7.475162896454871486e+01
7.941523708725873121e+01
9.117049187645807251e+01
9.188622367714528139e+01
8.772737246594410010e+01
8.794436578042507335e+01
8.646503006091332111e+01
9.174309214706397597e+01
9.486943657475610792e+01
9.098372069624755909e+01
8.382594807302085371e+01
7.676943978631405230e+01
7.825851776371705171e+01
8.112802666952343600e+01
8.545265219654081079e+01
8.937234624217938972e+01
8.899086635639427811e+01
8.941391059474109682e+01
8.225524283496143596e+01
7.903386273959246466e+01
8.395210161496652290e+01
8.899537943228843062e+01
9.025775919400456360e+01
8.595412085860354523e+01
8.725610874486301327e+01
8.150972887347397489e+01
7.547677600619807947e+01
6.898897230149746918e+01
6.075066931996079944e+01
6.022044605572541087e+01
5.699909020781412750e+01
5.750710092240910853e+01
5.562689042942727013e+01
5.151828141319548138e+01
4.667439462313219423e+01
4.358598658227598577e+01
4.418796923982062452e+01
4.734427082693009226e+01
4.775158991366518535e+01
4.315452806924619722e+01
3.955054118348412828e+01
3.349916474109581088e+01
3.554053740498748226e+01
3.817318196021336973e+01
3.618897810704613249e+01
1.946431861572535738e+01
1.697891487069937000e+01
1.427697109868343261e+01
1.715124686899105555e+01
2.147095399835251328e+01
2.119345580476164415e+01
2.778980641007937891e+01
2.485329382878517279e+01
2.469077097205218152e+01
2.255168327101169368e+01
1.550754989160427577e+01
8.459045864959769290e+00
8.733359431493122216e+00
9.913912194972015257e+00
1.140994568083493910e+01
2.145241358217141681e+01
2.177312786195616923e+01
1.846392358821735158e+01
2.342492589395913072e+01
2.380527125232916319e+01
2.527598590823046720e+01
2.980927615624402804e+01
2.545135048779545173e+01
1.796174649789602640e+01
7.621685859946564889e+00
8.197444216983230447e+00
5.406515855931259829e+00
4.438598260621399838e+00
9.490707368603761296e-01
-3.323668255731632382e+00
-5.366191774915463952e+00
-6.924671109940313762e+00
-3.218930423327774459e+00
-9.144331270646089971e-01
-4.973478168743792338e+00
-1.013396960143588288e+01
-1.023781772421429181e+01
-1.172540904281251173e+01
-1.260963115111609056e+01
-1.371873020973882973e+01
-1.422025749221187318e+01
-2.223612082367930753e+01
-2.079601027934632285e+01
-2.641777928069338444e+01
-2.516903284763497339e+01
-2.381527274014514717e+01
-1.962931772589416113e+01
-2.082071461503604581e+01
-2.394511964502147805e+01
-2.101197020656159253e+01
-6.928062098588679163e+00
-5.143895427887571259e+00
-1.676935260426877150e+01
-2.277980818538429020e+01
-1.484722730959106940e+01
-8.952806808716214704e+00
-4.327648441160237169e+00
-5.978927995390411532e+00
-9.896611489734155498e+00
-1.483938753825321655e+01
-1.914873682156596146e+01
-1.905360439865006583e+01
-2.975266896572465214e+01
-3.220873651265908677e+01
-3.453797854260986355e+01
-3.438677750918863296e+01
-3.895571950140499240e+01
-3.947524691997883650e+01
-3.159864944484675320e+01
-3.201835925873680821e+01
-2.682042245005679959e+01
-2.954908109421286611e+01
-2.987457866101085457e+01
-3.328722120923086436e+01
-3.327209877108133895e+01
-2.975699363147377952e+01
-2.736564750312744465e+01
-3.141101749367667395e+01
-3.272676986880724570e+01
-3.407161085654593080e+01
-3.891466463061834702e+01
-3.612709903984755044e+01
-4.010294999537391192e+01
-4.010387420434519612e+01
-3.409066946395513753e+01
-3.656567904059077989e+01
-3.467424377539197167e+01
-4.183528382654647970e+01
-4.054635416528660130e+01
-2.859222363605696771e+01
-2.536371753849515898e+01
-2.395329801696166783e+01
-2.447405353472767686e+01
-3.336161028211378010e+01
-2.993905786715478712e+01
-2.968141519804352768e+01
-2.346588524247001573e+01
-1.215429607771215892e+01
-1.378913720882563432e+01
-1.439676022032684344e+01
-1.733088273389241252e+01
-2.304440746539418328e+01
-2.481177071260579581e+01
-2.697735809576632349e+01
-2.702109200364061081e+01
-2.922518640499369269e+01
-3.777550560729714846e+01
-3.105393264243729945e+01
-3.130814951946871005e+01
-4.321394167841190637e+01
-4.011953806793698618e+01
-3.444848351314614376e+01
-4.521883290393271437e+01
-5.175725264055564878e+01
-5.170059512957237047e+01
-5.471059697369410912e+01
-4.761358543635885354e+01
-4.892458750126900213e+01
-4.309326184687616035e+01
-4.132952021805137122e+01
-3.952762735911273495e+01
-6.057000268528586417e+01
-7.426335208313361136e+01
-8.286556145977388610e+01
-8.447533345977987551e+01
-8.525856753357952300e+01
-7.918702329593226352e+01
-7.404194466114286399e+01
-8.330652447754795276e+01
-8.367822495592172061e+01
-8.807477153415334215e+01
-9.148078666995218100e+01
-8.894229539169103305e+01
-8.693756882423566879e+01
-8.667027166763364221e+01
-9.719859731310187101e+01
-1.075160508922150200e+02
-1.106740801997690369e+02
-1.233600746214804644e+02
-1.252940039804501566e+02
-1.318921630168651973e+02
-1.299634202965422958e+02
-1.230028883585526671e+02
-1.179563966108026989e+02
-1.155841194299657246e+02
-1.147601981003066243e+02
-1.089057435874053539e+02
-1.039431796038677902e+02
-1.023236297659027230e+02
-1.079675997803478111e+02
-1.042036624952473431e+02
-1.010804065619137475e+02
-1.052093634259802286e+02
-9.862479833578278487e+01
-9.132517875818537334e+01
-8.883125371827856043e+01
-8.013786693674450134e+01
-7.339527407819333860e+01
-7.222329535327831707e+01
-6.659885561047926217e+01
-6.277606069995018601e+01
-6.473247541128219495e+01
-6.913432066944119470e+01
-6.820625941005404513e+01
-6.920263581359245109e+01
-7.332098583336367881e+01
-6.927210265022472413e+01
-6.824310157659043341e+01
-6.588709368179938508e+01
-7.579963942921517628e+01
-7.662570808037250458e+01
-7.823782328035387934e+01
-8.373463887398990835e+01
-7.775751872531925812e+01
-6.413679091347984240e+01
-5.815028110415775586e+01
-6.405950102510729494e+01
-6.565225822595077432e+01
-6.765313426285761977e+01
-7.455690782360107960e+01
-7.579904523731588029e+01
-7.513238976317333595e+01
-8.072429678173854484e+01
-8.686960323586546906e+01
-9.310848026115797893e+01
-9.854574226754836275e+01
-9.542794288216413179e+01
-9.644017883116617895e+01
-9.923403830061590725e+01
-9.582905797716608731e+01
-9.197938795430468417e+01
-8.844262245209282014e+01
-8.146706198612618266e+01
-8.254190437356032817e+01
-8.279870302932694415e+01
-7.322360250203242060e+01
-7.085482225095221054e+01
-7.217865935049553627e+01
-6.643774427490805579e+01
-5.969792712973708149e+01
-5.795219361439018968e+01
-6.180009088227711800e+01
-6.017080167186845330e+01
-5.896882388217537851e+01
-6.057535473074587884e+01
-5.619266200026410729e+01
-6.191204668363994301e+01
-6.479947785282280392e+01
-5.842132266965866449e+01
-5.479536129705844161e+01
-6.002304430677359193e+01
-6.028040074690556338e+01
-5.568679217976328033e+01
-4.669244257437696888e+01
-4.600719113976120411e+01
-4.074701499897400936e+01
-3.039891412793090097e+01
-2.839371865840177733e+01
-3.114702110762722498e+01
-1.903791577120681922e+01
-1.881760117043687330e+01
-2.007066194032682915e+01
-2.043510915891896218e+01
-2.071591861550128399e+01
-2.689659787651558887e+01
-2.376032136118556792e+01
-2.129592401889488329e+01
-2.899692533507213099e+01
-1.958410662648819311e+01
-1.151879484563106359e+01
-8.763890877148870828e+00
-6.144321841185412580e+00
-4.154427976951147627e+00
-7.045807790757533162e+00
-5.698525345492611471e+00
-3.355573034849001157e+00
-4.370528506225427101e+00
9.418891399995772407e-01
1.264033649377740076e+01
1.897288945436597629e+01
9.285331197166186712e+00
2.606294452279670271e+00
-2.928409744222246758e-01
-5.981032991092543466e-02
4.213738816427564871e+00
-4.107488369330398292e+00
7.350010339422072825e-01
-4.293571511360421589e+00
-8.460527788854005138e+00
-7.827694118244056476e+00
-9.254541683891629233e+00
-2.498433641721225396e+00
1.959875959562273451e+00
-2.691094865676343928e-01
8.391652075760880791e+00
2.071741820455581973e+01
3.093910830518968424e+01
2.583484253476686021e+01
2.555149876634785144e+01
1.399891330072760631e+01
1.817923305034331349e+01
1.796074034254447938e+01
2.401637857931201836e+01
3.420704833081052243e+01
2.972456949656515945e+01
3.066610867761757930e+01
3.927816223314834332e+01
4.834062498785983308e+01
4.719361425959494483e+01
4.960265829492644940e+01
5.265084461287378303e+01
4.651211249120799351e+01
4.209998840826749245e+01
4.499049109421370929e+01
5.291561275155095956e+01
5.830247023092887559e+01
5.724264333753954759e+01
6.112897985214589625e+01
6.809275657061967024e+01
6.576949651846722134e+01
7.262189036710088885e+01
8.774096031884948843e+01
8.868328490362814875e+01
8.920003837233116428e+01
9.103173161997645479e+01
9.257028512974521561e+01
9.049096154844792750e+01
8.521142845815957401e+01
9.199021209912100971e+01
8.133097612443373237e+01
8.008131705434530545e+01
8.124660038780126570e+01
8.366162642292135843e+01
8.960944332662649003e+01
9.270375023014186411e+01
9.023652115411474028e+01
8.001086158929741998e+01
7.367682916616195143e+01
6.451136416441867993e+01
6.595422483311618578e+01
6.690907970345320166e+01
6.627939457075224539e+01
7.063891539322639801e+01
7.139684171021544046e+01
7.323737239880226468e+01
7.139721018875232517e+01
8.069663128717120060e+01
8.360197766522978213e+01
7.935757501214200715e+01
7.663839331582293823e+01
7.714850509259433409e+01
8.160073049468630302e+01
8.017282972255168261e+01
8.966837803764651937e+01
1.035750753416072314e+02
1.016082993318218541e+02
1.008194474308387356e+02
9.928979114432281960e+01
1.071856918778096173e+02
1.085003083154864783e+02
1.040249125409158637e+02
9.896628207465703042e+01
9.729900727065552246e+01
1.093860482984483014e+02
1.113425896369886061e+02
1.078099511175540073e+02
1.106856257738104858e+02
1.150955854020055966e+02
1.206454263602705197e+02
1.213710665239711375e+02
1.179307130532817069e+02
1.139210297171636768e+02
1.207429287207706068e+02
1.216134551924738076e+02
1.125034608821777198e+02
1.107390735016526691e+02
1.013633025629107607e+02
9.703270637413687894e+01
8.889747591446239028e+01
8.894602589698948236e+01
8.843653238567544861e+01
8.644983170206602097e+01
8.895890809620443918e+01
9.327406055291608311e+01
9.768544504081003765e+01
9.669335577936728043e+01
9.351344056536437677e+01
9.329613747085430475e+01
9.462742768748172750e+01
8.836953550735287877e+01
7.512894486970586172e+01
6.701635577836731272e+01
6.949889349631244784e+01
6.520775656066186343e+01
7.002198224624642364e+01
7.519822222879174944e+01
6.650801290242500841e+01
6.979983112094888043e+01
6.934004850746619297e+01
6.644678855312739074e+01
6.725567791021639152e+01
6.186822263697271040e+01
6.637504764385846556e+01
6.559174885415967537e+01
6.372910965958851648e+01
6.254363708146641443e+01
4.965616776477256877e+01
5.208670200692860419e+01
6.100374180439827398e+01
6.610412422818903622e+01
6.305853480382732812e+01
5.938146046628323660e+01
5.544212197814037779e+01
6.186456955884982989e+01
6.868696282771911399e+01
7.193655543318502055e+01
6.596977204452399235e+01
6.404342422742240615e+01
6.046984973731911595e+01
5.594562532531115551e+01
5.449386768163194006e+01
5.222502970260610766e+01
5.145560780861993777e+01
5.528017672964136864e+01
6.867906713058671642e+01
6.641861718028928863e+01
6.459195694736351356e+01
6.467822352130147578e+01
5.786289814377630591e+01
5.334995264287929473e+01
5.132729805599497297e+01
5.249835713079392718e+01
5.592056926251225946e+01
6.313518860703896252e+01
5.691549423919586559e+01
4.862816021497376084e+01
5.256140423173231824e+01
5.574042239746630401e+01
4.641316660582155862e+01
3.443182729630588312e+01
3.010657431905647385e+01
3.020395280369331203e+01
2.911809640575696889e+01
3.740444790794160923e+01
3.562576976920120586e+01
3.146474000401958904e+01
2.618960230933272015e+01
2.887286247268498940e+01
1.149831799173503377e+01
6.340874950244944408e+00
6.833809055597732218e+00
-2.367686696276102065e+00
-1.198854745980964509e+01
-1.799958921523889899e+01
-2.117885771497434177e+01
-2.730510507524715536e+01
-3.132475058352516939e+01
-2.454316498880805497e+01
-2.113761177929750446e+01
-2.430896113034522799e+01
-2.622623475022661665e+01
-2.173784403604553006e+01
-1.878162703115991761e+01
-2.571298573557718470e+01
-2.441436228860941782e+01
-2.121908729797788951e+01
-1.778542024256461573e+01
-1.490080262810922029e+01
-2.273225165883894761e+01
-2.190160953860787529e+01
-2.816988992446481888e+01
-2.232627774421267830e+01
-2.716693665040024186e+01
-2.791054601838000693e+01
-2.431535628340287758e+01
-2.625215470347684033e+01
-2.166297877632400670e+01
-1.761806488803585680e+01
-1.498990427176766893e+01
-1.708395523222325352e+01
-2.191842015191958382e+01
-2.200821184556230037e+01
-2.938810074808772299e+01
-3.118269712039827013e+01
-3.284797249368765648e+01
-3.683651824841633982e+01
-3.656827787918722095e+01
-3.220462714439979379e+01
-3.462102451348108900e+01
-4.300630773114230010e+01
-4.719154985196820462e+01
-4.871136309994659541e+01
-5.280588466331231245e+01
-6.144679357888179538e+01
-5.467933036242048672e+01
-5.473820434517261191e+01
