# data in one-minute intervals
-6.013334767872755698e-02
-4.659168300979168315e-02
-3.410173885028177643e-01
-5.100876035792521052e-02
1.630319688137069623e-01
-2.850903317983715102e-01
-8.449156976509978323e-01
-4.157803878320102120e-01
-7.065223077864891434e-03
-3.696185537461841863e-01
-9.406266680927304058e-02
-3.810244319220457143e-01
2.372994393970543348e-01
9.927729837983684247e-02
3.160050172302316662e-01
2.688502134183456960e-01
1.007958412892636102e-01
1.349765715384263209e-01
2.297776735691796079e-01
2.056880481757538126e-01
2.516427442023440320e-02
-1.132948969010641460e-01
7.461097488893517204e-02
-6.986267949972421731e-02
-7.931585988418365929e-02
7.115790113777824277e-02
7.476040172842970954e-02
-6.089015740035454982e-01
1.594803216842904242e-02
-1.170299093002913488e-01
-6.525981427685462188e-02
-3.844942691572940108e-01
-6.106741976561671364e-02
-1.425021775854944973e-02
2.242848446280613084e-01
5.190772283498659156e-01
7.615022995364104652e-01
7.685697679393554971e-01
5.145453617099920302e-02
1.559856829260275191e-01
1.134210121167462254e-01
4.378152055422090405e-01
4.411877860674044971e-01
4.556993205280949200e-01
3.260583812039744567e-01
3.468434745136380060e-01
4.981333473685257140e-01
9.548510415508818516e-01
6.246558446042494994e-01
2.595184123700817191e-01
6.771278294239002626e-01
9.124086928603898639e-02
-3.756443584452300033e-02
-5.127479486263097387e-03
-2.308815047187504077e-01
4.237682664446209002e-01
-4.426757764211807777e-01
3.015673166278852180e-01
-2.449026620050411690e-02
-7.538410624693935025e-02
-1.830643924156658275e-01
-1.466989718879503357e-01
-2.232580357181737640e-01
-1.789897292601720091e-01
-1.698725801965102478e-01
-2.438148373739481012e-01
-4.404552003869759980e-01
-9.977112246723211092e-03
3.540143078678696376e-01
6.069071794796920827e-01
1.944664135671596572e-01
3.652010162989937636e-01
2.325786498078975806e-01
-1.457672097810011613e-01
-2.205438663550703671e-01
-2.064221697572967140e-01
-5.163991709888526849e-01
-6.617339453979992347e-01
-1.576143755666091842e-02
5.332462480237903230e-02
5.402688269324014414e-02
-1.665824349457251663e-01
-3.708103837892188226e-01
-3.525556130240929953e-01
-2.786203129398995282e-01
-2.333520479326238461e-01
-3.729326760502499338e-01
-6.565271818240576707e-01
-1.735016827517800730e-01
-2.560494903228846542e-01
1.106726357881101380e-01
1.544133852061986834e-01
7.807390078568465785e-02
9.673607285383910293e-02
-1.613304805786925367e-01
-5.162781515360609363e-01
1.513098670793554812e-01
-2.727389977158128226e-02
2.586165426032882575e-02
2.798982841972730840e-01
2.837488959648209463e-01
2.597691141468321807e-01
4.344659557475571976e-01
3.169227668393657105e-01
2.584689007703179775e-01
3.308957050092953822e-01
4.442872772213178334e-01
7.803428858209935370e-01
-2.068390291103203715e-01
-2.218667038281584292e-01
3.930065783594054452e-01
6.420965876821035923e-02
3.689598278824332556e-01
1.076122944494656286e-01
6.380215385694448446e-03
6.133962611961130129e-01
3.657716927146451025e-01
5.447579832881931372e-01
7.042820887220700987e-01
2.484215838005511823e-01
1.595411488751701801e-01
-1.021962495993225251e-01
-7.531714643247057472e-02
-9.925216562670929887e-02
6.296690929346612786e-02
3.391637469352590251e-01
2.644553913036472026e-01
-5.863182883730611722e-02
-7.723218308486948236e-02
3.954802522647401508e-01
-8.467875284163066396e-02
1.305885415153481555e-01
-7.765964117806940792e-02
-3.387041948203609043e-02
5.800500866652109205e-02
-1.434179742679830144e-02
-2.804931885867867902e-01
-4.432341800088105965e-01
-3.530966104392005978e-01
-3.009442972227344137e-01
-1.371437947463680605e-02
2.865041257499268967e-01
2.754980597750676941e-01
7.013303942708042082e-02
-9.768901701713116059e-02
9.417795401822184886e-02
-7.596228619197908927e-02
3.903021597629062200e-01
1.602573291614831363e-01
5.743109831063230031e-01
5.828670143051394303e-01
5.239739016142842543e-01
3.526583308720836474e-01
6.823954405005414614e-01
1.088122940815580364e+00
7.976633363014290490e-01
3.604416378115977149e-01
4.949347362763725222e-01
3.337780888845798821e-01
6.475680260885458006e-01
3.381229876829501824e-01
2.571253448771911310e-01
1.870105595967813672e-02
1.832442085677336019e-01
-4.399622927751575818e-02
1.796356698586391853e-01
-1.114592906326838939e-01
3.625486011851208890e-01
-1.618288441508851927e-01
7.203366812065547728e-03
-1.921123698959465997e-01
-5.728410361569014758e-02
-4.970254475650475595e-02
-2.228922723786991578e-01
5.607825745439467546e-01
6.363723286713790506e-01
7.103323326657797754e-01
5.456641204823723390e-01
1.274813687641733473e-01
1.375957330556049907e-01
3.907714946944044754e-01
4.325663562598711098e-01
3.975573094004478114e-01
3.998924051822000947e-01
4.629304011163338783e-01
4.787807684817168424e-02
1.281545078081210987e-01
2.451576338239214725e-01
1.732074856846553268e-01
3.913492316671208227e-01
8.090200327431159577e-01
5.333133160388208172e-01
2.974312342645175633e-01
-5.058002561377934053e-02
-6.440874055506853879e-02
-1.275299073656891921e-02
-1.593023767681969738e-02
6.448517387493067632e-02
6.144522460636417382e-02
-1.582135696967895688e-01
1.178198845696764863e-01
2.098373095858393766e-01
4.096027779917920664e-01
1.872699189755017424e-01
-2.178918528988152761e-02
-2.411483885811160632e-01
-5.005266396730376766e-01
-3.767968847178656544e-01
-8.211185329586034864e-02
-3.282017014670364774e-01
-3.598829684153882491e-01
-1.161053589352601702e-02
-2.900915751990976177e-01
-1.978839044798625102e-01
-6.218098342918219890e-02
1.600138061535821832e-01
2.803045695244518742e-01
7.202059262060454825e-02
-8.334310945357288614e-02
4.246487822025934444e-01
6.773930148243173521e-01
4.830636288178202231e-01
1.936441330187698706e-01
4.269426179979180502e-01
2.659751076113274215e-01
4.292737989129012666e-03
4.633975507010015815e-02
-1.097143598837008599e-01
1.587393484716718706e-01
1.309057175731195566e-01
4.573994012597529801e-01
6.060344380123396935e-01
3.119791358098178424e-01
4.369861763029913027e-01
4.312204761412140597e-01
4.651189018997702318e-01
5.508059411616635925e-01
5.846923430085196882e-01
7.050834209390651752e-01
2.793477693211777191e-01
5.281178016206766745e-01
5.515454886774732168e-01
7.299569976322454190e-01
6.810635830936853097e-01
5.268614876190785834e-01
8.156834582166934133e-01
6.288929220009599197e-01
3.107964509234568129e-01
7.886799050420743029e-01
1.226447120649764022e+00
8.525659086454402402e-01
6.151401919692019993e-01
2.161224881559426214e-01
1.860985964564642325e-01
5.062130645263006601e-01
6.432872158797030560e-01
4.312602280549628908e-01
2.465445762920366879e-01
6.698191937940106699e-02
1.406336483990577035e-01
6.518622661815313968e-02
6.839742803589603237e-02
-4.281973907492275799e-02
9.497962004241224110e-02
1.271679663701368772e-04
2.603609498935412492e-01
-8.520750498684268037e-02
-3.403675033769799907e-02
1.376076403452495822e-01
7.226814299934368746e-01
3.659355235022616892e-02
-5.285675631417180442e-02
2.736347574087595325e-01
-8.201273199903032218e-02
1.674168135246410782e-01
2.848184092496380826e-01
-3.895137766657806866e-01
-8.634991858462670589e-02
1.883791035688303916e-01
-3.554230849019865968e-01
-3.212646772083948554e-01
-1.241495737285264883e-01
-3.731649012916882224e-01
3.174997145766522005e-02
4.356300924463706037e-02
3.263236749003951553e-01
6.849979433517228156e-02
3.397736334908418865e-01
6.528168178640686437e-01
3.388152515962175038e-01
7.045946761294422100e-02
3.230481840890815359e-01
2.154927526315817687e-01
-7.691430604550954231e-02
-9.524330332142537381e-02
1.747791130909943091e-01
-2.385271569975217498e-01
4.357291381229166233e-02
-1.443417172776570168e-01
-3.761047972602550582e-02
2.991391700589569602e-01
1.075391111515192344e-01
8.064622036737588429e-02
-2.222903085578306071e-01
-4.581478192966328411e-01
-9.496348401768256453e-02
-2.251968029910667579e-01
1.197617854606422977e-01
1.350034446246675401e-01
-2.021835895556823859e-01
-1.677864728099626168e-01
2.720236701824575443e-01
4.100442623699797062e-01
2.762639062391651912e-01
2.352602232031495155e-01
8.280078608884734737e-02
1.160483267211116221e-01
3.943259629665211707e-01
1.949139096593580367e-01
-1.860943391079489528e-01
-1.670791170600100239e-01
-2.598995000094943553e-01
2.923919649375433805e-01
1.990667270623941443e-01
8.564905309543428824e-02
-1.386899783796119723e-01
-4.580599408059518596e-01
-1.256288129028223892e-02
6.090010309697853064e-01
1.886961193901599276e-01
-1.594192345059203819e-01
4.740151418043902498e-01
1.597193440943667220e-01
5.475715270844074833e-01
7.445421440210805430e-01
3.021629670342548257e-01
2.484565979680023462e-01
3.855737947197027116e-01
2.471512824009569065e-01
3.931738593023781370e-01
-3.372996316219126905e-02
4.541271647844005721e-02
2.240210866912747956e-01
2.941821228359911000e-01
2.247201226666293850e-01
2.409545576021101046e-02
-3.216245209606025113e-01
-1.452496996193089751e-01
-3.258243493609053743e-01
-6.890954367093653221e-02
2.078239322884742613e-01
5.361037738773246630e-01
3.215961041380941410e-01
9.556396351924642193e-03
2.826965795639488910e-01
3.282832322347098430e-01
6.672172647479438501e-01
5.838201334058519265e-01
7.893134690032088674e-01
9.528025476190162824e-01
5.556666827435542411e-01
2.458809294375746135e-01
3.745256903293436301e-01
6.656631778351220774e-01
1.748771131543198076e-01
4.107965819904723648e-01
2.665074452318173526e-01
4.380311413827397971e-01
8.021543040668513425e-02
9.149102704849645940e-02
6.533216428561726685e-01
3.312435180744472407e-01
2.473613199108860017e-01
6.333818809384119675e-01
-5.464157001923623455e-03
3.245235966023807817e-01
1.641400796740586920e-01
1.999590742931734721e-01
5.855178292805064411e-01
4.388705673633452181e-02
-2.116508078077314614e-01
2.501540780630658392e-02
3.651364281056089234e-01
1.589454233995713506e-01
2.852554759667090267e-01
2.156976441616372253e-01
4.233138043164294539e-01
2.365960357458072039e-01
-3.263906311731450405e-01
-3.466146041701750335e-01
1.623314252517206804e-02
1.069340661184027402e-01
-1.238288138098935370e-01
3.250096558672688207e-01
3.737918733364597457e-01
3.480590942243516617e-01
-1.340523314195631206e-02
5.151888063445875937e-02
-7.917557853156341474e-02
-9.018103302800155319e-02
1.177448569606206058e-01
1.575611353726447117e-02
-8.508021015087881278e-02
1.067541255162212516e-01
-3.246319797230769882e-02
-2.419346288525598410e-01
-6.379465565076372635e-02
3.016302616639883194e-01
4.847997745783722556e-01
-4.562857243886624115e-02
1.307257502553842987e-01
6.980527399615501505e-01
2.839442070778145921e-01
3.716208766945006126e-02
-1.195243347075021778e-01
-7.392575070727690212e-02
-8.346355016740487909e-02
-2.526232821419406860e-01
-2.456697324440332009e-01
1.187644554972517308e-01
-1.450610393796303256e-03
-3.340729800144924266e-01
1.219070438111609367e-01
1.925348121752795405e-01
-1.098753957381461005e-01
1.136687146462971205e-02
5.263056047616468947e-01
1.286914761002265484e-01
1.664934886418646953e-01
3.076390730616858638e-01
2.417061201918656033e-01
1.027084844851729739e-01
2.221319931436124551e-01
9.014243973161750745e-02
1.328103034171054242e-01
-1.410853232578567484e-01
-4.907320075618379351e-02
2.647670526460876861e-02
-4.380396736323137197e-01
-3.566075200021300851e-01
-2.584075501796420649e-01
-4.089121409926600448e-01
-2.419265399099191916e-01
-1.685872142758231274e-01
-1.564115582168405516e-01
2.394705154990099116e-01
4.123523897911148817e-01
4.197922229877174005e-01
3.293606699474446731e-01
-1.802343289789807429e-02
-5.843253037421836972e-03
1.757107566936120524e-01
1.071706675356894761e-01
5.043532502261138806e-01
6.499736558159977529e-01
1.745788503666811098e-01
3.329208358910343973e-02
1.770378447659518295e-01
3.608638917701678106e-01
5.229967442648645326e-01
-4.327327300806572269e-02
2.389641783630719052e-01
2.185619014022192053e-01
3.768015644914473605e-01
5.102177614753802132e-02
1.403380005382876550e-01
1.352421617221696015e-01
2.320449983915615910e-01
1.961285976978144330e-01
-2.718874519454401398e-03
8.406196811184689366e-02
3.075931523003849755e-01
3.200165327890840128e-02
-1.126072968186989931e-01
2.255137527912214890e-01
4.414657450063531052e-01
4.860991041023990378e-01
2.878418646893858845e-01
5.144670519979537282e-01
5.285925116493942477e-01
4.066458800515335148e-01
2.027156192552055924e-01
8.675462365190209080e-02
-2.767372404435312905e-02
2.510011414420647013e-01
3.647226008942618947e-01
3.324897463590274493e-01
-3.717070659051009418e-01
3.413784742490403867e-01
5.648651182997834752e-01
5.841714573511344044e-01
6.557054340638562850e-01
1.612930905008326532e-01
7.698672455526917036e-01
7.392597106255202055e-01
5.844971583589925190e-01
6.299501929758614116e-01
7.944676152983495276e-01
2.639330378170295366e-01
5.432344804802452520e-01
5.896886249189542406e-01
-5.378668838702422433e-02
1.674027151252183432e-01
3.099187882566795116e-01
2.471998841545388348e-01
-1.985934173372564948e-01
1.701498129584421981e-01
2.798840160458708204e-01
-2.448791084515459515e-01
7.976785786472227746e-03
5.548208111463461684e-02
-1.486614271992474021e-02
1.825043573870418212e-01
3.758261468305831854e-02
-2.004898437968872238e-01
1.125540894838166495e-01
1.272660674513233781e-01
1.756092076245452382e-01
2.146580843211486622e-01
3.024475256276489277e-01
2.798551245489422912e-01
1.806742700608482688e-01
-8.452976515110578737e-02
-3.626526792899245621e-02
-3.317357347692570513e-02
-3.189309610032939335e-01
-5.272487218858232794e-01
6.692313192744593631e-02
-2.695817555792013320e-01
-1.425987029735631129e-01
-1.371589248298962505e-01
-4.608248856489021716e-01
-4.200509720253836066e-01
-2.421057854294631217e-01
-3.053885416060808655e-01
3.490348462002917929e-02
-4.788257596594477569e-03
2.094640235061657196e-01
-8.846497624551369343e-02
-2.201154241555193791e-01
-3.846100023944909463e-02
1.517643823527294045e-01
-1.351381446022837385e-01
-1.197581547782765737e-01
4.502366857177395598e-01
-1.043991665347552278e-01
-4.238757976588486409e-01
-1.069910428508482753e-01
-1.917548705469794904e-02
-4.298616229553206547e-02
-2.688381499709696643e-01
-2.000558104567306816e-01
-5.207369573564748361e-02
3.952054251769331339e-01
3.366572086148719722e-01
8.216092656567641761e-02
2.030030577995602381e-01
1.513582760109042497e-02
1.933958213912135293e-01
4.947239573913299049e-01
7.276720574662113306e-01
3.970923190086217414e-01
1.280274779535441332e-01
-2.438770370272354271e-01
5.926563665756445082e-02
1.092566966350269481e-01
-1.283120260151617842e-01
1.644646466681696229e-01
-6.018037857617199171e-02
-4.944812676548900748e-02
-2.253307045570865363e-01
5.246922954035226211e-02
2.322789475094884717e-02
-5.285843915710706220e-01
-3.231184906106336630e-02
-1.262060968527371763e-01
-2.013693208521595002e-01
-2.701585289574242044e-01
-4.772247649830893557e-01
-3.042423699532537662e-01
-6.805417036297729816e-02
-7.286235727232856507e-02
-2.024367612141809297e-02
3.363678240334183056e-01
-4.494468619461282344e-04
-5.027555376568495354e-02
-6.436588616475693581e-01
-4.343201514621846671e-01
-1.404748110502817005e-01
-1.303403878332187460e-01
1.761649626796054843e-02
1.944162814367999051e-02
2.873876030864496722e-01
1.349242283310372048e-01
3.619258341811722873e-02
-2.048618603035852193e-01
2.738605220716205380e-01
-3.050821192023602246e-01
1.126399822664580080e-01
5.412574369101370853e-02
-6.630061068270243219e-02
2.055161846571779416e-01
2.776328030317597451e-01
2.959473632157429979e-01
-2.959151437641633353e-01
-3.050616478706845158e-01
-8.928379196063210288e-02
6.598856563851085433e-02
-1.533809979218520581e-01
3.513080148273448056e-01
3.841146253413348921e-01
8.312529271091101402e-02
-3.558997993391438408e-01
-4.023502029150703985e-01
-2.713374742739604883e-01
-1.728889076068481911e-01
-5.199314653316615686e-01
2.861882614471057962e-01
1.818723077865533055e-01
4.939592831578242804e-01
-5.857155880542590232e-02
-1.303136940932065335e-01
1.924678694630346451e-02
1.422676547250352752e-01
-3.547579977440826204e-01
-3.934858025496582590e-01
-4.377140199093343398e-02
-7.962797066732198170e-02
-2.365934980660011344e-01
9.569402052106504297e-02
6.601634530972227966e-02
2.699555175141487573e-01
1.004646472477746105e-01
2.622021148918611266e-01
1.682637165349541719e-01
1.281704295640480884e-01
-1.509834869094648646e-01
-7.766506903399798822e-02
-7.868597725700914314e-01
-6.416298146830266003e-01
-3.852015121324273705e-01
-1.749667787087952064e-01
-4.984008121849807793e-01
-2.458134199975318679e-01
-4.171568497907973128e-01
-1.762974515021821509e-01
-2.247923935941528728e-01
-2.781478869324927050e-01
1.429656982583349945e-01
2.976065732428940791e-01
-4.599411625115251701e-01
-3.850245246740789939e-01
1.647365581677333324e-01
5.236168295889680468e-01
5.263783745033810968e-01
1.401241971471907594e-03
-1.374101088265030912e-01
1.194634817603681953e-01
1.810967374634811777e-01
-1.141593030439740780e-01
8.669240912564206425e-02
3.039003142747956909e-01
1.253158398917868788e-01
5.952208719878705062e-02
-3.186958236255052479e-02
-1.415112867354683945e-01
5.145250603712744897e-02
3.436493707549045928e-01
1.044108180316934281e-01
6.663685328132580576e-02
3.689009955958776760e-02
1.368200215296081490e-01
3.013429788998157610e-01
3.860024420635280729e-01
3.858925634482996414e-01
3.516922666063232450e-01
1.826833354868591386e-01
7.911041399637122051e-01
2.438201130166285091e-01
-1.652391164858561801e-01
2.332524431963924338e-01
-2.439031139801345685e-02
1.030990176767585809e-01
1.332481875091886536e-01
8.773678854648524206e-02
-2.484643577407292803e-01
2.074073201789395360e-01
1.115023244770972644e-01
5.452530589396637623e-02
6.508994580943035582e-03
-4.876680314644284836e-02
4.712633844306109848e-02
3.794523153158693707e-01
1.766358410979438076e-01
1.029868165421028853e-01
1.390261420561240135e-01
1.669439778641342575e-01
3.822630317271156347e-02
-9.392160755227177416e-02
3.278076352792843595e-01
1.206085083664508312e-01
8.053685049900731474e-02
2.675429839605971694e-01
-5.599597966728238341e-02
-3.467359410495957084e-01
6.590042798692744008e-02
2.515853956747817755e-01
1.466116804046013467e-01
1.933235196047720372e-01
-1.282110080469731073e-01
9.986921740688327331e-02
-2.056004132162125575e-01
-4.549442096279469605e-01
-7.766572958606161869e-02
-2.221623336607404520e-01
2.029846673405134583e-01
6.117077154753194912e-02
-1.185996950928780574e-01
-1.674020403770265786e-01
-7.710493098220896901e-02
-4.149386220844000217e-01
-4.541018024315005008e-01
-3.677447113863970274e-01
-3.518391578921983287e-01
1.981505061970469939e-01
-2.061416330396111940e-01
4.006929352905707620e-01
1.662508680322338783e-01
-4.003886573361350454e-01
-1.871004179356872410e-01
-7.437318867047247595e-02
-1.086428103935811046e-01
9.066707607682286674e-02
3.821683453114024243e-01
6.201690828788735121e-01
6.595987437404644549e-01
6.548296761681137168e-01
5.348539730632271283e-01
3.005560341841322924e-01
-2.513988630067114372e-01
4.216617258158521508e-01
7.866763912313364804e-01
8.041886800073880792e-01
7.505067793547277599e-01
8.331681883745577499e-01
1.040928993059528906e+00
5.115248730609672778e-01
5.423931144802391913e-01
5.868950607774239270e-01
4.187403404766125714e-01
8.045651784185574307e-02
-1.244730781137235592e-01
9.658514065377044044e-02
2.591109309561075436e-01
4.353883532887515284e-01
1.002899366627102301e-01
3.326418009163821521e-02
4.885838754469961076e-01
2.791405297043794143e-01
-8.330013718054243843e-02
2.726482811559988173e-01
3.189269589063400273e-02
-1.448360166112150627e-01
-3.902175984994311064e-01
1.279157529437798257e-01
-1.301076792667665016e-01
-1.400358721817270280e-01
3.121673892636017689e-01
3.105381715343895621e-01
6.252743398166885069e-02
-1.108457043407033715e-01
-1.770680657853420381e-01
1.898019239630244770e-01
4.170801301420554164e-02
1.587631211523941530e-02
7.470124780658840558e-02
4.807672470189743030e-02
1.534711688290252840e-01
4.323410471309317438e-01
-9.144882463936244987e-02
-1.780272057295828603e-01
-1.273257963412380567e-01
-2.981929763546349865e-01
-6.334183657455654259e-01
-3.619714344126884198e-01
1.225480508016050657e-01
-6.178444450096652607e-02
-1.532791707741619214e-01
1.695539668059495297e-02
-1.752025719131868886e-01
-9.346922477137353802e-02
-5.060761061054479537e-01
-3.947039496052697216e-01
-7.408226235673028848e-01
-9.964948996534439551e-01
-4.740625080280562731e-01
-1.533458424306151369e-01
-1.696237562650281805e-01
-3.742038302213857026e-02
-3.715146941248809731e-01
-6.783968620308411523e-01
-2.738836235864779978e-01
-5.362801118768173447e-01
-1.161141855721284227e-01
-1.743195845240086972e-01
-1.935956049291468473e-01
-3.120521606904990142e-01
6.986103724873328480e-02
2.073505392145076620e-01
1.942073835915335556e-01
7.894974315383121444e-02
2.195111944956275873e-01
1.908510491773136863e-01
-1.498232392530884360e-01
2.132488771856449750e-01
1.430368996115864433e-01
4.095209023108045132e-01
3.878473973762899818e-01
5.402924454612882954e-01
5.737197844387967871e-01
1.981433523931974416e-01
1.966923139970130074e-01
2.380506937864926287e-01
9.974018046149865646e-02
5.464802692390225980e-01
6.902366729843074644e-01
2.131107282964245231e-02
5.858631020127298694e-02
1.553273693513645415e-01
2.486493388155915918e-01
3.669775647798491081e-01
1.604461183669968483e-01
2.639137762220870598e-01
2.318728570563007851e-01
-1.070303970243389607e-01
-5.358030810407111294e-02
-6.410449764000589190e-02
3.343342635681999520e-01
2.118697314774824203e-01
7.321236015440877321e-01
6.579395426893426269e-01
3.620249757463853135e-01
2.526272210336444890e-01
2.106428836465688570e-01
-1.886107064951471068e-01
-6.943411142094639554e-02
-3.913707904952052896e-01
-2.933140116702843692e-01
-9.015530582933869996e-02
-1.307942311720112771e-01
1.027429383773836441e-01
-2.292953863431503592e-01
-1.136095673243538301e-01
-3.317824776141610199e-01
-3.484818657938059117e-01
-2.903354973067450717e-01
-1.371813192483414545e-01
-2.541324531151283317e-01
-5.189503117494476125e-01
-3.837194717766697627e-01
-2.237370551704602473e-01
-5.129363725003435182e-01
1.436837225494410064e-01
-1.488862794094258923e-01
1.412867437437936580e-01
-3.333820694180794630e-02
-7.215122383350909274e-01
-3.249296728385084876e-01
-5.106002570042663530e-02
-3.483539810603179521e-01
-4.998538605478146102e-01
-4.844327085966359525e-01
-6.125662474656452527e-01
-5.779753498491292385e-01
-1.617038880679055879e-01
-3.168336202249563138e-01
-1.585603218475763743e-01
-9.238517204211629807e-02
-4.228883252354566080e-01
-1.426251308722421562e-01
-4.106278878425349138e-02
-1.973539434737355547e-01
1.948479104312615395e-01
3.407117771957721142e-01
1.236625761811371571e-01
-4.937709007256516069e-02
2.319892108923345478e-02
3.746661638630612856e-01
-3.865733472263563897e-01
-5.362080444145718439e-02
1.452457952679239161e-01
6.225764801767356971e-02
-2.004864423014705299e-01
-1.616888435187592288e-01
-2.923735788900118648e-01
-4.594829440347236726e-01
-2.985971140835763649e-01
-4.932770738429444468e-01
-5.356976188272298822e-01
-4.281758129621250353e-01
-6.457606951502541381e-01
-4.230320132660027599e-01
-1.884671414258002331e-01
-4.827108637609899278e-01
-5.029776933966492170e-01
9.133087649768127647e-02
-1.087351502190309210e-01
-1.767431465735985197e-01
-1.739724372022897481e-01
-5.128337678474947925e-02
-7.368878889172002233e-02
-1.590367303898247708e-01
1.595144943004744020e-01
-5.623926234624558596e-02
-2.113187305701702545e-02
1.924008002442852139e-01
-4.422728580485847660e-02
2.975509467784218653e-01
2.881239290001092468e-01
2.265396389923072518e-01
8.390337354408169968e-02
-1.805941009051352242e-01
3.998255235353838366e-02
1.015779477844173245e-01
3.959309166920655931e-01
-4.439983780244312339e-02
-5.173926050189827514e-02
5.770099901343642840e-02
3.983092105005519579e-01
3.816174807404347225e-01
3.760401948746298628e-01
2.109749190553601023e-02
2.055132128762063581e-01
-5.746982875279690178e-02
2.584411788660289644e-01
-1.168800246129961945e-01
3.387790667022478330e-01
3.207516720080921813e-01
7.587094483153717928e-01
8.258806881878801853e-01
6.155279517018794611e-01
5.232871471602800195e-01
6.545881668773479989e-01
5.116639615859693846e-01
5.549118789926037465e-01
5.703511476545766179e-01
2.526293624974964569e-01
2.094715067267134134e-01
6.258172321008629302e-01
1.543882540127752834e-01
-1.834504831131159308e-01
-2.405266796037813237e-01
-2.874571177048506065e-01
4.646210365356220895e-02
-2.814905857253672261e-01
-5.343929692318197811e-01
-5.063770551571293854e-01
1.892682188331538951e-02
-2.648777023051805957e-01
-8.253728738618838490e-01
-6.001936944862966694e-01
-1.849204129358221482e-01
-4.714266639231553535e-01
-5.960015372958542557e-01
-3.584405198081177524e-01
-9.319040423021748842e-02
1.973887122676990791e-01
1.108453518877393004e-02
-1.083825144939835373e-02
-1.914829648598311840e-01
-1.292774808039305334e-01
-3.991982211545995196e-01
-2.133022861994561536e-01
-4.533483401263193602e-01
-3.998080188490436560e-01
-5.966412977273772844e-01
-2.621965989060974778e-01
-1.871899028413049060e-01
-1.993877776882332642e-01
-4.513406727193092771e-01
-7.609344417395746962e-01
-8.735921609139417621e-01
-9.176471295538293216e-01
-6.124686658237473713e-01
-4.633069631755634687e-01
-4.973010391057223201e-01
-2.655746967148354121e-01
-4.559932453299027633e-01
-7.835372872790179466e-01
-2.099738079423658643e-01
-1.131720611108938540e-01
3.578380728064654570e-01
1.954366323061590416e-01
-2.256907063239062261e-01
-2.822391964608477744e-01
-2.850824532774146602e-01
-4.203808593657616388e-01
-9.302519529530846043e-01
-5.246462246949886721e-01
-7.073986655655080114e-01
-4.634439536118799552e-01
-4.464891546969601555e-01
-6.681872494300096221e-01
-6.497844855698475808e-01
-5.618185294504912664e-01
-3.360534764959163812e-01
-1.820174682667862198e-01
-3.699408592756612268e-01
-1.825608581975785571e-01
-5.058997711627017946e-01
-6.727155892833043271e-01
-7.025611514397360757e-01
-8.648473435078569693e-01
-9.639015118483283961e-01
-6.390544078006367146e-01
-6.326092330967191257e-01
-6.016123284537348015e-01
-5.499885874918016837e-01
-1.061815952073073444e+00
-6.818786001793406548e-01
-2.383307364568763576e-01
-3.428960220582025209e-01
-5.167541519311198428e-01
-5.951708224248015711e-01
-4.138079225656836613e-01
-4.232133794466452770e-01
-3.491847344262636321e-01
-7.855996576357757166e-02
7.634989540150924348e-02
-4.557196010459902968e-01
-2.028881919055014194e-01
-1.225689375257442079e-02
-2.732227539993484916e-02
3.673563922218958666e-01
4.193243691533490303e-01
3.884954519818625274e-01
-2.890318107494341815e-01
-3.472485845232720636e-01
-1.547533204858930478e-01
-3.650164499083914382e-01
-4.463370888564473921e-02
-5.179057715981181254e-01
-3.797156274844954438e-01
-4.111257431889661640e-01
-4.622380866108784514e-01
-4.913089482759754878e-01
-1.380681148438101524e-01
-4.251065321065368163e-01
-4.451352016905029685e-01
-4.099401804706026553e-01
-8.388697970004913573e-01
-5.589065380551129225e-01
-4.925240372815908874e-01
-1.794610190794349858e-01
-2.041402151821586353e-01
-1.376913567104174618e-01
-2.018399015692373955e-01
-7.711729692874835784e-02
1.170469563973676602e-01
1.756124604710847525e-01
1.563146355814828137e-01
2.666833635655999069e-01
-4.695423437984550530e-01
-1.613491380021572774e-01
-1.068315915099094307e-02
7.408570500215007348e-02
-5.437697974525854683e-01
-7.991272923080160462e-01
-6.594164746720407866e-01
-6.343734631949236036e-01
-6.521643016394110814e-01
-5.920829656030793808e-01
-8.741775216093510270e-01
-8.180271071590609067e-01
-6.300672202783597076e-01
-6.679611301522103695e-01
-2.137832238196758772e-01
-3.060965555794713522e-01
-1.385917726535822181e-01
-5.350924396928935511e-01
-4.094483734400082287e-01
-3.466638170969563171e-01
-3.743431088133280515e-01
-4.222246725497345032e-01
-1.130497506546979669e-01
-2.984364017900740795e-01
-3.012417988472635422e-01
2.350144001577909592e-01
1.599976160297342243e-01
1.206469592545816594e-01
-1.546196556325438454e-01
-1.464142730442019313e-01
2.300252112723150458e-02
-2.225508681565617208e-01
-7.718276664590398850e-01
-5.870755376751006782e-01
-9.454636243375155735e-02
-2.406222433988541576e-01
-1.048046042708336290e-01
3.459935257473926301e-02
-6.705142988280322625e-01
-5.257672562782853554e-01
-2.367886607027017420e-01
-5.574893828105190741e-01
-5.621121515364757570e-01
-4.704623706464205468e-01
-3.772221095545388869e-01
-6.483832227403474313e-01
-6.798326370315570522e-01
-5.070213526348924526e-01
-6.389392888524346725e-01
-4.661682100837807180e-02
-2.314994674069491554e-01
-1.512512373207557104e-01
5.288567786592475450e-02
2.503933598558673035e-01
-8.918535274866283558e-02
-5.243058631974522044e-01
-6.591408200226874792e-01
-1.539867572876302271e-01
5.626788236063408159e-03
1.936645887192936233e-01
5.942268461602415175e-02
-1.453346590435780905e-01
1.628584127586359953e-01
-7.283410824227521951e-01
-7.616415405615653000e-01
-7.976589775462121779e-01
-3.702634302666457655e-01
-6.938413558955833782e-01
-4.620990125320526554e-01
-1.538158107229667948e-01
7.250920791825002376e-02
-1.289488031791246325e-01
6.695613884782040948e-02
1.915064310739077527e-02
-4.647196742473722053e-01
-1.678248977241945938e-01
-4.496622583190866829e-01
-3.279768274041953147e-01
-1.454775752573080234e-02
-7.086202761094717584e-02
-2.054635263134467482e-01
-7.443308598605918869e-02
-1.666794673976520758e-01
-5.519165258830541765e-01
-7.285397001668818540e-01
-5.800323666897658770e-01
-5.926437371499528040e-02
-3.513280386834690683e-01
-2.047277533140627048e-01
3.503646880702575572e-01
6.969555153035647543e-02
6.564663878330603830e-02
-3.815643469331246873e-01
-1.018554715951123547e-02
-5.060380610472221541e-01
-1.969581025705218202e-01
-1.165295998107424985e-01
-3.286850691856967877e-01
-4.018796850148301791e-01
-3.634534036785484479e-01
-5.214479721704641246e-01
-6.559892642132552076e-01
-4.141412300498600874e-01
2.048226332244628412e-01
-5.178480776220818760e-02
-1.009533819571926255e-01
-8.667717248431257016e-01
-4.712116188758665447e-01
-4.088289350522394394e-01
-5.723925809642101958e-01
-4.697419289720033975e-01
-4.679511556088029184e-02
-2.183908657577659784e-01
1.034733549517581341e-01
-2.910586337363845200e-01
-4.274886699994649431e-01
-2.543404524966212943e-01
-2.182306926021536087e-01
-3.467593599680714456e-01
-4.964300655063055151e-02
2.965410019303314770e-02
1.927204180645700204e-01
3.951027308768740864e-01
3.081669101903264929e-01
3.881766609854719330e-01
5.032882845243427106e-01
2.642888471381294457e-01
2.058085314273880029e-01
-5.186218561985721232e-02
-2.932615828688392434e-01
3.796512982982930828e-01
2.712449908123328868e-01
-4.495885057621173408e-01
-4.096589345595070819e-01
-3.644545771706437232e-01
-2.594441137040466305e-01
-6.031088929322946379e-01
-4.509989297654203866e-01
-1.214419503295687264e-01
-1.303021713451058827e-01
8.185017599833782631e-02
-4.400610987299928556e-02
-1.991956806786225886e-01
-2.780840895353267617e-01
-3.165809690913872765e-01
1.471792516786822325e-01
-4.116076240350571291e-01
-5.311788982512938989e-02
1.100775460055797572e-01
5.390832976111246261e-02
-1.475573049077504584e-01
8.259274592665249992e-02
2.043264932880324014e-01
2.568460022480780758e-01
2.994683352048664871e-01
3.164409726241026455e-01
1.400625981562594602e-01
2.141948670379440478e-01
-2.063672064637566972e-01
-5.443683393598995890e-01
-2.139304394342334270e-01
-4.560588138225912247e-01
3.539288691197994274e-01
3.203498576759343797e-01
6.037735857860895283e-01
7.951155679766851447e-01
6.487002244164427056e-01
4.968124113403524222e-01
1.614267265645119298e-01
2.167517144626199266e-01
4.569258265885467463e-01
3.094291243218334070e-02
5.555429667705944485e-01
2.031107625355243751e-01
-1.366123767445160953e-01
1.175390580511191246e-01
2.379106494085901358e-01
3.464792278747370613e-01
-3.342708770999247014e-01
-1.423527508435687428e-01
-1.156952077939470830e-02
-1.302937920561978713e-01
1.629540421002173278e-01
2.634187745014224258e-01
1.537958863963806433e-01
3.828718386609124558e-01
6.610846027151451310e-01
2.517863116107274882e-02
1.442951645529487181e-01
-5.763595326125059946e-03
1.698910930033407929e-01
1.438411958409286096e-01
2.413062085336761808e-01
2.088783775089264882e-01
1.056627072285070967e-01
4.106460637504967814e-01
4.999649238791538108e-01
2.569994070032091127e-01
6.508635251977384906e-01
2.752848142122589770e-01
3.247854424716618837e-02
1.797020075161548658e-01
-3.362533535518840572e-02
-9.236980519775826737e-02
4.625092302969093655e-02
-4.585802801136332207e-02
2.244278537418538388e-01
5.250178618984148969e-03
-2.100706226361301887e-01
-1.961623644813124123e-01
1.242495252683969813e-02
2.968394639651694145e-01
-2.890837249258376151e-01
3.812597405828345165e-01
5.331508010144961895e-01
-1.202167073395708496e-01
-2.458300320860851845e-02
-2.549984969383707334e-01
-1.157850228010378901e-01
9.215310709551065294e-02
2.914893566414920034e-01
1.454525005435707008e-01
-1.114906927989927320e-02
-2.280842010958226695e-01
3.065908651850351441e-01
2.084712100724529504e-01
1.704592966642336227e-01
-1.850123940735459716e-01
-7.320700154503298474e-02
2.258336665396316056e-01
-2.136289723032150645e-01
-3.781984572165188463e-01
-1.272268944508868349e-01
-2.056655985373480600e-01
-4.054569184568999063e-01
-3.152664545243739069e-01
-6.447195679790568290e-02
-2.015466880802943006e-01
-2.712157814708608672e-02
3.428841893629001880e-02
-4.027628714360736994e-01
-4.754446542224367855e-02
-2.954769149954016294e-01
-2.779991653991134015e-01
-5.711289345785911520e-01
-3.011332224636505822e-02
3.297726871842960317e-01
-7.519615161010571869e-02
-5.754290151190486619e-02
-3.422135932447143425e-01
-2.844977679692535788e-01
-3.570901476867881924e-02
2.951373478690195173e-01
-1.510894632584312558e-01
-1.706679035169310077e-01
-1.097519452482842856e-01
-3.657745940807032303e-01
-7.514095894474848018e-05
-2.257498437459950699e-02
-8.387218739959531599e-02
-4.080462897703345249e-01
-7.055984396364342048e-01
-3.907884296337828522e-01
-6.153312050461280380e-01
-4.276887763536529330e-01
-1.237482164030894727e-01
-7.581954770804613108e-01
-4.973834555117811473e-01
-1.479732144169724206e-01
-4.273958102482761645e-01
-8.295126727381710863e-01
-8.691525716007304503e-01
-6.281427397871910401e-01
-2.795777226513833091e-01
-3.260060698591211725e-01
-4.939253772098019524e-01
-7.139141743550205810e-01
-6.101214295449610692e-01
-7.474703650909516606e-01
-3.671933516645465856e-01
-2.346389100079753487e-01
-1.444188560324288773e-01
-2.571693005657458841e-01
-7.831474563596171334e-01
-4.284637200645380894e-01
-1.995034955830683188e-01
1.752358431910276126e-01
1.401975796274897990e-01
2.094246614213403634e-01
-1.088393667442239532e-01
-1.207512140210731562e-02
3.956835227801054344e-01
8.666183185134481715e-01
6.453942258530491749e-01
4.092128053296434920e-01
1.299622040531610567e-01
6.948948955038060371e-02
4.237108129966558195e-03
-6.799510810095790725e-02
4.185016216656787802e-01
1.807789319974303643e-01
2.599424303119103885e-01
3.231530822252018376e-01
1.625513009326447766e-01
-8.032945874868079039e-02
-1.698872814804025522e-01
-7.452174278593952372e-02
1.989190161513716137e-01
1.780411851436160264e-01
-2.504012838699138377e-01
1.721866129505205123e-01
3.761344398923697763e-01
2.674121569933110912e-02
1.278291432364409563e-01
1.529928438367819110e-01
-4.092271218549921319e-02
1.472846603167146107e-01
2.954050487597055796e-01
6.960546082460923600e-02
3.950397010372735940e-02
-2.155834270477038350e-01
7.078305038125684567e-02
-1.992549926973504471e-01
-3.600779932709263775e-01
-4.584454477507375891e-01
-5.081111044292322410e-01
-6.027209885519313470e-01
-6.749368347662014489e-02
-3.309007540586444973e-01
-2.967038767750011519e-01
-2.689701688024608295e-01
7.511809500877610069e-02
2.276328229925578261e-01
-6.606907440045885205e-02
-2.538868165846540625e-01
5.070645207155472650e-02
-9.134328747524120273e-02
-2.509349182675899570e-01
-5.408545316279581572e-01
-2.588144627234357231e-01
-6.482792643390893339e-01
-1.291800383917044714e-01
-7.991214212654626503e-02
-4.287651334907671696e-01
-5.341241445260710430e-01
-4.014997760813751593e-01
-5.789497613434684276e-01
-6.766368578543241474e-01
-8.244129856365782771e-01
-5.594635110969045089e-01
-4.482596577452779840e-01
-5.924238015607490304e-01
-4.547910384362389702e-01
-1.044458616616904534e-01
-2.507223629689512845e-01
-3.274798169345372045e-01
-2.822687374252831893e-01
-4.391666355960591184e-01
-7.852656895584566588e-01
-8.930455594163116961e-01
-4.957014786308853727e-01
-1.607760671064075719e-01
-1.315029359975260215e-01
-2.699786929942217251e-01
9.266553173608468863e-02
-8.623799217795269367e-02
3.001378162606556654e-01
-6.076538605213387123e-02
4.734556329089934651e-02
-3.500943057794904112e-01
-2.433238830087712801e-01
-1.818891910161050951e-01
-4.058055263076643104e-01
-2.599473910806833210e-01
-2.195313924558848495e-01
-5.914280901954658415e-02
1.408291197853420995e-01
-1.276346761196082702e-01
-9.782064245042779160e-02
1.225876624122860109e-01
-2.135452881187573093e-02
-4.065770209175423311e-01
-5.543720517738891518e-01
3.294310739374790159e-02
-1.096737665697984504e-01
2.229830417089491701e-01
3.911435955813737098e-02
3.450993657787942287e-02
-1.185418564063300678e-01
-5.386014792475109919e-02
1.434867074365032968e-01
3.993386700465640926e-01
6.622884491386533679e-01
1.326719917589901966e-02
-1.054754698478552466e-01
-4.669750520823957030e-01
-2.773564018250761556e-02
2.244365333965396003e-01
-9.427748224953408016e-03
-6.403157378262484822e-02
3.211410128643522044e-01
2.662409504446981989e-01
1.672842713862897068e-01
4.972326769747437702e-01
3.451500811667677082e-01
4.601461357004416608e-01
-1.626611421227150411e-01
-1.490752024069153248e-01
-3.926574782829272275e-03
1.304515261299872553e-01
-3.622924501252539758e-02
7.292655894332576716e-02
2.565293242735377510e-01
-6.025523426194492882e-02
7.023203589930701596e-02
-3.312956542659253323e-01
-2.421169150600637199e-01
-1.773685985056964454e-01
-1.457067050451976986e-01
9.722961063123763958e-02
2.875289632006934326e-01
-3.120758313415522567e-01
-1.744565625664992181e-01
6.163074043378116706e-02
1.204022253048779301e-01
1.592123258583836394e-03
6.703529981188166564e-02
-1.058960423898574858e-02
1.588840852627838862e-01
1.288489632528377615e-01
1.338406710271476951e-01
-1.820166206989959068e-01
-2.542818574059282216e-02
-1.584041407579700467e-01
-3.239256188159814198e-01
-3.745459763330620251e-01
-5.013677355555774123e-02
3.450559801946421756e-01
-9.251585946123547233e-02
-1.839454451286230696e-01
-4.252614224029959145e-01
-2.174276739981886863e-01
-2.099804187422890378e-01
-4.054836439781328017e-01
-7.375998362423753264e-03
1.319401411277628111e-01
-1.705841970162739751e-01
-1.496609518883671719e-01
-1.759632998222246114e-01
-4.547109423153226221e-02
-3.488358900407344254e-02
2.655371823393339326e-01
2.514632833030028269e-01
-4.554387113347373867e-02
-5.116977725330777715e-02
-2.194110465517970787e-01
-2.276528663477770109e-01
-7.091293756488571687e-02
6.923423705525301453e-02
1.011890277410548988e-01
8.907876398679166405e-03
2.491277758828729094e-02
-5.672685409296719661e-02
-1.526315941065826409e-01
2.310338264941822484e-01
4.320787147521810978e-02
1.202561738766897703e-01
3.855789558974446196e-01
4.110662941496394107e-01
3.851598931328577557e-01
1.272713557403847562e-01
1.387269694842140910e-01
7.325735448467356470e-01
3.498257399296090253e-01
6.726199537877757262e-01
3.103352312963463255e-01
-5.689826532482641225e-02
-1.052255058724253928e-01
7.833693024036846378e-03
-3.153915297186657418e-01
-6.792606945239351712e-02
-1.356119005717754122e-01
1.201683910707779662e-01
2.901357086167632993e-01
-1.006675539912568057e-01
-7.646994901614409708e-03
-1.054344503431877966e-01
-6.812247013889836944e-02
-3.741541712545486953e-01
-6.011467415550458826e-01
-2.890523427763734832e-01
-5.541807159654101728e-02
-1.077485616525976214e-01
-1.877014017157941916e-01
1.193766859277658188e-01
-2.146256825316247563e-01
-5.186574021105825327e-01
-6.864028581952217323e-01
-2.093569625881688823e-01
-3.965902144631374138e-01
-1.894951323771156271e-01
-2.876079259898133844e-01
-5.465089772386719780e-01
-1.768824461034908258e-01
-5.005069404766517710e-02
-3.283849813763202730e-01
-4.905674965478616922e-01
-8.651995800126820457e-01
-1.887663856696434050e-01
2.579836294472779290e-01
3.305358809957689159e-01
4.077473991391678543e-01
1.402359424453508696e-01
9.584478420317410485e-02
1.454193500702411490e-01
-2.414579992597449820e-01
1.013446549604857944e-01
-4.335086262620016506e-02
4.828701778122661270e-02
-5.993830207745822619e-02
3.352172904315549144e-03
1.792615101933634283e-03
-1.261477312478864223e-02
1.659271904922720031e-01
1.796970008542869979e-01
1.637311209580329108e-01
1.401582186015099263e-01
1.395277410366699833e-01
8.594647958153535383e-02
-5.668690301717613927e-02
-3.169757770050284362e-01
-3.610225751028335872e-01
-1.804815547110659793e-02
9.821979255307251855e-02
1.442453508860316869e-01
4.209499790334689795e-01
3.974059633739236985e-01
3.487232353612772923e-02
-1.527294110395035209e-01
9.654111537046980440e-02
2.689572686184052430e-01
-2.486756318719411316e-02
-2.017630729458286809e-01
-2.585798161596997713e-01
-7.376469206656134647e-02
-3.908294276070461426e-01
-4.029854855884892895e-01
-1.861506303267586038e-01
2.886930326074962361e-01
1.384269765786752537e-01
2.055236581113409344e-01
4.798442415972389297e-01
1.063093505460296906e-01
-5.924328132857768076e-02
1.231837269479159058e-01
2.924566261980255377e-01
2.220684694082681876e-01
-2.103662317959468370e-02
-8.985068759839068275e-02
1.530392271582251273e-01
7.292146530996305998e-02
2.172470112219294924e-01
1.970550658460868132e-01
3.554679176247941830e-01
-1.570802026659890716e-01
1.903087117915521764e-01
1.128523479154859704e-01
1.970567370181105227e-01
-2.004414142670703503e-01
-5.823727636317649337e-01
-3.101773055729790118e-01
1.193314502797006293e-01
-1.715744990766061573e-01
3.988304651551610736e-02
-7.226338896256565003e-02
-1.882595135105143147e-02
-9.690713830898568804e-02
2.252368108840659827e-02
1.806688102048953359e-01
3.524319103860165114e-01
-1.070821961295130853e-01
7.237733146608758827e-02
-2.275920200878858990e-01
-4.168975279343642981e-01
3.174326205716853505e-02
-4.859720810843948802e-01
-1.227006730661548417e-01
2.373570812765307680e-01
1.040425148475848660e-01
1.211446289126609233e-01
2.204445580999321933e-02
1.425000623040180436e-01
5.064470221105071834e-01
3.532013749461795915e-01
3.176907736939285631e-01
6.019556314186726986e-01
2.687154421113803204e-01
5.860058155794310025e-02
-1.704733125505351332e-01
5.504229284648815695e-02
1.516646290328353963e-01
-3.446800184602821226e-01
1.561524492695713640e-01
-6.266457562418906169e-02
2.815919541242763169e-02
1.037032770405698773e-01
1.323013718012354678e-01
1.130297674205417019e-01
6.798951925056156975e-02
3.417923737235619708e-01
2.793778024028774690e-02
-1.716175673761687892e-01
-3.142136474926410239e-01
-1.130534617880611659e-01
-2.305582956200185885e-01
1.960860539792350921e-01
2.846795008227250290e-01
5.288466417748319826e-01
8.117477610069012695e-01
1.954868332629691452e-01
2.685901832005255785e-01
3.800757195151241441e-01
3.435079848813022418e-01
5.197173753617537750e-01
1.498687039554255918e-01
1.273785101033002021e-01
4.347559056392073518e-01
7.078727361669821805e-02
9.485986854369723997e-02
2.572625452166583115e-01
2.831354461634392194e-01
3.936175469885255795e-01
2.881315299658170348e-01
3.400885738638652622e-01
7.771183153256703280e-01
5.525319778110937552e-01
4.570190773256940786e-01
2.492803237996041588e-01
8.261341487609402678e-01
4.079607458678831677e-01
2.209583733681730333e-01
3.537789333698578842e-01
4.913056287478403394e-01
5.648803802614620340e-01
7.540500216590262372e-01
6.135112963439898204e-01
3.500326224653813045e-01
5.457632059846241335e-01
5.453355343405147382e-01
6.503833079290178842e-01
4.001159476735305920e-01
3.496496180113637386e-01
4.720398126609453571e-01
6.327393190705309367e-01
-4.224666584547397130e-02
5.085163490196856206e-02
1.020648363159702421e-01
2.486221682051721338e-01
-1.160452607012068954e-01
8.219498399540776934e-02
6.243402372655708354e-02
1.061764900525413030e-01
-2.908616308730094802e-01
-1.553645668432511451e-01
2.801461344044711144e-01
4.248487157982536178e-02
3.261784281500382937e-02
1.931915030300420943e-01
7.853018699143357595e-02
2.968884238184371083e-01
2.078877682683583084e-01
2.380831138595550789e-01
-1.561674656163897223e-01
1.607453873672106195e-02
1.592242819111731600e-01
2.762927194064026537e-01
2.906853112843916787e-01
2.051644035873471938e-02
1.497970387147413984e-01
2.632745847182355603e-01
3.875354041726842835e-01
2.414238612617330693e-01
4.617307852168199278e-01
4.447982774883097457e-01
-1.724785282357227667e-01
-7.562451027193692332e-02
1.134463678563091965e-01
1.620848877698188029e-01
7.292957494950530473e-02
2.861338501857096372e-01
-1.952884313391148319e-01
2.122846461823276257e-02
-3.422598023551398638e-02
-9.215791717241490766e-02
-9.572704946135944526e-02
-1.814593092683545184e-01
-7.913843531710611223e-02
6.354947047417390527e-02
2.316121002240267290e-01
-1.495423919796584344e-01
-4.063035764138591133e-01
-2.622101914548901624e-01
-4.400897609351225315e-01
-1.588304720224395505e-01
-3.787038685143554462e-01
-4.892493116081050170e-02
-2.593392555386789811e-01
-4.789419258809905489e-01
-7.149282202552851295e-01
4.408223343893358931e-02
2.270371636593920828e-01
1.127515810049895678e-01
-1.126995521800561312e-01
-8.506649389860036770e-02
-7.857432727780976067e-02
-3.689184014463229300e-01
-4.208213572202751385e-01
-3.079269462951398362e-01
8.503996787144056657e-02
-1.733172171704723194e-02
3.264604556903284993e-01
-8.179049611031358191e-02
2.391651385812571667e-02
-4.833590944673272355e-02
-3.497479107398172027e-01
-5.466800427973532717e-01
-6.399757754069347326e-01
-5.479048104493274840e-01
-5.318315327449056884e-01
-2.334707021195421839e-01
-2.711428260200566820e-01
-8.020134510743036627e-01
-9.372814960148962982e-01
-5.711569981118245209e-01
-4.797297009307731064e-01
-5.558172550705545722e-01
-5.710535812518005017e-01
