# data in one-minute intervals
9.996388956210399135e-01
9.872707330642377377e-01
1.004922000742820787e+00
9.993330848440734604e-01
9.996618192081703214e-01
9.872763141235841866e-01
1.001516458650564267e+00
9.963902103005712885e-01
9.970205846741657663e-01
1.004821808298841823e+00
9.970933600057656498e-01
9.997392158017490704e-01
9.968048336735194637e-01
9.986132291272313832e-01
1.001048407046434274e+00
9.873363921179871827e-01
1.008804923747878002e+00
1.007135610585314645e+00
9.877968628111670757e-01
9.954657141620912864e-01
1.001723896546852233e+00
9.927318659518097332e-01
1.000430049089505058e+00
1.006634708162089442e+00
9.952199960612254648e-01
1.004403943154470902e+00
1.013618145004522964e+00
1.012014354042970465e+00
1.013182546348804447e+00
9.903660509644678367e-01
9.989284216659143345e-01
1.014647689333944225e+00
9.928990942420440335e-01
9.978977504482748895e-01
1.002797255049679315e+00
9.908962297751885417e-01
1.011900217691318993e+00
9.973440133452251555e-01
1.010350978845000247e+00
9.914597318501416900e-01
1.000472626887267902e+00
9.919112541026843255e-01
9.998773721705044304e-01
9.939789473003641795e-01
9.915277310277872402e-01
1.009278672076502792e+00
1.002686636448768098e+00
9.975529421964050014e-01
1.005016620996039167e+00
1.003265337965628001e+00
9.961275516924914530e-01
1.007878441890663002e+00
1.009921311653769749e+00
1.002762164636413766e+00
9.894808012168112565e-01
1.006216601197933436e+00
9.838923532843226738e-01
9.833498373829864247e-01
1.017686505935260888e+00
1.002283936145779375e+00
1.005737570293961936e+00
9.961973750377186576e-01
1.007020513675996654e+00
1.008295530427084419e+00
9.889361127717539723e-01
1.009439649235400305e+00
1.004895968115352867e+00
9.937012135247453859e-01
1.013950880179305569e+00
1.011390321220616118e+00
9.994363408068509536e-01
9.922976493225110772e-01
9.964610816861629861e-01
9.953922336676760407e-01
1.009630267743933718e+00
9.856459118196713165e-01
1.000936866433552064e+00
1.003206263094534867e+00
9.879056516397010101e-01
1.017005038454858346e+00
9.849299346409456923e-01
1.008924117587530533e+00
1.000045466410707018e+00
1.013776244247431180e+00
9.927765924675679976e-01
1.000512607920440944e+00
9.888960287608358213e-01
1.003126262586225836e+00
9.971920221676021656e-01
1.003125991685470675e+00
9.946281542837751566e-01
9.990182378221530435e-01
9.964560043617989304e-01
1.004356567072488104e+00
9.927011584224564311e-01
1.007830783987903267e+00
1.005545688391314973e+00
9.973930605456938769e-01
1.007520140861725588e+00
9.786162417185944040e-01
1.010051223747177929e+00
1.006125741923174166e+00
1.005423940204432709e+00
9.866729493715853394e-01
9.936552504744958769e-01
9.916857255220872247e-01
1.010309801802745655e+00
9.943151240805635505e-01
1.007489223526765842e+00
1.006777035048123770e+00
9.920321241291836234e-01
9.985280415375384910e-01
1.002622617865720489e+00
9.967395662411954183e-01
9.976659804944089105e-01
1.007701688802392637e+00
9.945827930435310327e-01
1.007246184900959518e+00
1.003821469606996475e+00
9.834646548748566808e-01
1.002236331722807128e+00
9.990502282981345017e-01
1.003292353836388262e+00
9.997514711774687646e-01
9.995366349318930421e-01
1.007233780260682110e+00
9.781429805588155446e-01
1.008761181194078649e+00
9.905121340016898035e-01
9.940918221510904873e-01
9.871478699202269613e-01
9.959109657885577560e-01
9.911408900729522520e-01
9.925551895249452583e-01
1.005255518968914297e+00
9.912817396184010477e-01
9.960937513135459387e-01
9.993459299941851448e-01
1.000552300579101495e+00
1.000103676461743252e+00
9.897161717989676477e-01
9.946236190231128038e-01
9.968134052001756951e-01
9.995257912382224941e-01
1.014836777357912778e+00
1.002721546652390661e+00
9.944451530983291487e-01
1.002389527161831273e+00
9.918392932362629644e-01
1.006709696407060539e+00
9.868969352727684496e-01
9.974432935704689029e-01
1.002822153782950698e+00
9.905391840558346317e-01
1.006061740152990325e+00
1.003751428636087795e+00
1.016375157548668362e+00
1.011675313621002159e+00
1.000200925312578981e+00
9.919239006420902394e-01
1.005589463249386917e+00
1.003497545248057898e+00
1.005423717018312901e+00
9.934266880632022234e-01
1.006419123768347079e+00
9.933103432120078402e-01
1.003429354813078822e+00
1.014596663230779905e+00
9.987993807288381154e-01
1.001109792967066037e+00
9.887569225505592474e-01
9.973140170399450444e-01
1.004117651301599023e+00
1.002439235402503570e+00
9.999044589596737254e-01
1.007077941244479247e+00
1.013586056747172393e+00
9.981408358884263921e-01
1.005933170119830189e+00
1.005631259036206426e+00
9.930747477289733061e-01
9.812279841759385945e-01
9.942123963552730315e-01
1.001653267666794411e+00
1.014742608680237135e+00
9.794282895050633320e-01
9.943792862525098197e-01
9.991674183217350569e-01
9.925418440639368622e-01
1.007967519462157346e+00
1.005350292607263052e+00
1.007741723914396870e+00
1.014616677106363385e+00
1.010147831878196456e+00
1.006613028826486955e+00
9.686901527321618577e-01
1.011732209204466271e+00
1.004538561309698208e+00
1.011124206144417670e+00
1.008161355131715231e+00
1.004276789362936739e+00
9.977450304072997822e-01
9.994154109807361630e-01
9.907471436977347556e-01
9.935124904801601042e-01
9.991152750463908605e-01
9.906579883790741503e-01
9.965610094436382349e-01
1.002714880247983720e+00
1.006026628670261491e+00
9.992667830280180796e-01
1.021328802832486060e+00
9.872559692713094304e-01
1.001815518042444397e+00
1.000290020193932206e+00
1.007566070557471827e+00
9.973815764274085449e-01
1.001287199671790695e+00
1.009248772140474371e+00
9.963232942497296518e-01
9.947230180588955140e-01
1.001131154734971940e+00
9.982022788877876751e-01
1.007367168226527721e+00
1.001974899889783499e+00
9.987454813643790175e-01
9.899252140233538722e-01
1.015103912297811384e+00
9.872221639571686636e-01
9.920193684698637160e-01
9.932420016369041260e-01
1.009950697297705702e+00
1.002160231816741076e+00
9.900983844174265913e-01
9.955829432895069164e-01
9.769522971835283842e-01
1.003956909543590070e+00
1.005191415812868527e+00
1.002960296837035026e+00
1.000860327508033887e+00
9.956104051604924843e-01
9.905250942012375770e-01
9.980278565613828201e-01
9.938733510641195590e-01
9.941309839639620449e-01
1.004299283022567879e+00
9.941892014300871550e-01
1.022223347821855644e+00
1.001763296644350376e+00
1.003421734077367899e+00
9.862527239196813289e-01
1.013892377415615886e+00
1.006441615320331717e+00
1.012049594641390327e+00
9.905051973379035424e-01
1.004193969921816310e+00
9.912652017897196632e-01
1.001679427228898023e+00
1.002087538709931058e+00
9.908228902946345507e-01
1.003313135598850492e+00
1.004511873257171839e+00
1.017750864630968088e+00
9.941576187744505244e-01
1.022742821859139672e+00
1.000158439431140911e+00
9.964135730956570347e-01
9.879881348165572286e-01
9.907910267447000985e-01
9.959539685340741411e-01
1.011675797135586530e+00
1.005832596081325692e+00
1.001116101054936758e+00
9.893110905370957608e-01
9.989821112674520664e-01
1.005922308877038152e+00
1.003258135093135550e+00
1.011553564287314355e+00
9.955926289417571518e-01
1.014675945567740101e+00
9.796198783302622060e-01
1.008154820820083675e+00
9.813433406258690317e-01
9.976609543661072443e-01
1.020130113547978334e+00
1.004222720509673650e+00
9.885391129550206157e-01
9.995279731426827130e-01
9.983785994807871100e-01
1.003700031972463824e+00
9.873058969432455534e-01
9.967210332820695129e-01
1.010065109171390141e+00
9.940749026750401729e-01
1.010227312519479170e+00
1.003965572714564436e+00
1.005307359018210889e+00
1.002282421313554828e+00
9.939110502614626474e-01
9.966047450264559071e-01
9.849473015069047932e-01
9.937527184711552053e-01
9.889710741616701828e-01
1.002544714275977800e+00
1.005360012881475473e+00
9.929648367528206565e-01
9.989403654081727701e-01
9.975515832401056215e-01
1.004902635794508337e+00
1.010799145980517011e+00
1.011012557327212846e+00
1.008507803897827015e+00
9.905089719451376506e-01
1.003083479471094996e+00
1.001069035573725285e+00
9.994372201897792074e-01
9.797821901752735707e-01
1.008333066224737173e+00
1.023293314442061952e+00
9.979234420922421522e-01
1.004409734822624189e+00
1.001078109383299886e+00
9.919369277970931931e-01
1.002334788504163576e+00
9.982321977353451059e-01
1.000658559302795902e+00
9.989421888248942727e-01
1.000907841918736496e+00
9.836164550355414038e-01
9.987174022145083319e-01
1.005101402231444174e+00
9.801834544917549241e-01
1.009619751857101733e+00
1.012849927457941668e+00
1.005560272831484303e+00
1.006777249931933182e+00
1.009698311691232808e+00
1.007881038717563627e+00
1.001891493994765181e+00
1.016930632511546584e+00
9.992195909870524861e-01
1.003021350779928378e+00
9.944332457196671804e-01
9.881994575628250121e-01
1.001489026616622979e+00
9.884348677053262922e-01
9.896389297128999063e-01
1.011045779036052750e+00
1.001692661441325072e+00
1.006221248895166509e+00
1.004768606480894944e+00
1.013556418278535487e+00
9.824512653662149653e-01
9.993294371054406433e-01
9.913290062801662916e-01
1.019298390437143986e+00
9.930419788940066939e-01
1.007418884456492858e+00
9.883601070448068127e-01
1.005987152167302501e+00
9.958568394803186674e-01
1.001034577433237871e+00
1.005049198547654621e+00
1.005173113707819033e+00
1.000045658116504699e+00
1.000378425619238287e+00
1.000632784438088452e+00
1.000267837454954734e+00
1.003855964770536069e+00
1.007178579369976790e+00
1.000108925262898962e+00
9.964402673116263820e-01
9.887435115423968135e-01
9.914770393179275221e-01
1.016978601196231402e+00
9.905441671557486671e-01
9.983068318109337147e-01
1.002385348405517629e+00
9.972838126973827544e-01
9.872012867588870755e-01
9.861035174395202940e-01
9.962586931293326842e-01
9.868819894993057229e-01
9.865277417079431066e-01
9.997229533835514381e-01
9.990208364504944427e-01
1.003144612061070751e+00
9.875907496198212954e-01
1.014877148083057179e+00
1.017318953875140597e+00
1.006129660321211761e+00
1.010184903652983746e+00
9.874272072097349806e-01
9.861448332319302512e-01
9.990717790880520033e-01
1.004939626926032226e+00
1.004262119248695573e+00
1.002645299286113456e+00
9.917423211519690307e-01
1.004001716537562539e+00
9.946740544324397248e-01
9.913926576189536766e-01
9.792327347841636165e-01
9.896838835148716873e-01
9.915680516683050838e-01
9.879103019749962966e-01
9.932357978999588610e-01
1.003303754172661044e+00
9.838790967506354512e-01
1.003152621117837429e+00
9.975675361021862919e-01
1.005802031630084636e+00
1.006453368599329323e+00
1.016623529637951551e+00
1.000946741654799244e+00
1.017859503057386483e+00
1.028939911038910138e+00
9.881675415226786052e-01
9.798158037921115282e-01
1.001228734335806614e+00
9.907408210605370691e-01
9.770341940489627452e-01
9.946003024201552911e-01
9.983173078006916112e-01
9.785151112508715388e-01
1.009053820370749310e+00
9.910722736897016327e-01
1.002683978831875766e+00
9.955887753480779923e-01
9.918247063411933517e-01
1.000756912529091602e+00
9.923098095530509255e-01
9.885199653725396107e-01
9.990866799360782480e-01
1.000787502128169137e+00
9.986371742336318524e-01
9.935598906184247570e-01
9.934861235255841860e-01
1.006862627372117514e+00
1.001633111105079355e+00
9.983297629451023392e-01
1.016443336635517447e+00
1.000373841528938490e+00
1.003285111432742349e+00
1.001690901295307246e+00
9.918021825305038952e-01
9.981674285923500811e-01
9.969660149070685984e-01
1.010302932888887284e+00
9.961062339802053689e-01
1.025126907142866139e+00
1.005040892760409310e+00
1.027398010871825029e+00
1.000723920098099962e+00
1.004989796288752846e+00
9.911321729197116737e-01
1.000554503670117334e+00
1.005642995081849289e+00
9.937648041874550531e-01
9.900374872044287455e-01
9.866361360783517664e-01
9.862858535051645115e-01
9.947516058960830243e-01
9.796478131705105286e-01
9.961592985278490131e-01
9.885562606013972298e-01
1.007270492309566112e+00
1.003078968099061941e+00
9.920345305225478638e-01
9.926699783527571652e-01
1.006723029371817235e+00
9.996394188955299853e-01
1.004947554937642318e+00
1.004115074537304197e+00
9.890368659409649599e-01
9.952464504329611161e-01
9.805260466276738418e-01
1.000029403827222829e+00
9.935037411628035997e-01
1.006781436728277024e+00
1.005271647355081122e+00
9.983940979303962404e-01
9.974059251045822583e-01
1.000398324005757011e+00
9.837887573967749599e-01
9.972308642409065671e-01
1.004505597952564999e+00
1.018331540345771336e+00
1.000194520018806710e+00
1.008659108328596510e+00
1.008852582400411535e+00
1.014154515739584594e+00
9.975897764786807453e-01
1.003797798268395658e+00
9.867035494725719946e-01
9.901158748047915736e-01
1.003482291404619531e+00
9.966387413588899680e-01
9.985216766386715292e-01
9.970172474466987289e-01
1.000312227061319614e+00
1.002987189761413322e+00
1.005053764037040276e+00
9.876662970129066466e-01
1.005633620576066978e+00
9.929628819370989179e-01
9.981046672856490609e-01
1.007875910438781331e+00
1.016176393660166877e+00
1.011509630781182834e+00
9.911897459296343804e-01
9.859999340855888361e-01
9.835620508413244201e-01
9.927363555507915382e-01
1.004257804097021145e+00
1.003855718830815258e+00
9.868169556919589303e-01
1.007678295171835048e+00
1.009447246177196389e+00
1.005119525341294562e+00
1.000242190452085955e+00
1.008125093118241278e+00
1.014139123536463627e+00
9.961253325247666490e-01
9.896998580827257586e-01
9.871240158121763475e-01
1.010606378466119004e+00
1.006436893669923727e+00
1.022758954115457364e+00
1.015933896906107803e+00
1.009242370111634646e+00
1.005054859860947891e+00
1.002958878284878175e+00
9.888015443470474786e-01
1.000853737221337081e+00
9.920883893320238123e-01
9.986168035556399758e-01
1.015964157597611273e+00
1.003660173753079476e+00
1.017410819774972053e+00
9.950440441739946129e-01
9.982895550180895805e-01
9.890141574688707804e-01
9.916252875362636665e-01
1.002813698391782138e+00
1.002150524415246879e+00
1.013625063789373781e+00
1.002510755282635779e+00
9.952123986364447283e-01
1.018432691351802477e+00
9.986344755102832815e-01
9.893581222282740173e-01
9.884541834021914886e-01
9.998244196319363564e-01
1.009546187314944943e+00
9.960431530161429903e-01
9.880482436851467654e-01
1.017341738015764996e+00
9.979233656106343275e-01
9.935429718670288901e-01
1.008584242592459601e+00
9.923410980410499738e-01
1.007356630824669530e+00
9.856451308066450645e-01
9.823042226544826949e-01
9.933616537770887378e-01
1.007766727412868324e+00
9.725914907872463822e-01
1.006685918434285343e+00
1.010151765489280873e+00
1.003379188572914194e+00
9.878669028050832690e-01
1.033489794281738705e+00
9.943829709509887094e-01
1.007432991621072915e+00
9.881529093559089372e-01
9.764404610179783228e-01
1.007527402295109065e+00
9.975452009518548380e-01
9.917444820910504832e-01
9.933300819961355943e-01
1.005413811794968471e+00
9.836862574823924676e-01
9.918002511989704173e-01
1.000600772055301402e+00
1.002266882346494414e+00
9.976325846108700102e-01
1.013668756132085402e+00
9.974251310082983268e-01
1.006277016101378097e+00
1.000030943849830267e+00
1.010319181363666274e+00
1.013087500381355088e+00
9.880654081748533324e-01
9.856154962073020442e-01
1.011460946095705138e+00
9.910293370996707818e-01
1.001153371892902433e+00
9.968864843039509926e-01
1.009005524296100020e+00
1.000634545171700918e+00
9.895425040794305627e-01
9.820553297042428076e-01
1.007525480587653011e+00
9.846879325739115174e-01
1.001913861983413145e+00
1.008892064739140837e+00
1.004708161901820551e+00
9.900791931820004388e-01
9.933432248532030329e-01
9.993538419165730602e-01
9.883073804345494651e-01
9.983769576323330286e-01
1.007441734120292809e+00
9.917164557702514704e-01
1.011474183057046394e+00
1.003640298342191706e+00
9.844074779566164279e-01
9.970652536201140004e-01
9.958755524306963647e-01
1.009805238159060314e+00
9.881544004657276670e-01
1.000435345318564817e+00
9.916199289091228719e-01
9.805137440559205109e-01
1.000973975060214682e+00
9.795966838409110311e-01
1.011895080952031734e+00
9.986438506237118595e-01
9.908283614740081013e-01
1.004822649724265604e+00
1.003337344947443865e+00
9.795148399564204134e-01
9.927759205294478528e-01
9.909775323880036790e-01
1.002128720882192514e+00
9.899205449704546744e-01
9.999348366873777039e-01
1.019633515105788479e+00
1.007037202535417730e+00
9.974166537350780404e-01
9.875568083683895493e-01
1.019443522150756953e+00
9.953826303166228850e-01
1.010833265866663000e+00
1.004189885185845954e+00
1.002869701781675671e+00
9.899622597910819888e-01
9.860268609811708718e-01
9.993598990647483138e-01
1.006116443923951831e+00
9.788752312209334505e-01
9.820848612403720868e-01
1.002704341711748715e+00
9.819920210394770255e-01
9.897960619316641395e-01
9.945683332531255472e-01
1.029447805040901942e+00
1.005108945461797187e+00
9.983667667943073587e-01
9.967625721872522826e-01
9.945862190785524914e-01
1.008643482486913046e+00
1.024097731470404726e+00
1.013067246435134461e+00
1.014589386000120941e+00
9.931752111997476096e-01
1.001130421334061049e+00
1.000085719183330113e+00
9.940451312746565460e-01
9.882528647274463340e-01
9.892697042024264364e-01
1.019531898734301611e+00
9.995753035892136484e-01
9.832259319242114826e-01
9.932805853548462016e-01
1.002309603755278555e+00
1.018268548381580318e+00
9.907530826592273465e-01
1.000529001347419289e+00
9.955189301685226644e-01
1.002718470425909114e+00
9.935097651605963032e-01
9.966950330998213259e-01
1.000623217088723926e+00
1.010517520169763817e+00
1.003191811732409899e+00
1.013306377225021038e+00
9.998090637342329501e-01
1.008215955997325608e+00
9.943952591848922440e-01
9.999807277191475885e-01
1.006881042517508096e+00
1.017689649649103245e+00
1.003710474447808032e+00
9.918327324234968989e-01
1.021353556951002162e+00
1.013525260853498144e+00
9.895333220979366518e-01
9.957464634505912571e-01
9.963520090541526653e-01
9.895080638560976860e-01
1.014433671221130151e+00
1.011821096163920908e+00
1.004819779305937910e+00
1.007718246338636270e+00
9.883824168240578079e-01
9.922969887298840330e-01
1.010381118347708940e+00
9.992167013337782677e-01
9.968839010806616052e-01
1.009025772743912253e+00
9.942561245765992872e-01
9.923056376822959601e-01
9.984637165827903171e-01
9.972868885676003936e-01
9.951156278134866140e-01
9.820022728649606680e-01
9.848918597386813190e-01
1.008012393769287751e+00
9.859236708061561716e-01
1.006674104475024256e+00
1.007195135743341963e+00
1.002579441599446008e+00
9.987057473783248485e-01
9.931773977793079133e-01
9.896132737580657368e-01
1.021131388313118116e+00
1.004829774678173582e+00
9.972187858657199921e-01
9.954069093682027525e-01
1.001086793485755244e+00
9.948210449512866482e-01
9.997442340216105006e-01
9.998108223136976669e-01
1.001047165509582948e+00
1.009259953232001239e+00
9.994370647241356265e-01
9.960805172413351727e-01
1.007226568545681156e+00
9.888614711674480473e-01
9.963943730372302188e-01
1.009697036519738633e+00
9.908540152438068960e-01
1.014030128700737166e+00
9.988134021872582258e-01
1.003909260418617277e+00
1.005748988541190325e+00
1.006565755884734736e+00
1.000414630350948020e+00
9.902262010333137132e-01
1.020351069930778287e+00
1.002621944092805251e+00
1.001438300687507166e+00
1.011611423201830728e+00
9.900821910803845327e-01
9.970538795299249690e-01
9.999480304248608009e-01
1.008257124685864259e+00
9.977112029119704628e-01
9.944565803235667634e-01
1.005771201810977677e+00
1.024762588427697851e+00
1.021596774590696199e+00
1.000879984760002062e+00
9.967453313574303753e-01
9.918922277893819084e-01
1.008295491998653981e+00
1.012999821593216998e+00
9.931700770904476894e-01
9.857035621525516156e-01
1.008350810536123188e+00
1.008541818457187267e+00
9.818965331888576120e-01
9.842138388071343114e-01
9.967478603076436183e-01
9.940413495393021215e-01
1.005461340528034819e+00
9.858024495892876438e-01
9.912033167990740301e-01
9.888834852809310627e-01
9.831803171023518750e-01
9.948654405770572806e-01
9.984299056943303219e-01
9.972443734235847401e-01
9.887472718016535600e-01
1.015385284359733520e+00
9.945460667842935809e-01
9.947600142445357507e-01
9.779793684332400705e-01
1.001206449969868961e+00
9.951626081478096575e-01
9.859167397286541235e-01
9.858840437555872471e-01
1.002916633165244820e+00
1.013168906844441608e+00
1.004158447640211227e+00
9.971824603353668381e-01
1.010614658405347477e+00
9.926428999477232562e-01
9.998517124091168551e-01
9.879870607084721978e-01
1.010022944867269956e+00
9.999586521977820164e-01
1.008090325803132403e+00
9.959948939267611046e-01
1.007352592788765211e+00
9.989399921376254099e-01
1.002780745678007124e+00
9.995569372459816027e-01
9.919513036949939577e-01
9.917373158047344539e-01
1.011567797448067019e+00
9.951460500900956019e-01
1.013497025330526879e+00
1.003713003723264441e+00
9.882085835414391450e-01
9.857498176106261889e-01
1.009105043178321504e+00
1.006105966993305012e+00
9.783923465815056453e-01
9.935931264765809345e-01
1.016965066960884068e+00
9.944088384931253355e-01
9.866337052589150280e-01
9.929981795924183174e-01
9.773070698598649297e-01
9.713337532409633823e-01
1.001405763686350925e+00
9.994110338225031809e-01
9.852827621062524299e-01
9.819697211716775787e-01
1.000305653366972525e+00
9.992452376791812751e-01
1.000401107114451849e+00
9.851831752530680886e-01
9.939998068157943623e-01
9.984380115788763499e-01
9.916563652992231859e-01
9.795309735292038189e-01
9.841603323446496132e-01
9.902670629907126543e-01
9.945078025042747294e-01
9.904253141906055324e-01
9.967998508380735423e-01
9.955548768335612531e-01
1.002089231348118670e+00
9.940144203473274542e-01
9.942744885932840448e-01
9.996315239708684075e-01
9.927624023862483549e-01
9.980283988541418516e-01
9.843384388720010092e-01
1.002085246429432752e+00
9.908185810024451312e-01
1.003134746435698776e+00
9.953559185434995848e-01
9.770371996112687807e-01
1.000269192420442765e+00
9.855890831175434519e-01
1.009436285059292171e+00
9.988105174223239624e-01
9.945790926122993758e-01
9.809690112369806592e-01
9.875730747835023138e-01
9.917737935451061970e-01
9.779876396486972823e-01
9.931094069313380901e-01
9.996432969682378378e-01
9.823371887309086947e-01
9.752784248313741688e-01
9.855602797619736899e-01
9.783634851830822488e-01
1.007252666551392339e+00
1.007532475441204722e+00
9.979562020216112828e-01
9.923546482800453816e-01
9.898401411933022143e-01
9.951951102094053203e-01
9.745699279769018952e-01
9.838557369374738570e-01
9.665504315196036256e-01
1.002843662626867083e+00
9.703069971947015926e-01
1.000894605194098785e+00
9.751066829341477060e-01
1.003612343411813823e+00
9.927685544670382667e-01
9.807073760765188108e-01
9.794572417986461277e-01
9.918105531196728109e-01
9.912597740329656126e-01
1.010363634558044010e+00
9.961800512089682424e-01
9.596796407815600949e-01
9.785500578104954217e-01
1.008336761111743751e+00
9.774079120040872759e-01
9.898198566896745376e-01
9.875995626055202870e-01
9.894352043708573019e-01
9.977546950292845995e-01
9.805807798156229715e-01
1.006065388802383387e+00
9.886841547272232633e-01
9.878642242655009120e-01
9.738060416346113746e-01
9.972763093562325709e-01
9.873161997740628193e-01
9.874520881427222285e-01
9.799079450166827687e-01
9.971242686164214497e-01
9.831557444407434954e-01
9.918985760770251403e-01
9.725983724179270151e-01
9.798836545999671799e-01
1.003057446327110469e+00
9.873791624676916401e-01
1.001157588308540403e+00
9.817216056788753420e-01
9.854835522977865025e-01
9.869103225501463239e-01
9.956058480916961662e-01
9.797436685451959004e-01
9.971256037915519066e-01
9.908408280406700852e-01
9.804974789507765465e-01
9.979776913324913679e-01
9.897491964168575462e-01
9.746769764014904247e-01
9.977191754457546136e-01
9.869767546778173140e-01
9.922266287109831051e-01
9.893587540104414879e-01
1.014262908242405503e+00
9.791503548432067827e-01
9.991842988671293391e-01
9.949465741302304655e-01
1.005692615358867448e+00
9.860557069194361146e-01
9.940859204201643040e-01
9.997898607543910243e-01
9.727478449626848489e-01
9.994334878709820735e-01
9.714886946501711806e-01
9.897397508146947853e-01
9.816936927237639443e-01
9.916285417498431620e-01
9.932216474009646356e-01
1.000291674295103572e+00
9.897484622121659470e-01
9.762067552226384448e-01
9.938175127280034493e-01
9.834677757288624589e-01
9.821905735427894912e-01
9.917883001009785149e-01
9.638809418233434956e-01
9.826764202593734066e-01
9.853826624998591743e-01
9.947316628958090545e-01
9.957735516288501731e-01
9.960017244316690110e-01
9.960822593082442333e-01
1.001133919405467143e+00
9.889894400974356126e-01
9.949258968771598211e-01
9.870842146100301528e-01
9.852803219192904916e-01
9.936712548766132302e-01
9.875851156926590546e-01
9.762150095049623166e-01
9.860415512457318954e-01
9.863897623402028136e-01
9.825229661346182031e-01
1.008827284390925838e+00
9.808293182843523805e-01
9.993643691621413305e-01
9.785248395123063991e-01
9.852567028507892566e-01
9.820780678596642277e-01
9.793361925194272732e-01
9.973512362347559668e-01
1.009874115543475170e+00
9.932183561504146496e-01
9.932533994412280354e-01
1.007912981484186288e+00
9.917146172406915428e-01
1.012077021801066179e+00
9.897524203623948580e-01
9.877862091044775639e-01
9.861197247339964500e-01
9.839436251895240515e-01
9.839585962483623494e-01
9.959083196492827250e-01
9.923261159183399682e-01
9.982077200511624282e-01
9.815208716139892653e-01
1.001301328187160777e+00
9.874903418918360432e-01
9.946166386809237592e-01
9.740842079784691743e-01
9.791951606460339574e-01
9.824690101694379951e-01
9.931385947143455128e-01
9.672163389279273549e-01
9.950386028862266974e-01
9.823365729467268270e-01
9.922874652210691426e-01
9.913008285549314014e-01
9.755073827772865469e-01
9.902556989145104849e-01
9.777031398393212225e-01
9.799180724246020491e-01
9.849981526567320733e-01
9.824742488463069634e-01
9.879813708323097465e-01
9.950151566214556764e-01
9.983963196297973575e-01
9.936049983402299723e-01
9.790467987317197363e-01
9.854362610731244310e-01
9.890960904761123551e-01
1.006725892672489797e+00
9.762498812939897075e-01
9.912743293274242085e-01
9.953108636156708933e-01
9.847923712897549420e-01
9.895803147972743741e-01
9.912834659553471095e-01
9.853120429156095872e-01
9.907767243004111934e-01
9.909444110641579817e-01
1.004602446984004693e+00
1.003081212328079008e+00
9.924989973216536976e-01
9.970565120760255251e-01
9.900082334540489803e-01
9.905563215141318656e-01
9.910551264189219056e-01
9.868567652299080617e-01
1.013587164766591942e+00
9.763673926012901294e-01
9.778265099720896414e-01
9.851847028914811899e-01
9.929044970545787274e-01
9.781285537365910221e-01
9.869466509365770746e-01
9.954422287568744920e-01
9.963595537113657530e-01
9.911515722065176170e-01
9.812555684726078642e-01
9.904243001640117283e-01
9.868065711984199684e-01
9.816859540659698125e-01
9.826974771181319346e-01
9.858786219379627180e-01
9.943694050167721787e-01
9.941503010194250312e-01
9.863964786410308605e-01
9.790774894166246467e-01
9.790929894569956327e-01
9.941359903873454584e-01
9.817496037087243277e-01
9.792556292580822941e-01
9.979841217369026518e-01
9.831260918629683987e-01
9.962871242322107745e-01
9.871936024746579275e-01
9.897664199840333632e-01
9.934272025137735884e-01
9.964940123099741420e-01
9.992872646177201057e-01
9.826012500196350530e-01
9.829860071556641987e-01
1.000534064060960127e+00
9.823606055616225241e-01
9.947670435719710991e-01
9.846928666123834217e-01
1.007404911740048314e+00
1.003868101167023186e+00
1.010894278264555135e+00
9.792506215900503852e-01
9.762850490695283989e-01
9.872113730145116728e-01
1.006726035208898695e+00
9.704975382881791957e-01
9.813081071907301389e-01
9.865422906176638529e-01
1.000373753669285160e+00
9.908678890801144723e-01
9.977037203419263367e-01
9.976179483119925751e-01
9.901609367768190451e-01
9.803297057981690266e-01
9.769212290734863302e-01
9.794604512501627891e-01
9.850509633601055581e-01
9.936659067739459505e-01
9.788190103228927574e-01
9.832052096938057595e-01
9.833160192237395680e-01
9.787945640141326731e-01
9.916837818908930124e-01
9.653771407956510675e-01
9.860219841455452050e-01
9.817504783585322414e-01
9.955562977105859579e-01
9.972153545221102977e-01
9.942373662807172385e-01
9.750734494317179202e-01
9.934479843825452239e-01
9.901663867861523194e-01
9.930452701409955285e-01
9.867676658791449951e-01
9.939007021089771854e-01
9.841938002909192962e-01
9.821640629862674610e-01
9.852613410605600697e-01
9.950757250874421311e-01
1.007893437314485219e+00
1.004767877835201606e+00
1.003317915599593046e+00
9.744787471702853754e-01
9.968746487654148725e-01
9.901031429165552122e-01
1.002213622140713634e+00
9.802732643870876172e-01
9.934578715688658912e-01
1.000768194805131905e+00
1.003210732210931155e+00
9.884648160049086529e-01
9.852030324374475567e-01
9.966369888919500708e-01
9.855297508019597030e-01
9.744087689431364385e-01
9.900030472840477547e-01
9.883941713853735545e-01
1.004592884805388220e+00
9.882913156108658059e-01
9.906607146770834982e-01
9.683659159615650713e-01
9.705129758694645004e-01
9.842827952144799220e-01
9.800426204037729905e-01
9.916639000031576279e-01
1.004516328915773915e+00
9.916098944798898973e-01
9.829871675842291046e-01
9.789529884931120751e-01
9.732437242069433836e-01
9.829627307022428262e-01
9.967182200655456681e-01
9.929383892455049265e-01
9.935399230808665827e-01
9.914983101202166083e-01
9.902572473849068357e-01
9.779335677555515138e-01
9.893007973054191995e-01
1.008842640143497338e+00
1.009114129081544853e+00
1.011089365567784171e+00
9.911946405611802291e-01
9.964098251773305659e-01
1.001085801225194194e+00
1.006397797357684976e+00
9.972410406496330371e-01
9.878680538477591089e-01
9.978633173628473907e-01
9.866086458651427415e-01
9.971992529775508540e-01
9.942744048943955582e-01
9.913402398941875138e-01
9.994540553040615061e-01
9.988573067568363717e-01
9.828728828554672559e-01
1.009554029754769156e+00
9.967181657770197711e-01
1.000682250113598792e+00
9.930692552804087914e-01
9.837061286337166477e-01
9.912786457031489418e-01
9.955039108627006250e-01
9.918269600044552492e-01
9.873703572523482297e-01
9.863469403389465429e-01
9.996071840719186197e-01
9.879291814918500503e-01
9.876741075878261444e-01
9.956838572594393089e-01
1.005618846226613572e+00
1.019510379293427693e+00
9.757975552872003577e-01
1.001276664384125548e+00
9.964476602968332930e-01
1.004059850863869618e+00
9.732283691251363278e-01
9.920490678762490244e-01
1.010809788657027974e+00
9.959818981682414529e-01
1.006067890584468882e+00
1.009062702057027527e+00
1.011768702091482952e+00
1.007839002788554650e+00
1.003090767602346833e+00
9.905832227895871034e-01
9.942643101618321433e-01
1.011520785701343517e+00
9.977454213027661112e-01
9.886479530922168690e-01
1.009510601478519565e+00
1.000139091705628314e+00
1.001413805004387481e+00
1.014004309697127626e+00
1.009156320576896082e+00
9.931437238182794225e-01
9.841998905764635097e-01
9.993417125998238504e-01
1.002192209151107516e+00
1.003997352721669012e+00
9.934816530808160406e-01
9.941225213951633277e-01
1.008062013876924956e+00
1.008736872951840446e+00
9.887920968009267231e-01
9.944370238891251379e-01
9.896305588968831168e-01
1.008591457317113305e+00
1.008076313385554368e+00
1.016866174002432732e+00
9.903853814070432415e-01
1.016908904089195209e+00
9.919944324924880874e-01
1.008711339431509257e+00
1.006335590731790797e+00
9.952405091259033387e-01
1.005384039839702703e+00
9.868572832970629038e-01
1.017310695942182486e+00
1.007058357631190226e+00
1.007235137685376758e+00
9.879784028806926077e-01
1.007578097832143582e+00
1.001240291648762604e+00
9.905264887970792742e-01
1.009667863796221532e+00
9.996815340968074892e-01
9.974868227152590139e-01
9.748412929868409682e-01
1.000973095401813673e+00
9.973595539818889133e-01
9.986335791375897664e-01
1.011474941477626510e+00
9.984172669740533079e-01
9.982458910711262678e-01
1.022213666353593453e+00
9.892258998636118683e-01
9.924182840011934736e-01
9.951014603033347949e-01
9.867337900729742373e-01
9.872340842057802934e-01
1.005637817015857083e+00
9.991373746349776486e-01
1.013625387534277777e+00
9.959392259302447536e-01
9.989028997549154187e-01
9.849306634728887122e-01
1.002094948878699432e+00
1.017601850540257979e+00
1.001044165382124040e+00
9.942840772296150931e-01
1.004607319191941128e+00
1.001030273326905418e+00
9.848605036875457408e-01
1.011566273414626904e+00
9.991708648361563583e-01
9.871876766936006353e-01
1.011107623599064587e+00
1.007459477373999768e+00
1.018173143629529376e+00
9.989246552867961926e-01
9.959567821063857185e-01
1.003732736529734826e+00
1.005839645389748238e+00
1.005544329672751980e+00
9.997315672750886062e-01
9.903911500150203162e-01
9.883515048085490529e-01
9.914933445968672210e-01
1.003877062620378791e+00
1.011729396558163518e+00
1.012514138183540302e+00
1.004475932830452001e+00
1.002677197582736213e+00
9.907795772042298221e-01
9.884426882015194815e-01
1.004446938710341186e+00
9.862809106250507440e-01
9.970189329410047430e-01
1.005836466798126327e+00
9.982860999311276018e-01
1.011765556333262372e+00
9.930413046862694992e-01
1.004905853483077482e+00
1.006261586603328873e+00
1.004373505154271928e+00
1.003587212839020415e+00
9.985338871771166636e-01
9.909453605516955754e-01
1.007310081417385872e+00
1.000408703125930110e+00
1.004032685787784152e+00
1.006497295863589159e+00
9.940930572072150806e-01
1.018357633946920471e+00
9.720604789942455248e-01
1.012190276344828721e+00
9.920880831391937216e-01
9.916324986144646747e-01
1.013405343099122558e+00
1.015446224775035544e+00
1.005539178123290744e+00
9.915493916687663223e-01
1.008697082397583378e+00
1.009228801846022261e+00
1.012965027149325792e+00
1.010850556450558546e+00
9.992119174463994780e-01
1.008004163244324181e+00
9.986440546033313881e-01
1.008542487541658428e+00
9.986092808347289962e-01
9.886936513273589799e-01
1.011183425174599249e+00
1.015121554075024690e+00
1.009852634608131572e+00
1.013298196720365363e+00
1.009766322785552006e+00
9.696597667552822042e-01
9.993568150682675677e-01
1.003515186126539005e+00
9.796792860294987193e-01
1.010048118482648416e+00
1.003719872748801256e+00
9.995112281786494579e-01
9.991298926289924331e-01
1.013319992048112850e+00
9.950326648061136314e-01
9.992912878173225710e-01
1.000026536203388883e+00
1.000454363242555100e+00
9.937739541273904464e-01
9.985657050240260846e-01
1.008703007540014962e+00
1.026723202148488889e+00
1.013672433775618886e+00
9.962960935640836624e-01
9.920909855492445750e-01
1.006828896601679180e+00
1.004078461490773844e+00
9.940325060567152260e-01
9.922659408812019022e-01
1.010280893777666389e+00
9.909920525542434966e-01
9.924612708430881058e-01
1.012975176796752530e+00
1.010666450227313051e+00
9.955154965443338000e-01
9.872446287964279366e-01
1.017585568392971762e+00
1.017168928821212903e+00
1.006734467567125924e+00
9.962093749910228002e-01
9.968398060272977146e-01
9.993321425043180106e-01
1.002473543597222738e+00
9.853646635929870223e-01
1.008630086073499132e+00
9.807029474990093254e-01
1.009182170016691193e+00
9.879431211518303613e-01
9.984403294848672727e-01
9.917373344550686198e-01
1.005774709211371354e+00
1.007641751503064231e+00
1.002977501116488313e+00
9.862231663898421985e-01
9.927984704809141858e-01
1.004497390386839939e+00
9.918724838817598588e-01
9.891558291837638794e-01
9.911561259215583286e-01
1.001328277156255275e+00
9.935261904330067173e-01
1.007004849802651814e+00
1.004527142183052835e+00
9.854796102220158005e-01
9.983018519352456766e-01
9.827749165020732702e-01
1.015803608815136094e+00
1.001248288801431796e+00
9.962302563900952146e-01
1.001366119604887528e+00
1.000324670844902286e+00
1.000721179475735578e+00
9.822477454703583133e-01
1.013529446185746474e+00
9.982069736083751810e-01
1.010609185770289908e+00
9.938605088637451068e-01
9.958477454739703694e-01
9.972645402554591865e-01
9.995077984151190531e-01
1.012108316983132861e+00
1.001595236856474225e+00
9.941072263898498296e-01
9.906739438340641524e-01
1.006035586205060506e+00
9.858261919543761520e-01
9.960779119781225655e-01
9.906693534481543217e-01
1.001783507754613334e+00
9.930485718219999036e-01
1.000241770041517819e+00
1.005284466153949507e+00
9.979158735880413467e-01
1.000722888436077040e+00
9.905359511211574430e-01
9.919063539002701546e-01
9.839338626937875754e-01
1.010120800433551569e+00
1.006578732251830699e+00
1.015612402945742732e+00
1.000171217243159605e+00
1.010146392815543193e+00
1.002966415165805092e+00
9.949017518653672232e-01
1.006597681614452400e+00
1.006083518438522173e+00
1.014857251002811545e+00
1.009050702536885114e+00
1.019827917916452664e+00
1.012457295515207134e+00
9.864744334102095724e-01
1.005072812893932577e+00
1.015987207326251696e+00
9.959381773963889017e-01
9.926741729695800487e-01
1.014678873044455143e+00
1.009745256333857366e+00
1.002580351299635852e+00
9.810183705936472709e-01
1.001322439378696139e+00
9.965568544799540129e-01
1.006302569022694771e+00
1.000566102907430643e+00
1.009533550095262466e+00
1.002865328509103593e+00
9.813495475585356509e-01
1.000405748219882041e+00
1.022823468872745334e+00
1.009142965013634985e+00
9.904975654857283152e-01
9.988536701961256981e-01
1.003092159586021159e+00
9.983946895879106664e-01
9.985838896064911374e-01
1.006329012715919902e+00
1.002889968605666260e+00
1.006449564168724331e+00
1.008237282354517372e+00
1.012320277617096087e+00
9.897781925563297056e-01
9.816514818484123328e-01
9.913620175681741031e-01
9.756228797120538587e-01
9.890052111532341428e-01
9.897233750526648333e-01
1.001446743171272580e+00
9.849359408694386975e-01
9.945659614930489889e-01
1.001899008771278243e+00
9.870678676011768182e-01
9.971140891872554146e-01
1.027095313810820310e+00
1.015597751590354703e+00
9.930593223566627215e-01
1.010640686958110157e+00
1.000426912041156635e+00
1.009700704642850111e+00
9.810696452601401774e-01
9.905320499262527667e-01
9.941573699549404175e-01
1.017097424805337047e+00
9.903192521059435149e-01
9.966211561473604652e-01
9.914809675256404109e-01
1.006720522576799448e+00
9.720777999701850636e-01
1.004508421066038437e+00
1.006503164942913919e+00
9.984783559213883386e-01
9.996451142412819957e-01
1.016415781379554906e+00
1.002966175589158127e+00
1.002449763219128265e+00
9.959464263885989821e-01
1.003368376596375455e+00
9.836800899987515612e-01
1.020472438080184840e+00
9.990869821447670995e-01
1.012619370944844999e+00
1.007058245727310952e+00
9.940022290337573452e-01
1.010550229496794516e+00
1.002311755649290204e+00
9.994205632576539378e-01
9.906321333889280822e-01
9.945986757640452591e-01
1.014347923788187389e+00
9.954620700157755797e-01
9.995714586336913454e-01
1.009015351837317720e+00
9.954604401216091691e-01
1.013351907958950360e+00
9.976892431854732513e-01
1.003670826498891833e+00
9.895293404272866855e-01
1.008274921336926866e+00
1.001820176338496848e+00
9.958601297180902368e-01
1.009378101240820502e+00
9.931640552415140766e-01
1.024000305404026534e+00
1.006442903613651518e+00
9.823095535888433094e-01
1.009348765287066518e+00
9.930147251633939520e-01
1.010847981637531312e+00
9.941074794685431648e-01
9.901698180713531805e-01
9.884189922550650209e-01
9.980184678011592148e-01
1.014222156307676759e+00
1.008091122251407956e+00
1.002376994656408948e+00
1.007118011254706236e+00
1.002958134431119586e+00
1.007949001190484584e+00
1.017160774077848329e+00
9.983725398554524899e-01
1.002985865324571346e+00
1.007569611409510291e+00
9.994616402200265926e-01
1.005789482438778526e+00
1.017488673776808072e+00
1.012559207142939677e+00
1.005456713361927656e+00
1.004332946036966323e+00
9.912844942194877218e-01
9.929952566542805670e-01
9.992033985573877120e-01
9.979592519088772429e-01
9.973902915464153418e-01
1.010805284717505748e+00
1.012747390262381364e+00
1.007892703090545350e+00
9.723975631879052672e-01
1.004352571127431482e+00
9.922018751185307517e-01
9.888020697528875358e-01
1.007428510952809164e+00
1.010925613069429074e+00
9.924893534462396749e-01
1.009273766369976011e+00
1.001147675076334176e+00
1.005595203049626463e+00
9.901045659718390457e-01
1.007887391044257397e+00
9.834519035290364419e-01
9.940749155750281396e-01
9.838368636651647625e-01
9.951137045124317515e-01
1.021766187474926868e+00
1.009749113020646183e+00
9.961757047503949636e-01
1.004865715144033667e+00
9.898091688259601506e-01
1.018266706083137407e+00
1.000959355509991822e+00
1.005109555415844680e+00
9.869510711025999417e-01
1.006278486798842353e+00
1.013949754896073641e+00
9.925761245251059073e-01
9.930223546220304787e-01
9.894852981627751953e-01
1.015836249938582236e+00
1.011016839070211892e+00
9.962416436885447313e-01
9.965633340648148986e-01
1.012823853377118777e+00
1.016751691000964630e+00
1.013753111925349115e+00
1.007672230756563536e+00
1.010962777224094111e+00
1.011227364749926583e+00
9.859358204252106628e-01
9.864208482780238985e-01
1.003350129248305134e+00
9.973738520380243111e-01
1.004659802341673513e+00
1.007667560378617155e+00
9.882254322934480584e-01
9.976346530675479496e-01
1.000628422245533500e+00
1.005181050538083598e+00
9.882786995588449530e-01
9.928288412654230344e-01
9.916622180740000125e-01
1.000045441684259684e+00
1.019967393280273527e+00
1.006261251741167095e+00
1.002491818555796055e+00
1.007178476464567263e+00
1.004170375325855291e+00
1.003721483937416004e+00
9.867117842054937693e-01
1.010799513276079864e+00
9.949390107682688500e-01
1.011671355440375342e+00
9.911424327416225033e-01
9.880488976554852032e-01
1.008026531260544090e+00
9.860745407932304252e-01
9.865124409491926594e-01
1.017414582380162358e+00
9.930576541855592465e-01
9.980018719929377724e-01
9.993015846197934593e-01
9.946623098932364515e-01
9.879376834291465626e-01
1.016281817785074315e+00
9.989995316879245468e-01
1.012205584728883778e+00
9.837022455506405638e-01
9.995597577537861378e-01
1.002542099500983941e+00
9.971637137739457479e-01
9.862290402348463658e-01
9.903019484745050338e-01
1.006540597095562317e+00
1.003220076609532052e+00
1.006072846115724229e+00
9.974630946350215854e-01
9.927187833843116316e-01
9.945461852305181871e-01
1.000772592818911289e+00
1.017532303075340705e+00
9.979781584225445590e-01
1.001764444097236639e+00
9.851899801970582793e-01
1.006156903492800847e+00
9.849265963926510103e-01
1.006837045598184321e+00
9.930171832024022871e-01
9.960768001458143450e-01
1.014307659846272580e+00
9.919475571679069459e-01
1.016791558497561754e+00
9.941768347054674715e-01
9.920931555726008044e-01
9.946683481460067977e-01
1.003059284109124594e+00
9.991585828700304539e-01
9.941253633738800222e-01
9.965808108416041033e-01
1.003563269358817456e+00
9.972553853995251849e-01
1.002707083373825858e+00
1.003001120258437240e+00
9.834859028490062771e-01
1.004435281211572217e+00
1.005947605443731740e+00
9.949250233027634449e-01
9.975877955641929695e-01
9.960413694106207139e-01
9.978192755047997631e-01
9.971542655211771411e-01
1.011623366569553317e+00
1.006214855405851871e+00
1.021002520626229870e+00
1.010815215745454632e+00
1.008949099774684388e+00
9.997905389864515380e-01
1.001986686260450288e+00
9.962360802324119469e-01
1.006781241483576173e+00
1.007323015629841167e+00
9.871032077378784075e-01
1.002267952505530690e+00
1.002606670746317263e+00
1.014188242885009084e+00
9.841160674926537899e-01
9.953068113246306137e-01
9.924396837355532464e-01
1.008280142318172867e+00
9.853909027912594043e-01
1.001769713454750521e+00
1.001600109644023018e+00
1.007512587078710942e+00
1.013991911032907645e+00
9.893765765008902813e-01
9.991562118735800579e-01
9.861587834068775704e-01
1.023726536786424779e+00
9.970036741654810797e-01
1.008687652955104097e+00
1.007346367655895136e+00
1.010957380787167237e+00
9.920577328756989832e-01
1.006334483665524138e+00
9.873960168708201257e-01
1.005442954352026019e+00
9.858801454377340567e-01
1.019198613821554522e+00
1.007358934004605633e+00
1.001811935091245997e+00
9.982518501153829771e-01
1.000834074285948283e+00
1.004823657414766647e+00
9.959523776118677230e-01
9.975978742107729502e-01
1.006596637754250567e+00
9.916137693590805213e-01
1.006287590944299426e+00
1.001755409532087304e+00
9.862063424901318376e-01
1.009199227729971726e+00
1.002910360940669765e+00
9.979208148882129370e-01
9.942709470219804890e-01
9.874376457134524943e-01
9.962071922713363614e-01
1.002945412703970973e+00
9.918265593668278424e-01
9.949051293357190628e-01
9.881149108991932328e-01
1.004375303341983994e+00
9.936491895508490213e-01
9.901847027508257071e-01
9.827501957819971823e-01
1.007371957973734578e+00
9.810349906178026380e-01
9.983090442194491043e-01
1.010109150478293527e+00
9.916548574164026908e-01
9.821676408308664952e-01
1.000727942718502739e+00
9.954703439620650185e-01
9.923884936434060888e-01
1.021912670926196975e+00
1.002525751991585112e+00
1.003085270351496083e+00
1.008108830862961991e+00
9.966850136420405404e-01
9.869412113049356172e-01
1.011378306823235373e+00
1.024385945787145813e+00
1.001723208607671056e+00
1.002740344693649810e+00
1.000081792796662317e+00
9.850302957451261276e-01
1.006423449629558542e+00
1.007446980789418856e+00
9.965203636988347879e-01
9.858986681816757081e-01
1.009074213138970944e+00
9.898969695786052903e-01
1.002723102615727502e+00
1.006624728976367456e+00
1.001934386416730494e+00
9.935878992213655891e-01
9.988957648413295809e-01
9.756014578779154123e-01
1.000158044417876591e+00
9.976254290902397681e-01
1.002188953050893838e+00
9.927806684928578429e-01
1.004491102470106645e+00
9.970771375741694920e-01
1.004182817909814007e+00
9.834554926398143548e-01
1.018590431731450918e+00
1.008660908488896446e+00
9.945943882674730396e-01
1.005318545219243243e+00
1.012389533552785270e+00
9.947040736757187807e-01
9.905045255340289012e-01
9.989449360455432414e-01
