# data in one-minute intervals
1.016984577244791188e+00
9.911917809049588524e-01
9.890406733240431070e-01
9.965028006455148857e-01
1.006277701588476958e+00
9.783776984799623655e-01
1.018115289037643256e+00
9.924158920962191655e-01
9.892831650170152979e-01
9.974239370927796555e-01
1.009577896883849357e+00
1.008788793220556146e+00
1.004114868186297915e+00
9.885166862824390499e-01
9.855322607986808370e-01
1.012687450114437171e+00
1.009579995601020297e+00
1.005107670729071367e+00
9.782646994199782897e-01
9.947916468768557285e-01
1.001365476527390053e+00
9.700228405359913042e-01
1.007551731825692354e+00
9.916419184867695247e-01
9.893383060820696295e-01
9.946939679457358352e-01
9.979154135193637476e-01
9.885744781232144174e-01
9.906020004166697923e-01
9.929147912861355785e-01
9.946873803423651461e-01
1.010286656586470544e+00
1.010658301663393432e+00
1.009695650652412846e+00
9.883242010066061178e-01
1.014148745396538320e+00
9.898273696470354377e-01
1.008819384788424811e+00
9.910714052477050950e-01
9.975329709966058722e-01
1.021664246032521817e+00
9.923050836133219255e-01
9.945080270038726411e-01
1.012742299849869854e+00
9.926936603745472043e-01
9.845933429520394853e-01
9.801247385139159052e-01
1.001111665572632425e+00
1.000037516634681323e+00
1.016229656244389767e+00
1.014066829668599956e+00
9.911994518876124927e-01
1.009227792726563155e+00
1.011179136065088358e+00
1.000756955064375120e+00
1.003563264566814883e+00
1.003028770957755667e+00
1.010689221909399915e+00
1.000468173170117270e+00
9.766019665126849381e-01
9.935871853348877680e-01
9.874116504197124611e-01
9.999527860172393590e-01
9.916660109573098847e-01
9.861625428064690890e-01
9.924961497756779050e-01
9.867596137918701604e-01
1.010647871786705121e+00
9.998140944222994042e-01
9.972476529559277658e-01
9.926295265878745111e-01
1.002637342949984189e+00
9.977377800566721300e-01
9.957244710762906958e-01
1.012054673204304311e+00
9.929436699163521896e-01
1.010915627809473083e+00
9.958116966752906807e-01
9.927534570935522273e-01
1.006144883355952091e+00
9.980444454736153714e-01
9.689397614001896697e-01
9.958571108827237728e-01
1.003188950476068930e+00
1.001310086349736173e+00
9.866085003825770805e-01
9.932361785610879235e-01
1.007265784396479624e+00
1.006301940782754256e+00
1.000097029872372367e+00
1.010136834750904322e+00
1.002286652880262974e+00
1.005465504108956187e+00
1.010208107444390935e+00
1.002387062663468775e+00
9.940916823609987629e-01
1.003837440141274628e+00
9.983288472454181495e-01
9.912943972527855641e-01
1.001118880846055825e+00
1.015245467239240362e+00
9.820811188711144890e-01
9.852219489585271051e-01
9.952988553692253548e-01
1.002663770817350031e+00
9.818988849049348211e-01
1.008786041105157016e+00
9.784047030482933005e-01
1.010174999471279200e+00
1.003076197382138046e+00
9.954305666414997589e-01
1.004016325161945833e+00
9.935100184112579669e-01
1.001086709354710225e+00
9.794965187392925543e-01
1.011689852079871166e+00
9.860009193745955525e-01
9.985547551468909599e-01
9.873649703218034812e-01
9.866179048503918025e-01
9.927922143159715329e-01
9.969216919548387068e-01
1.006822999131780305e+00
9.977562049461369265e-01
9.994542556842944681e-01
1.005844057884651033e+00
9.947937754124478449e-01
1.020400213739077744e+00
1.021326786774221285e+00
1.001194109854000258e+00
9.940755454034279071e-01
9.880506460461130347e-01
1.009920876432797154e+00
9.933553049863746987e-01
1.016043525105462253e+00
1.013158174673964407e+00
9.978694455917126449e-01
1.004949169809785881e+00
9.792047508045657045e-01
9.813183080622309706e-01
9.940342392726765341e-01
9.782922784830037077e-01
1.001276163013868237e+00
1.002538630027272504e+00
9.890915722065828364e-01
1.009948005931607495e+00
9.723181374207130467e-01
1.005283820237047543e+00
1.008247630886442536e+00
1.001013026393039240e+00
9.947830810325812845e-01
9.899886490287341800e-01
9.873398581969310417e-01
1.012420054958163229e+00
9.913253269152983993e-01
9.958695532017266538e-01
9.950427111506845446e-01
1.002328846055135614e+00
1.008245759466122937e+00
9.975988679622369570e-01
1.012588726405352801e+00
9.944427883226125697e-01
9.953725579280185976e-01
1.020347247453748940e+00
1.013938931028939949e+00
9.968719628284894441e-01
1.017193965199183703e+00
1.005821435863752278e+00
9.998620581559214404e-01
9.957157395190521232e-01
9.939347036437718996e-01
9.936295629370882621e-01
1.000086052277781690e+00
1.003941659708074363e+00
9.973694749627280975e-01
1.006110722314789374e+00
1.008171751668334393e+00
9.991300889037282307e-01
1.006017524947673714e+00
9.965699973175889959e-01
1.005948046146673880e+00
9.875123459689837402e-01
1.014081463522197746e+00
9.928580008391404421e-01
1.021007852916434810e+00
1.022475074062876299e+00
9.951269596259499917e-01
1.007307016050839055e+00
9.991763910407227556e-01
9.956388938002539435e-01
1.003893721106412729e+00
1.003433730669364365e+00
9.937421993138607634e-01
9.985927969749730515e-01
9.888475102685658769e-01
9.970611349287186176e-01
1.001531687450049279e+00
9.913132338934056431e-01
1.001829010616750226e+00
9.882081541039383632e-01
9.966774309257272479e-01
9.983548084081040885e-01
1.009525428539051140e+00
9.866436452082898434e-01
1.007745160242114135e+00
1.002131815387219627e+00
9.955594443747091127e-01
1.000804580523097176e+00
9.976249273106332360e-01
9.812467622683769264e-01
9.902571857455247928e-01
1.005803901214271434e+00
1.005303731037116455e+00
9.873351849732725505e-01
9.946251523950386808e-01
1.008804070107683026e+00
9.986912518132780026e-01
9.873136354965079686e-01
9.961440024948752248e-01
1.005579402543516521e+00
9.949250651035423942e-01
1.007202568065513226e+00
1.005493632390146219e+00
9.969358497655317342e-01
1.025670162782016837e+00
1.008506907703701438e+00
9.976841098930741003e-01
1.002255127883333596e+00
9.808690682195440047e-01
1.008187846229045004e+00
9.854558248103444384e-01
1.001165046038648976e+00
9.940401655958552851e-01
1.008477521578487801e+00
1.007908483719267778e+00
1.014772029579403378e+00
1.008022410833374405e+00
1.018168398163282307e+00
1.013078042517097765e+00
1.010004761549277985e+00
9.980676653430606837e-01
9.985606652365250913e-01
1.010126335014312371e+00
1.002814274558224916e+00
9.973199212269556746e-01
9.898273439565166143e-01
1.006561909583896242e+00
9.917344906492729928e-01
9.961923739314936244e-01
9.956822016608001258e-01
1.000190959029831239e+00
9.963804628441876865e-01
1.001451117166926030e+00
9.958455933253257397e-01
1.002961626025457909e+00
1.004654511595531874e+00
9.930328027855042095e-01
1.002231330560139577e+00
9.874638173804385355e-01
9.787109716951337690e-01
9.956334420718996325e-01
1.012952024522047356e+00
9.942619181793687089e-01
1.001714891836286814e+00
9.809556074425845873e-01
9.862700358916728360e-01
9.982620867593180458e-01
1.007445392013726737e+00
1.000635407818845524e+00
9.875429811080814746e-01
1.002739069110186509e+00
1.012609764138978852e+00
9.997225930906227243e-01
1.006850714107205613e+00
9.914986856888382549e-01
1.009644853113966567e+00
1.001813778441102532e+00
9.966296334336166574e-01
1.000195723405732595e+00
9.913411911452247871e-01
9.986907688230860503e-01
9.975430640177496144e-01
9.990837608898680555e-01
9.990148449244942164e-01
1.012074144111282825e+00
1.004490822368450331e+00
9.959297801646268544e-01
9.870992885975418130e-01
1.016895555898627679e+00
9.987534955169439232e-01
9.947201435253590907e-01
9.946673277463580209e-01
9.936681098065418549e-01
9.834922163588247779e-01
1.011709649191593119e+00
1.005585305287676645e+00
1.000897552490836784e+00
9.949588858427671489e-01
1.024533345786386329e+00
1.003048870141008519e+00
1.005750527340909084e+00
9.939465970986165466e-01
1.015626322583911945e+00
9.918055037180718569e-01
9.963858068635160770e-01
9.863278292730613961e-01
9.990112178384433772e-01
1.001574663762034412e+00
1.018956723911602635e+00
9.897296440392927552e-01
9.990690252007559113e-01
9.869107405419881296e-01
1.007267204952211337e+00
9.922973906506084019e-01
1.022696536844232895e+00
1.006753514796628668e+00
9.954815628839139841e-01
1.004378154801305767e+00
1.000514971493311034e+00
1.000865397825529302e+00
9.912873463989002598e-01
9.933806660498591956e-01
1.010504608113551139e+00
9.869106399475447988e-01
1.005512111368826123e+00
9.931645286149580754e-01
1.019060073924098697e+00
1.003225685332479022e+00
1.005579391011876211e+00
9.971878531750330010e-01
9.830168431666999052e-01
1.018011855148350797e+00
9.938703056905633382e-01
1.003113349604309645e+00
1.023929781718300402e+00
9.992525999432719797e-01
1.008033748947423147e+00
9.858530032764648565e-01
1.017991489563586649e+00
9.995681297425520473e-01
1.017171734991881848e+00
1.009980546824871261e+00
9.993957500023471496e-01
9.856525263657045510e-01
1.010020290628587780e+00
9.937449201383806718e-01
1.010534979584265747e+00
1.010259385258648335e+00
1.008853162751032206e+00
1.007774165182385273e+00
9.779841155311356227e-01
9.933322894521650070e-01
1.004826056393268940e+00
1.018516817083343406e+00
1.025362049843349554e+00
1.009919310325105624e+00
9.977422843867589375e-01
1.000512819557055622e+00
1.003171360117358857e+00
9.909910761369443710e-01
1.017550305219869333e+00
1.000754883148968988e+00
1.006120654065773001e+00
9.980490930074418232e-01
9.993920182079740755e-01
1.006728363959771499e+00
1.009708608935972141e+00
9.958131504691103419e-01
9.921435163555564207e-01
9.960739841541826900e-01
9.912905728641971947e-01
1.011411642855179371e+00
1.003449042093499388e+00
9.970571057708070839e-01
9.911050997980700439e-01
1.015619839641082045e+00
9.921413105685716882e-01
9.979668251320705785e-01
9.893283538019739254e-01
9.922966896687582805e-01
1.016376163575923863e+00
1.009284760244115065e+00
9.893870790258512127e-01
9.928783880597755740e-01
1.008481212310187392e+00
9.855724829891077121e-01
9.870493610316376509e-01
9.949205711114276207e-01
1.009503635545098588e+00
1.011382561033907113e+00
9.919256466904305958e-01
9.934472013356223652e-01
9.971525531339169302e-01
1.004395931950147425e+00
9.995182396847083206e-01
9.898101915325354661e-01
9.773316598152106405e-01
1.002275859546424286e+00
9.970384020007524439e-01
1.016427488562728243e+00
1.020972359404293650e+00
1.010848905765046712e+00
9.879867081739317491e-01
1.000219794942204476e+00
1.008884757042788127e+00
9.990517354758442492e-01
9.889849590452736150e-01
9.997775201234159193e-01
9.966185903695143899e-01
1.005637955287115526e+00
9.979375075123207983e-01
9.975611955447601931e-01
1.007075860010973489e+00
1.001720481095461190e+00
9.980828063411532058e-01
9.937424346740448833e-01
1.007018617382367198e+00
1.007729629185720066e+00
1.011108570228184789e+00
1.007470439831774200e+00
9.910797310971853902e-01
1.012139356609401686e+00
9.893904630804998268e-01
1.014941946397476924e+00
1.005684398463509099e+00
1.003684624929123359e+00
1.020516668943731942e+00
9.956428399911192439e-01
9.816148991416147052e-01
1.001198507614931010e+00
1.008308031466424337e+00
9.997261234642736971e-01
1.004392292009716581e+00
9.832257492691054424e-01
9.728344111278284245e-01
1.006101057901776397e+00
1.016167090761832537e+00
1.013269045122376699e+00
1.008292544049413708e+00
9.968054632351164290e-01
9.904894568270518063e-01
1.011404655253274276e+00
1.007273216360165868e+00
1.000839718226486097e+00
9.969047922316001120e-01
9.967860741380011325e-01
1.019890854661161139e+00
1.002405508963943426e+00
9.988987913113887007e-01
9.995146964673041756e-01
9.998598991628581123e-01
1.006544978757803799e+00
9.881828127093726932e-01
1.004536665484139224e+00
1.006507450710767859e+00
9.971900594035353338e-01
9.935193296286323195e-01
1.005889331109265150e+00
1.007801653213000304e+00
9.855405792385039110e-01
9.880476874248729224e-01
1.015818991027916063e+00
1.011663333274834597e+00
9.838459535351291585e-01
1.003559829150597160e+00
1.005884111149640825e+00
9.900903346821789963e-01
9.909023600409416765e-01
9.995864232523486992e-01
9.941847705680838532e-01
9.983855021531462537e-01
1.010836583617588769e+00
1.002389851982946167e+00
1.003373442235364177e+00
9.965606516586293928e-01
9.944352149914995609e-01
1.018820663603527077e+00
1.005090607638561062e+00
9.894851814648183419e-01
9.932822076099965258e-01
1.002399687417986351e+00
1.002292376844460708e+00
1.000687620251768939e+00
9.834941002357577844e-01
9.924543430619100493e-01
9.832587491989183137e-01
1.007716827056191811e+00
9.984552936350704622e-01
9.970225097170881678e-01
1.011935992834668063e+00
9.842025001408529761e-01
1.010160407746454103e+00
1.018251227332648501e+00
1.006794604441578755e+00
9.988829403957277808e-01
1.018853779774668178e+00
9.966352922586747543e-01
1.021514465275204619e+00
9.867774364997180525e-01
1.009022234107574967e+00
9.999418093043465072e-01
9.965886413801297028e-01
1.008701430498422313e+00
1.008619071071959139e+00
1.004975151973748426e+00
1.013072712137673914e+00
1.003638905235331391e+00
9.889621829225153649e-01
1.006565847539169667e+00
9.824616305710239805e-01
9.986350805536620134e-01
9.978007413911776924e-01
9.890149068402441790e-01
9.917672220857746135e-01
9.742194703830232561e-01
9.917409044387470729e-01
1.007960869039608021e+00
1.007714685067488736e+00
1.019218554526741816e+00
1.003984453120020381e+00
9.985403837932036453e-01
9.974758306980894274e-01
1.002507531310343536e+00
1.021960199680230552e+00
9.975890949921057960e-01
9.972829074426454721e-01
9.830754042486786748e-01
9.644724136404795312e-01
9.845284705019557991e-01
1.017029602341713357e+00
9.981177985005763587e-01
9.757730005674057905e-01
1.015464491567579230e+00
9.960973646246396029e-01
9.909094696276763425e-01
1.003394013585918065e+00
9.934892160601805911e-01
1.004574459894713057e+00
1.004551591400752120e+00
9.846993256950719031e-01
9.899642148468775771e-01
1.000135181784063132e+00
9.914522321346378453e-01
9.980307509106527419e-01
9.979464771726951344e-01
1.016921964935989742e+00
1.005468855078964774e+00
9.940007192957485138e-01
1.007506310195116939e+00
9.898988327501020423e-01
1.004774663941139901e+00
9.856472266694276119e-01
9.876794892927138747e-01
9.913801387412056743e-01
9.953898271941091780e-01
9.985010889773564546e-01
1.007222031186140621e+00
9.715954080298633277e-01
1.004983303954503082e+00
9.877801064231160888e-01
9.999608739739926921e-01
9.912970580244337970e-01
1.009368088071077363e+00
9.731786131635737913e-01
9.928467595693610814e-01
9.941210264138995445e-01
9.952799342808037464e-01
9.877104510856293818e-01
9.874300559034675517e-01
9.752793442556085823e-01
9.981979917074281783e-01
9.791975135263715213e-01
9.828341061428983449e-01
1.002018071137089184e+00
9.855918288850720188e-01
9.793724203469397205e-01
9.952040905083625599e-01
9.789068741277792141e-01
1.000402674415623139e+00
9.971943768757756121e-01
9.956558051710442392e-01
9.861317143894527959e-01
9.873420454077216357e-01
1.002129323534988181e+00
1.005978611574108283e+00
9.997446714990001482e-01
9.936375634575677074e-01
9.823299549176901513e-01
9.833918286739959935e-01
9.757512548379125850e-01
1.004096951060537757e+00
9.895996516016346556e-01
9.832606095910858546e-01
9.993125275576264510e-01
9.997470863164191757e-01
1.007690081861880804e+00
9.972413198082262786e-01
1.005146265624325963e+00
9.727505731322148019e-01
9.942021123208637512e-01
9.996745306771542827e-01
9.851096771943778085e-01
9.873633855801848824e-01
9.790676878636752622e-01
9.947323298807785319e-01
9.860008565883061626e-01
9.825798040283975077e-01
9.965491813092837159e-01
9.985662411060607369e-01
9.867292449442870428e-01
9.909657709355077504e-01
9.820317951609871532e-01
9.815114595029723610e-01
9.966148657597869720e-01
1.003125679613784182e+00
9.947567427453711808e-01
9.869495201057330025e-01
9.985628765942379248e-01
9.779947188344559894e-01
9.910654579919453422e-01
1.000013325018558552e+00
1.007131808919339733e+00
9.891753149882914764e-01
1.008002222997654407e+00
9.964753646343604832e-01
1.010887103784203989e+00
9.975750930092532887e-01
1.000755429576551503e+00
1.002793471694228167e+00
9.845527168006014129e-01
9.964749214052556203e-01
9.831410884925788629e-01
9.915749021354579584e-01
9.689233970453408062e-01
9.840783075226794407e-01
9.943243130886350034e-01
9.621485702412722052e-01
1.000508868288160214e+00
9.943476529766502869e-01
9.798077163744481899e-01
9.901914728146685718e-01
9.638598359461160170e-01
1.007449930989966935e+00
9.885238053473189845e-01
9.910652698312941711e-01
9.971298216829352912e-01
9.837638972184927777e-01
9.890376938673121066e-01
9.849368295639301385e-01
9.841479381230808787e-01
1.001126385699629751e+00
9.799411576521163125e-01
9.893621022216414485e-01
9.747493199999234248e-01
9.606572506640316256e-01
9.975728771154098729e-01
9.903926402045449828e-01
9.912827720328187819e-01
9.638123298963726659e-01
9.816623600004161787e-01
9.976118467804422352e-01
9.875014676022008109e-01
9.850340953027059143e-01
9.825181449821788204e-01
1.000428077520050918e+00
9.815627152023769231e-01
9.930497305963472687e-01
9.858493178994208739e-01
9.845707068174114340e-01
9.898704666403496111e-01
9.940723665035412493e-01
9.906561030247532651e-01
9.845900988721841829e-01
1.003818491050713302e+00
9.938875180405214449e-01
9.701447954236084303e-01
9.835493829898409590e-01
9.728086381227167845e-01
9.746954282005336756e-01
9.942617239669044871e-01
9.738045123496674726e-01
9.951625475731851189e-01
9.891728765563816417e-01
1.000287460784552218e+00
9.743644453159168162e-01
9.828528017352272661e-01
9.937346305264236346e-01
9.868078771703941987e-01
9.844090695723195505e-01
9.807327924308124611e-01
9.850323467239671116e-01
1.004643519702369758e+00
1.007354148298886365e+00
9.767747557551033077e-01
9.669916977022585680e-01
9.874084266422306078e-01
9.891258014532933185e-01
9.835309706033579236e-01
1.000285570577854832e+00
9.766942099540359967e-01
1.001914215187724277e+00
9.752228393970011622e-01
1.000606078158201573e+00
9.922364748874946683e-01
9.986063081121636653e-01
9.922714428136467646e-01
9.914468596781746967e-01
9.961177228713977705e-01
1.001310759252872273e+00
1.005790399948416125e+00
9.895862298251246747e-01
9.973693166705072111e-01
9.837721072873190087e-01
9.687128587119505641e-01
1.005557290497857803e+00
9.875141257000634720e-01
9.855275274385357775e-01
9.854826763813250290e-01
9.964504481961149462e-01
9.857749800805898355e-01
9.930538589703917784e-01
9.788671337297113473e-01
9.935789097070660825e-01
9.937790359885855240e-01
9.784879659656199324e-01
9.824028146543120066e-01
9.836989022933894100e-01
9.841369313307307687e-01
9.882699584175659302e-01
9.913044227708988076e-01
9.761026609790871555e-01
9.954098495474126285e-01
1.000613080958053347e+00
9.884127859685661877e-01
1.003004029240463391e+00
9.990497750201312588e-01
9.949361432531538263e-01
9.702787852070272612e-01
9.858847064521192305e-01
9.923059189606362462e-01
9.860529127038822894e-01
9.805905345745065116e-01
9.895600831330773062e-01
9.878051295838619072e-01
9.912789863797237810e-01
9.936548829573149666e-01
9.922267201189488572e-01
9.995955964062350763e-01
9.815175236239229717e-01
9.806291602245448269e-01
9.801348986439323285e-01
9.836434331317968072e-01
9.866268934547541836e-01
9.804719546888738257e-01
9.991984792842670826e-01
9.765745902462087402e-01
9.832594520701298801e-01
9.858521752849360720e-01
9.669378286674579215e-01
9.885446568400877432e-01
9.854121793670089779e-01
9.937159609511563296e-01
9.776534497571539584e-01
1.000383444103884134e+00
9.945424260407198513e-01
9.839369783671076952e-01
9.934925493119863837e-01
9.985625574489133127e-01
9.970735612398818892e-01
9.873633843340292593e-01
9.781189145532419582e-01
9.814982355762660315e-01
9.757211534073783055e-01
9.819788291993779561e-01
1.002766744332255433e+00
9.785528493499411340e-01
1.002856270796265381e+00
9.857036431111139141e-01
9.752790596402091117e-01
9.994445364207716898e-01
1.004721204508901788e+00
9.885798310329575456e-01
9.945544203038848563e-01
9.878118670958901948e-01
9.723545943530400582e-01
1.007393896009008527e+00
9.941232628357522527e-01
9.932803194251090817e-01
9.749637603702935307e-01
9.836899990760442636e-01
9.982601650927214187e-01
9.910521749515570633e-01
9.884070312338444353e-01
9.879578616322146623e-01
9.965783796945705264e-01
9.921433417624299089e-01
9.677669545156469821e-01
1.006203466900131627e+00
9.968743463581025699e-01
9.779103418306546169e-01
9.875508265329832058e-01
9.824397355688860856e-01
9.993018525672943131e-01
9.977985785243373984e-01
9.876997720888177623e-01
9.840055934718821007e-01
9.910131999434013128e-01
9.939404147441843751e-01
1.000461817639723083e+00
9.983061543306278596e-01
9.778031513535316854e-01
9.809978826540601826e-01
9.779304618275915795e-01
1.010826286940216479e+00
9.847197887878882394e-01
9.874321588261673055e-01
9.668436893993926917e-01
9.809120204238671592e-01
9.909124718354708206e-01
9.933085126613997451e-01
9.874498048688137297e-01
9.957008674626458555e-01
9.925180368943452569e-01
9.947850342479040986e-01
9.850846374649606663e-01
9.881596473147653548e-01
9.973322756375498921e-01
9.883988778018476529e-01
9.927664627928241003e-01
1.000576168101694474e+00
1.000580867725534784e+00
9.877809369436330034e-01
9.961772876357278816e-01
9.784677255689654407e-01
9.954152460587781803e-01
9.857943383667181481e-01
9.861486067716755954e-01
9.837131990232146350e-01
9.759828818627772629e-01
9.803903871617031252e-01
9.959823628165666021e-01
1.005163857429309138e+00
1.009225028187914708e+00
9.943819791584307399e-01
9.999976658609710523e-01
9.647887847440430598e-01
9.884305492285165862e-01
9.919365858964249716e-01
9.671372596097670415e-01
1.004012548563881335e+00
9.981738180159197560e-01
9.774064166767653106e-01
9.923602053836005910e-01
9.869120321064684953e-01
9.993585867343937057e-01
1.006075441146422111e+00
9.857718791655641910e-01
9.799748311608085238e-01
1.011458994342662399e+00
9.937481235617863229e-01
9.963770787984154165e-01
9.859851203890865889e-01
9.795870723585473616e-01
9.902942375405906494e-01
9.903115141299161373e-01
1.004351341084845028e+00
9.912165348649831786e-01
9.747588044889716752e-01
9.688348037874128238e-01
9.835783836572252747e-01
9.863140400891542425e-01
1.005897694945967924e+00
9.914277144799686914e-01
9.977654688209415257e-01
9.839385683272681149e-01
9.871492933773785561e-01
1.001169430080815825e+00
9.908318285261161762e-01
9.908719392725977571e-01
1.001519245256318635e+00
9.833252894383872622e-01
1.012107238485228988e+00
9.690619152563448857e-01
9.819563344604897992e-01
9.846804817321215264e-01
1.000333913844931422e+00
9.883561631752517673e-01
9.890913417227592541e-01
1.004824097292415175e+00
9.968117057833796313e-01
9.850558599262650983e-01
9.841720947048259172e-01
9.952024192464463681e-01
9.960028888877541231e-01
1.001676166349059871e+00
9.948904462424280615e-01
9.975517329077281392e-01
9.936106239575737131e-01
1.010770830302590628e+00
9.848910656301891331e-01
1.010985461283162357e+00
1.008156288871367101e+00
1.008316719838578068e+00
1.008838559917936806e+00
1.002698376299488991e+00
1.023748747711523466e+00
1.007583488154121909e+00
9.989239707415797920e-01
1.018304441247264380e+00
1.001966033300419001e+00
1.008965590604293361e+00
1.010836949456413780e+00
9.906790632360037430e-01
9.902292318137657645e-01
1.015729997684838404e+00
1.014219996165331539e+00
1.001575920399404795e+00
9.952010894700656918e-01
9.978541260508883015e-01
9.908623713507720421e-01
1.000491704154973460e+00
9.890740599705253322e-01
9.962107905119732543e-01
1.007666442584500999e+00
9.884939569594889397e-01
9.942724079789285740e-01
9.940982975157586221e-01
1.000382264436106228e+00
9.889822543563825397e-01
1.000949116723288901e+00
1.006431762857299184e+00
1.000077621018297780e+00
1.017983318075698307e+00
9.901757529009805880e-01
1.005640246616845257e+00
9.988794432787376776e-01
9.995673546706379531e-01
1.011325853284772647e+00
1.017188704281558387e+00
9.808665347959169001e-01
1.016377167183423635e+00
1.016848915293975253e+00
9.944498284996129422e-01
1.027867060077159334e+00
9.957271960625284635e-01
1.005990359708490933e+00
9.968972841013452602e-01
9.926404162336415204e-01
1.020960558586749167e+00
9.929043414113881694e-01
9.929853220205528963e-01
1.007894128573315840e+00
1.006607325582940193e+00
1.002579768089400636e+00
9.958434510440012932e-01
1.015569802379903130e+00
1.001115279872322850e+00
9.984302514202787471e-01
1.009820212653048443e+00
9.960427601399599595e-01
1.001543208187264389e+00
1.005760376275281587e+00
9.923197830137071573e-01
9.931519569768398892e-01
1.005939176054916562e+00
1.012017127127642802e+00
1.005894892606898905e+00
1.012958970300359640e+00
9.969394332507446332e-01
9.897219404716051105e-01
9.970296267881185726e-01
1.016479790901969160e+00
9.833725449269264951e-01
9.949015776427981850e-01
9.940949253628078575e-01
1.002299079095138934e+00
1.004427799298689195e+00
1.002649277383397486e+00
9.907802148785255225e-01
9.827659779274877661e-01
1.010272626030823240e+00
1.005353882217218331e+00
9.972024997907604771e-01
1.001828941660926287e+00
9.905145066664058362e-01
1.007196367801452386e+00
1.011440440085567660e+00
9.917007033544199546e-01
9.943050832335216249e-01
9.969660965307395317e-01
1.009760476875866786e+00
9.921714017785653317e-01
9.915103507641672698e-01
9.969460321805360126e-01
9.838106335667613500e-01
9.838745946020004407e-01
1.019072024526254783e+00
1.017679029864133389e+00
9.810950757567251657e-01
9.965135612524114173e-01
9.917818553818075200e-01
1.009656699564965843e+00
9.716487751657653105e-01
9.969306764807521759e-01
1.002929744992427485e+00
9.968048169369717604e-01
9.909601276890898092e-01
9.851004928227902191e-01
1.001465298295668216e+00
9.975608154268764682e-01
1.018527016595298429e+00
9.874166777131818673e-01
1.016171933074988321e+00
9.896579275870078796e-01
1.013130663179995006e+00
9.910661075153653909e-01
9.937209567029297030e-01
9.851799338219840996e-01
9.999772846022370043e-01
9.860012962484139276e-01
9.904581995679582196e-01
1.004656142357995163e+00
1.001942565250031114e+00
1.006720097034231154e+00
1.006572326271409912e+00
1.004926610809625531e+00
1.002067762556459574e+00
1.004526693661925929e+00
1.003904670910625407e+00
9.995265053281532364e-01
9.963817199204515473e-01
9.895597186664141232e-01
1.001444533693544692e+00
9.977852230967780844e-01
1.004464715211617287e+00
1.019536490357103586e+00
1.005675502632254359e+00
1.001588291577800716e+00
9.956938305428935099e-01
9.861243493105458224e-01
9.948431377875869286e-01
1.012361982866795351e+00
1.004010980143142273e+00
1.002542157585971205e+00
9.910331917237975574e-01
1.007873736946069076e+00
1.017681905828592193e+00
1.004757741413490280e+00
1.008128052187723389e+00
9.928679829301804149e-01
1.008701445387510498e+00
9.902609877603759658e-01
1.008433474556915455e+00
9.997794936317516701e-01
9.902491240165651742e-01
1.009960655170272226e+00
9.866106006260791927e-01
9.903075498608854277e-01
1.009042448231692868e+00
1.000413769508894157e+00
9.979820616148449286e-01
1.008485523566252873e+00
9.993049801921929376e-01
1.002676147124009765e+00
1.007740332269250638e+00
9.917509095491739979e-01
9.876158843957500988e-01
1.010227022604273994e+00
9.995602616793545225e-01
1.009755508622734776e+00
9.983463652603984384e-01
1.001328575178979330e+00
9.978990252804854633e-01
1.018171162580157052e+00
1.011486779044532325e+00
1.009042818795885310e+00
9.974929589030302468e-01
1.007986789163732189e+00
9.831866583640856971e-01
1.004960763336658847e+00
9.989441714215903101e-01
9.888051395435493163e-01
1.018285504529541141e+00
1.005165212665309893e+00
1.004530483433648591e+00
1.002492109164125456e+00
9.868541893791755726e-01
9.944521407849966632e-01
1.009415004881782929e+00
1.005206292225453879e+00
1.003616475288031662e+00
9.994927811973676191e-01
1.006063916101498368e+00
1.012847543989519705e+00
9.983820246856091041e-01
1.005276113152132389e+00
1.002503948959282631e+00
9.831254765656417538e-01
9.983657999990802612e-01
9.766634822732118693e-01
9.878613485012076589e-01
1.000358081933236276e+00
9.988719737284287303e-01
9.937199176352279339e-01
1.003928136505431334e+00
9.943392730980392669e-01
9.966319452733292117e-01
9.956561021767037500e-01
1.008886008175108984e+00
1.010382020684356563e+00
9.946589369281784165e-01
9.851537698337778926e-01
9.827548621248991534e-01
9.910405613368424849e-01
1.015131523960233650e+00
1.015061206633986801e+00
9.904877349460849967e-01
1.003488314503167889e+00
1.010249059096299584e+00
1.000800718825012536e+00
1.019844218485568721e+00
9.861685081971887090e-01
1.006114444426089216e+00
9.938738928502125480e-01
9.894538997865816032e-01
9.977391449709325233e-01
9.950497288007749130e-01
9.952393394841587693e-01
1.017565281424593682e+00
9.913747393989499335e-01
9.944488791938818073e-01
1.000655413906602176e+00
9.964502040427123397e-01
9.989371675956226770e-01
9.956702952616497404e-01
9.881508954081938967e-01
1.019914616583331712e+00
9.998295991312848852e-01
9.974425154063778498e-01
9.899294555090577541e-01
9.814623478136377255e-01
1.005404753334451229e+00
9.997927948513207763e-01
9.995992063937688688e-01
1.000015868271806774e+00
9.855974427214660993e-01
9.869588111004915509e-01
9.869879493719531105e-01
1.008230130836026861e+00
9.873791546338966940e-01
9.934218826015559500e-01
1.004874601465516548e+00
1.020090687201514079e+00
1.011988636899759486e+00
9.918522452913454135e-01
1.006144073759947410e+00
1.000239515218365849e+00
9.944694729885996676e-01
1.007701949781776518e+00
9.970708702052464290e-01
9.949757882147777233e-01
1.014584032285439141e+00
9.980712976387741131e-01
1.001203778998078997e+00
9.995115789735435907e-01
9.733677219341454467e-01
1.003557118514265323e+00
9.998557893603590152e-01
1.005393843231890072e+00
9.972354146902777661e-01
9.949600608918932609e-01
1.005303803862630296e+00
9.980531843010961301e-01
9.927661394447869769e-01
1.013120827706059490e+00
1.004564414921186977e+00
9.996722438082193962e-01
9.998978958528225158e-01
1.008098934032193306e+00
9.899644372936655667e-01
9.998971365363422681e-01
9.854837201596958751e-01
1.002756383400199347e+00
9.914172804109262493e-01
1.011995862342131458e+00
1.002677250482919558e+00
1.012324207655359576e+00
1.012000717483412027e+00
1.003359881591332714e+00
1.011365394054309030e+00
9.995097853226452278e-01
9.974641384737736871e-01
1.002438882305366707e+00
1.000269436342252183e+00
1.019007601041908462e+00
1.013079783316352955e+00
1.008643027857801577e+00
1.011907890028431956e+00
1.017620533143428041e+00
9.936638086653031277e-01
1.000807438453247933e+00
1.014388229561377530e+00
9.989574253673219051e-01
9.848690897863570104e-01
1.000120079276465068e+00
9.939128960352606734e-01
1.008831862492452158e+00
1.008342663411534446e+00
1.007732182438938029e+00
9.976810829101216971e-01
1.010134434629931466e+00
1.004555268764423026e+00
1.001846753429099790e+00
1.030233732537318536e+00
1.000646028940999521e+00
9.905302643779342331e-01
9.960533281076364709e-01
9.982763300126747952e-01
1.009584828937772238e+00
9.979494545707328079e-01
1.008969736135298056e+00
1.011434345853559069e+00
1.012054565028801312e+00
1.000039944833010175e+00
1.003033822251186313e+00
9.928307893202735768e-01
1.013923809428308509e+00
9.895648333604608604e-01
1.017332721917892924e+00
1.009709909360758218e+00
1.010108851903104732e+00
1.007285076966902171e+00
1.004696245225946694e+00
1.004970163197397959e+00
1.005908030918394536e+00
1.019761060844012190e+00
9.896183431465708225e-01
9.984625781473094319e-01
9.952200902483739897e-01
9.808839926875750903e-01
1.002330901979676892e+00
9.978879281433109538e-01
1.000179565695239470e+00
9.834567507857789881e-01
9.947366046878499679e-01
9.884863053533680111e-01
1.000899958596221717e+00
9.879013591377403536e-01
9.859334461319689824e-01
9.962521834325521741e-01
1.002288976490199879e+00
1.002336580373149655e+00
9.957806648358523693e-01
9.933490500840317372e-01
9.942782145843147568e-01
1.005399680032818654e+00
1.000318451391093433e+00
1.006871997713993494e+00
1.009580070823081099e+00
1.003093521265705945e+00
1.007647173509607308e+00
1.004223830494374692e+00
1.012175129902109783e+00
1.003226435546234141e+00
9.952630500690892168e-01
9.987460953396871677e-01
1.006160781013590633e+00
9.938980136363578799e-01
1.002232269839282708e+00
1.008778771707244504e+00
1.006520600089531037e+00
9.993759170604700204e-01
9.942343352549836144e-01
9.968137038180509002e-01
9.956499203890323280e-01
1.010726122423830198e+00
9.937208522004833400e-01
1.007002521123803840e+00
9.972266899945332330e-01
9.972029820613760309e-01
1.009013897006925342e+00
9.920266026067754428e-01
1.013279023871575646e+00
1.000228870332216191e+00
1.016720195012967620e+00
1.001162566747137328e+00
1.014405062726326356e+00
9.975920206161023041e-01
9.752877752993841520e-01
1.002140022789700602e+00
1.009892212113801202e+00
9.869635134114781438e-01
1.004994196187114719e+00
9.915695420579533348e-01
1.000949196076754033e+00
1.006376429749938239e+00
9.925786490934095374e-01
9.956473815353491519e-01
1.002847926450407989e+00
9.941965930056408940e-01
9.993541908883067926e-01
1.005609638751459700e+00
1.004087333258267156e+00
9.874451716822152392e-01
1.002780469617666981e+00
9.976310521520288521e-01
9.931753182749740727e-01
1.005181258615155393e+00
9.928567211818402072e-01
9.951103716027032142e-01
9.993609378821537437e-01
1.008434292383437070e+00
9.981606829965377070e-01
1.006657389625597920e+00
1.005065905940345061e+00
9.962206032314214754e-01
1.006025347349296162e+00
1.004606040982679804e+00
9.975614225560091031e-01
1.005758180113922151e+00
1.005329687841466590e+00
1.005776211450515101e+00
9.964449085511579707e-01
1.001954141006554222e+00
9.953224879006149495e-01
9.888372304051749051e-01
9.973126374261627181e-01
9.895808574685303061e-01
9.981684191947969298e-01
9.984204335737006941e-01
9.955432171793171525e-01
1.006802598732623899e+00
1.001442128669925768e+00
1.001884239297482049e+00
9.970158148789101116e-01
9.855909012492595211e-01
9.961438902322315991e-01
9.918849249971289916e-01
1.007789419000475917e+00
9.927944555753556166e-01
9.973119859652102015e-01
1.002417354850640541e+00
9.892273298538892812e-01
1.007342914525827693e+00
1.004597606769422002e+00
1.006976940262404918e+00
9.950026152444888528e-01
9.928702573071136461e-01
1.005165087011461456e+00
9.979265449766704377e-01
1.011569460365903561e+00
1.016168188605723000e+00
1.011699786316484717e+00
1.007867445754515368e+00
1.000900064454228522e+00
1.010652977726393953e+00
1.018347625256846412e+00
9.926195728367680493e-01
1.006047192344627472e+00
9.926761030856445789e-01
9.825943877704739204e-01
1.001156582260421590e+00
9.926852899644744710e-01
9.963549683921774092e-01
9.957889983212938612e-01
1.005480229318945762e+00
9.930363825554189283e-01
9.993817073356192626e-01
9.945660757727780021e-01
1.003513204433689854e+00
9.987630185583169506e-01
1.012150285260222660e+00
9.941591416603714482e-01
9.844667169425326270e-01
9.997902364077071447e-01
9.876135878774329191e-01
9.983750777804273335e-01
9.984917779592105136e-01
1.001499725852668110e+00
1.003525183516072117e+00
9.946231146378281540e-01
1.018017897335621313e+00
9.990765734379648544e-01
9.899928820111765226e-01
1.004704512144997564e+00
9.837459931891984199e-01
1.023442244331399742e+00
9.960697224210174339e-01
1.023203729238926885e+00
1.003865499853887400e+00
9.981099672338508144e-01
9.998907501160426703e-01
9.980693930342678932e-01
1.000366925504337479e+00
9.959273558227836887e-01
1.002776483342081804e+00
1.004418039129320261e+00
9.770707446292612453e-01
1.002212255942003916e+00
9.969641336624547323e-01
1.000546798005259364e+00
9.889251327554107185e-01
1.002636773542239013e+00
9.902748882245111517e-01
9.875614953051530254e-01
9.813795074211364433e-01
9.919522416012298560e-01
1.007763103850434439e+00
9.946913612329861820e-01
1.007043636943744991e+00
9.937732063049316000e-01
1.007042654162846329e+00
1.000247569821959281e+00
1.003443903117115843e+00
9.932732120394566211e-01
1.000676275068483667e+00
9.910108033022598795e-01
1.000323431989682543e+00
1.008678417467194555e+00
9.982495477372844705e-01
1.005457373646719388e+00
9.927226819178196493e-01
1.013233716425899100e+00
1.007290335346530563e+00
9.989182625319060760e-01
1.002973231155238176e+00
9.912566110231983973e-01
1.014603970670435062e+00
9.953294630716579272e-01
1.006524240494894862e+00
1.004262879730984048e+00
9.949061205305724798e-01
9.997295007935741440e-01
1.010100121229028813e+00
1.001344423157624064e+00
9.945963827006208957e-01
9.956356793369162128e-01
9.952930094477853151e-01
9.730571642002989741e-01
1.009064574325934771e+00
1.008150661155392758e+00
9.990416629086661393e-01
1.001812780314929263e+00
1.003227818596117427e+00
1.018246502217192706e+00
1.005992914189083542e+00
1.003173968511817060e+00
9.928205558754755744e-01
9.976057606870026850e-01
9.978973903057833938e-01
1.001429971749611347e+00
9.995084114218680815e-01
1.006960641542116397e+00
9.916828319406699732e-01
1.002099516772738230e+00
1.007119381692807236e+00
9.925147854859792673e-01
9.988710740616077999e-01
1.000992040102731906e+00
9.939669502660272160e-01
9.935710121259865302e-01
1.019096588742407272e+00
9.963645628062060000e-01
9.920968944680201851e-01
1.008837219750263081e+00
9.831685541632542158e-01
9.986543562937399976e-01
1.003382108972831865e+00
1.004595452208882023e+00
1.001689973920826926e+00
9.945532701644214102e-01
9.905188875586774522e-01
1.008273172509773330e+00
9.971559726418859348e-01
1.003076851845196904e+00
1.005899797002588247e+00
9.908992464102701625e-01
9.908233308986557075e-01
9.981711323104015543e-01
1.022297942127238013e+00
1.020501224845484556e+00
9.916100922828636755e-01
9.928979051493440622e-01
1.008554087707400848e+00
1.029058941569604091e+00
9.994595719336529793e-01
9.966681676894681985e-01
9.878288687408004476e-01
1.002681487891696088e+00
9.922783583104463068e-01
1.005302222736175199e+00
1.016047707407050860e+00
9.757445699740989742e-01
1.015462497602643843e+00
9.996239630076079186e-01
9.975473212045247173e-01
1.004450392744115295e+00
9.961075517241105848e-01
9.907803923513001099e-01
1.003584852488970336e+00
9.990329371775031886e-01
9.954416569830234485e-01
9.990867283837554513e-01
1.015858087492325312e+00
1.005992625454957601e+00
9.930734293805126844e-01
1.014208893733898442e+00
1.006786673494053375e+00
9.913688416392995029e-01
1.009190349276823717e+00
1.012089268243470119e+00
1.013295757474755643e+00
9.949746627562493506e-01
1.007720091356969716e+00
9.849573779303995025e-01
9.890443902747925176e-01
9.935986566959520427e-01
1.000180180371460947e+00
1.014325571452166619e+00
1.008919735893204273e+00
9.818549288976488043e-01
9.978719045441712954e-01
9.933123377526839048e-01
9.951056993402160877e-01
9.851562481019691120e-01
1.009343901181406045e+00
9.991129822992036447e-01
1.002025976336324842e+00
1.008306278382716581e+00
9.994859613872618676e-01
1.002992760421642204e+00
1.017227052969170042e+00
1.004533819359098690e+00
9.937052360810872953e-01
1.015560748835948601e+00
1.003563876120153298e+00
1.009779263196865617e+00
9.930223567012191888e-01
1.002173266527766504e+00
9.950619456646689898e-01
9.883278804512498628e-01
1.001740174974019792e+00
1.011818358542470486e+00
1.009069334474143931e+00
1.012152697598480922e+00
1.014979874596442677e+00
1.011109915574649687e+00
1.001574929031238792e+00
1.010511399131586607e+00
1.009698906781065553e+00
9.879393902481755640e-01
9.930280222179810323e-01
1.011311669924069623e+00
9.938211788001597435e-01
1.000335909853443894e+00
1.010113773952924676e+00
1.029163031321604249e+00
9.976613436155533643e-01
1.005070881568381980e+00
9.980072591968237594e-01
1.001830213990233531e+00
9.905137749810013492e-01
9.823738850244915222e-01
9.984774245250124247e-01
1.016232426286115320e+00
1.015582729270023021e+00
1.016997527421256819e+00
9.658274089108358496e-01
1.009983752698809578e+00
9.861226550062957008e-01
1.007103942129063956e+00
9.973271754306650694e-01
1.009163069560677917e+00
9.955462567724968626e-01
1.006465027957541780e+00
9.930725621348632792e-01
9.916868296234058189e-01
9.786160821195484250e-01
1.022172139281489089e+00
1.006628577745739328e+00
9.981385206805296617e-01
9.912216122344609248e-01
9.956700719509674613e-01
9.962941363357519231e-01
1.007348194828127319e+00
9.947143297771129378e-01
1.021316242270182917e+00
1.008428558328208213e+00
1.008047653284737333e+00
9.929391922809774895e-01
9.967174060628478660e-01
9.870401986500957348e-01
9.935486480050391700e-01
9.955667489697601624e-01
1.007138904766741616e+00
9.934054528185560784e-01
1.006346475578590471e+00
1.002679624516562562e+00
1.011012676825501666e+00
1.003890701082693404e+00
1.003827415169799453e+00
1.010403479050983044e+00
9.977867312050154869e-01
9.922800160141332926e-01
1.011313760293182318e+00
1.009739896687960492e+00
9.974029297904647429e-01
1.009383437461634170e+00
1.008811861697249901e+00
1.002987897876401746e+00
1.001688107303451813e+00
9.923238698471560371e-01
9.934691766222509823e-01
9.901120840983046456e-01
1.011759152212845070e+00
1.000012335109000672e+00
1.011282579593999698e+00
1.005663290256114006e+00
1.015466414975738640e+00
1.015884593869932129e+00
1.011216151844871458e+00
1.010467778659727811e+00
1.004214843751946251e+00
1.007776322467449415e+00
1.006955780053306659e+00
1.000482445367012918e+00
9.765698209619706471e-01
9.922151707527923081e-01
1.001713377385311521e+00
9.959704797318270630e-01
9.826667621313875944e-01
1.017945653520833105e+00
1.033709584866654208e+00
9.998607512030104338e-01
9.990321408358026067e-01
1.003223990682760247e+00
9.983452924246590809e-01
9.977493196526259212e-01
1.006035340662126965e+00
9.977130496598842768e-01
1.008732738862849310e+00
1.002238536870345031e+00
9.888797735545568068e-01
1.016164511193710318e+00
9.822077906967382477e-01
9.868026842370958285e-01
9.964168286958131615e-01
9.986886667940865214e-01
9.900908016334070139e-01
9.955862620578512789e-01
1.007664472315647819e+00
1.014879529403692526e+00
9.974511609813764279e-01
9.856606924568269701e-01
9.886859483798698944e-01
9.854696581834279101e-01
1.015806174334007883e+00
1.016597599266287455e+00
1.008828139248742595e+00
1.000888897340675765e+00
1.006726512007781515e+00
9.950930325887332728e-01
1.004407354705433075e+00
9.907005579388045158e-01
1.016827268380904759e+00
9.965711994110056926e-01
1.000052570005714125e+00
1.006366132520019496e+00
1.013563458266742545e+00
1.004707384442335760e+00
9.960413058798124331e-01
9.910011868749265540e-01
9.926704264991339510e-01
1.001557563601815692e+00
1.004826793729286738e+00
1.001564390374977132e+00
1.014781210610818496e+00
1.001093134556979125e+00
9.904706149967186235e-01
1.007908249289852343e+00
1.000152670059415883e+00
1.012867865806377665e+00
1.000493872417306029e+00
9.978334998625048025e-01
9.988858928733490572e-01
9.943000939898984925e-01
1.018189583330223025e+00
1.005022370289345268e+00
1.021283582754568320e+00
9.879486033109947662e-01
1.017866994296219518e+00
9.843973209715198847e-01
1.014995998722771908e+00
1.004329075184109632e+00
9.943459787764361568e-01
9.879997988734513514e-01
9.837239897521299348e-01
9.990329356186785636e-01
9.865540902076178620e-01
1.003712803627816674e+00
1.000449958889894964e+00
1.003751548128013926e+00
1.004976195308695308e+00
9.836563402678384360e-01
1.001195436080419610e+00
1.000378444529774757e+00
1.005786121547922018e+00
1.003075775158401406e+00
9.836510039020389673e-01
9.949537371164596244e-01
9.938862536642736334e-01
9.915798027028571715e-01
1.002824769891347056e+00
1.010737173744323814e+00
9.873486054614245555e-01
1.007937387722514844e+00
9.889333259988073443e-01
9.906222733090402910e-01
9.921712187792324222e-01
1.013056395381748631e+00
1.003212669779667054e+00
9.930059577668516324e-01
1.003289836217273967e+00
1.015978348677452070e+00
1.002557105643216318e+00
9.847844686501574518e-01
1.006489987706026268e+00
1.013503116828816664e+00
9.918811104881153362e-01
1.012543385432635334e+00
9.843245475675173051e-01
9.950627037472822289e-01
1.001219303804465666e+00
9.990948495229234894e-01
1.011446975030388273e+00
9.980608656993669170e-01
1.000445740817915041e+00
1.002753121607383058e+00
9.912248605204347918e-01
9.972531585915477281e-01
9.892943540507946887e-01
1.007446728030602756e+00
9.918394678048978452e-01
1.005254340050821593e+00
9.902500080911117442e-01
9.937240662033897109e-01
1.002435782833927425e+00
1.005615471415753914e+00
9.927712116039190127e-01
9.996784754225518377e-01
9.891852647466742310e-01
1.007493195074358416e+00
1.005765170491526028e+00
9.930513722800865528e-01
1.003144708361942028e+00
1.001258990034759044e+00
1.005219535394286767e+00
9.936379912058974639e-01
9.829733644247947710e-01
9.961786042875045988e-01
9.862308173114744392e-01
1.004250438183821537e+00
9.929793575709591202e-01
9.945856746992384201e-01
9.961318534790255530e-01
9.845835145645839281e-01
9.916810500044876964e-01
9.969663343608756723e-01
9.904643908330532653e-01
9.984840864600275090e-01
9.927028155532373610e-01
1.004641747581003219e+00
9.869658110617498536e-01
9.907861545584577545e-01
1.006192826253641259e+00
9.918746671285870731e-01
9.947736786673725407e-01
9.985099695500899708e-01
9.895528822617032372e-01
1.005568937063370694e+00
9.872362350924468455e-01
9.938997989788745935e-01
9.918133624608898025e-01
1.003401806364330850e+00
9.940954272351266718e-01
9.848551789875481521e-01
1.008209331490056204e+00
9.989468610011276173e-01
1.001646106557240401e+00
9.912978414442955577e-01
9.901378175938657655e-01
9.962115122385133414e-01
9.913274655581593153e-01
1.011998694036048363e+00
9.840283869270213257e-01
1.015366607388367814e+00
1.013337390451664266e+00
9.829955384126680684e-01
9.999140005642213058e-01
9.890178568315980412e-01
