# data in one-minute intervals
9.975166338284349177e-01
1.024288906744614813e+00
1.012939979527168743e+00
9.953271153902425450e-01
1.006078678585212272e+00
9.960478912008576824e-01
1.006956412668836398e+00
9.939362151036215121e-01
9.898885448294334477e-01
9.906731912597199763e-01
9.944093926867647593e-01
1.006742216002219026e+00
1.008193195423469968e+00
9.985028072328085980e-01
1.003020034822194262e+00
9.944716674185868355e-01
1.006360634425571998e+00
9.897545198070031303e-01
9.797529158601357979e-01
1.021991511909996930e+00
9.820853129789776093e-01
1.013771343829214189e+00
1.010227038259056798e+00
1.014102058752879065e+00
9.985333689298856452e-01
1.008242053418914930e+00
1.000500063026038111e+00
1.020270483517197180e+00
9.976222007094036615e-01
1.002539952773429111e+00
9.955475479497357671e-01
1.023563376968942062e+00
9.933852308902036965e-01
9.992312563545167059e-01
1.009329859470802448e+00
9.898614169501073201e-01
1.012586764800198047e+00
9.872190032518591840e-01
1.002371975608146393e+00
1.005180220553143933e+00
9.900572392003861300e-01
1.009011558023664046e+00
9.999490536984373401e-01
1.007384978876768811e+00
1.001559596809550090e+00
9.941957409287280889e-01
9.930323687481139583e-01
9.853870873873535885e-01
1.009277140883195756e+00
1.014866678444765746e+00
9.944040456145555318e-01
1.002921313841472317e+00
1.002337156047054645e+00
1.005301658390272301e+00
1.005779722050720526e+00
1.014957928657106878e+00
1.007414972110241225e+00
1.004997081471422415e+00
1.000676129635620581e+00
9.859794837490011288e-01
9.897170981600815765e-01
1.004318373349486260e+00
1.004560138212122755e+00
9.970551363377087029e-01
1.015241175002032259e+00
1.006232224597889191e+00
9.824712111009988869e-01
9.849715996790767703e-01
1.001152376119796461e+00
1.012131480727278987e+00
1.022624057020360633e+00
9.975353086015668058e-01
1.004779773880397187e+00
9.954480199154536191e-01
9.927441827880517655e-01
1.003917262557078471e+00
9.890700147035222933e-01
9.923598099614658885e-01
1.008218839232897901e+00
1.000067230788376893e+00
9.876799073445513555e-01
9.917875169285998993e-01
1.008927778029007793e+00
9.982623124859443253e-01
9.942266167851093739e-01
9.887418128290995645e-01
1.006944355414115977e+00
1.006978563304951280e+00
9.725824009897319211e-01
1.003979332090374044e+00
1.004696349640387565e+00
1.016781946979930185e+00
9.970402525308109665e-01
9.990233458459721883e-01
9.955145904765418940e-01
1.010879870770556632e+00
9.883312862964582779e-01
9.906751960058841622e-01
9.870377786882607030e-01
9.918990962889692176e-01
9.990927613593241219e-01
1.012016011705755947e+00
9.887080211652705675e-01
9.924479236932138848e-01
9.821193133401774356e-01
1.002588302157270350e+00
1.006040283396331336e+00
1.002121254477353007e+00
9.980483126094826796e-01
9.858552100839905741e-01
1.009511144544559258e+00
9.911821468311126093e-01
1.002257038866771088e+00
9.926213828677910023e-01
9.879403724980532209e-01
1.008453666344443223e+00
1.008600391211748049e+00
1.000699210895561686e+00
1.018349006568987303e+00
1.006596394479225554e+00
1.001294928733611922e+00
1.003577264581220874e+00
9.854748101708283858e-01
9.969840267507679155e-01
9.985852536760986276e-01
9.748219595396593329e-01
9.918345169132649630e-01
9.943238883371787740e-01
9.962935586888488348e-01
9.964243437201484310e-01
1.011011866014057459e+00
9.786236199491330501e-01
1.007782561398074428e+00
9.775983281844270456e-01
9.971981132379154067e-01
1.001802429342803835e+00
1.003562954647007954e+00
1.007780798819929879e+00
1.000437148211212213e+00
9.933175791887085548e-01
1.003906201819509514e+00
9.963511791408109497e-01
9.984662702854177896e-01
1.006362570173189308e+00
1.006268763240352415e+00
9.803084101998433830e-01
9.997508985108353174e-01
1.015566976780625241e+00
1.007970133577574146e+00
1.001106259264841647e+00
1.019730963356243914e+00
9.984959125968330129e-01
9.872504257341777612e-01
9.823431262843989042e-01
9.842529004135077697e-01
1.012032807833868508e+00
1.001051582588290412e+00
9.985826406717454029e-01
9.778876589881319026e-01
9.920169280767680009e-01
9.976366981606632489e-01
1.011489540073556403e+00
9.894247110125092837e-01
1.000858573138028396e+00
9.786898958196265097e-01
9.989564762083091853e-01
9.990790770497420814e-01
1.002299560068277140e+00
1.006851790005266478e+00
1.008482458002718518e+00
9.861837812422888927e-01
1.008257911909679727e+00
9.924306030419088875e-01
9.857677794410238947e-01
9.953502350257156239e-01
9.946786330710497559e-01
1.001170563263505953e+00
1.008028329763146491e+00
1.004140403494998557e+00
1.012538246115677554e+00
1.013460944317177370e+00
1.014513916771453639e+00
1.007840237667208205e+00
9.836089523152484748e-01
1.025608751148486597e+00
1.007659845575058499e+00
1.011439843250211190e+00
1.010711271796189470e+00
9.979833070264989558e-01
1.001561961864906758e+00
9.944363207224421464e-01
9.988664414576361450e-01
1.009568560285979855e+00
1.006003367084637334e+00
1.002567777778831548e+00
1.006024141783185888e+00
9.926951031858181063e-01
1.006181843982167701e+00
9.977699351675811679e-01
1.018273795265360437e+00
9.966706007394138256e-01
9.977087785719910284e-01
1.004569299728427678e+00
1.010079400730297561e+00
1.021018341150909947e+00
1.004572238838217002e+00
1.010205240113548841e+00
1.014531831089222846e+00
1.012031336525690106e+00
1.011935047939895860e+00
9.980058610780090378e-01
1.015301636222565529e+00
9.924541208007914284e-01
9.927699297224424901e-01
9.980977222622119394e-01
1.012539220289776942e+00
9.913498362070677361e-01
1.000463116833126387e+00
1.011118350125993715e+00
1.005530706117042650e+00
1.007431567738417799e+00
9.755223897405778111e-01
1.007396166818387062e+00
9.919299059809094654e-01
9.976569358178442037e-01
9.982960808548402287e-01
9.908706964682977292e-01
9.998747842619468695e-01
1.002085235566460453e+00
9.904390072947621970e-01
9.934379649220151931e-01
1.021762764220758957e+00
9.907478020446561784e-01
9.989640137294744093e-01
9.921672118998045020e-01
9.993714137670479669e-01
1.004732637893222646e+00
1.013040746346186349e+00
9.820704357611265145e-01
1.009347812182534110e+00
9.943917805195011672e-01
1.003411451730984894e+00
1.001326101256900136e+00
1.005712988526762386e+00
1.004804591987618512e+00
9.992949133565594000e-01
9.991412682690470337e-01
1.007906018012983074e+00
9.829444632217609890e-01
1.004237587880262517e+00
1.005406114317282329e+00
9.989930575649536015e-01
1.011912758832778758e+00
1.003757943486714987e+00
9.947805921713113175e-01
1.005589619349481545e+00
9.988437349058587600e-01
1.012482070239375975e+00
1.014533567017306792e+00
9.882550152494851137e-01
9.979738203144408182e-01
1.004889116151075568e+00
1.022383502715532799e+00
1.008176468698741335e+00
1.006135269738482441e+00
1.003704921445506049e+00
9.964032882486119069e-01
1.022859908681021279e+00
1.016836728618833341e+00
1.010526235752196689e+00
1.006868733593613507e+00
9.918395600797715872e-01
9.971675966690367598e-01
9.933354776033437306e-01
1.006878017103295164e+00
9.914865229963893967e-01
1.000993736189907057e+00
1.011227855043021595e+00
9.952139367191241703e-01
1.003738237658575949e+00
9.921584625815800251e-01
9.919206409333850560e-01
1.003110924898981571e+00
9.901199308823479539e-01
9.996472987666232823e-01
1.006394604252989877e+00
1.000635082963623690e+00
1.000587356840788367e+00
1.021618367797145099e+00
1.005654626649196359e+00
9.943453157239713347e-01
9.967380442184342604e-01
9.999411100666172336e-01
1.016089195630072606e+00
1.021426121640604645e+00
9.999152374374689067e-01
1.016615116989223910e+00
9.958592780324280191e-01
9.998162493648052873e-01
9.959925252750903013e-01
1.024109224624883074e+00
9.949090682651851036e-01
9.931599125951428020e-01
9.938600583257767296e-01
9.892932374838429022e-01
9.952968064048683949e-01
9.990051880399680728e-01
9.896365702826814825e-01
9.967765511183619420e-01
1.004884100812255321e+00
9.989501773117019923e-01
9.957173164981775182e-01
1.006786659003054751e+00
9.942118825200657595e-01
9.899256021755368229e-01
1.001961330209870882e+00
1.007141302505170088e+00
9.887329149437519282e-01
1.001572595325796122e+00
9.984884263693375450e-01
9.934250614573491012e-01
1.004303683723940965e+00
9.955174679333406162e-01
9.888136318424552984e-01
9.940762779457353870e-01
9.819849613052157311e-01
9.887194701779676853e-01
9.992188678250544243e-01
1.008583541007420425e+00
1.001478859551477418e+00
9.958338879986874392e-01
9.999827214477432502e-01
1.011110923088820446e+00
1.000730404000324203e+00
1.003386414660832671e+00
1.002908640543624275e+00
9.804865513072226202e-01
1.003480933609854242e+00
9.973044421510410817e-01
9.878495557758324441e-01
1.012952110281483353e+00
9.952712029713522979e-01
1.005283579409784300e+00
9.954234952617606602e-01
1.005924104608662439e+00
1.004304806544862760e+00
9.941808690847748764e-01
9.985222320723868838e-01
1.014690776180884102e+00
1.004379588318446981e+00
9.916939071946799800e-01
9.910939855092887329e-01
9.961134314453186089e-01
9.919047370199555180e-01
1.001950365523295305e+00
9.894176969359138596e-01
1.005915559629853906e+00
1.011240702748501752e+00
1.004590926531493178e+00
9.961279585185481844e-01
1.004416814037743411e+00
9.950681428026664221e-01
1.022095740682708698e+00
9.962256039503993854e-01
1.004854690992524668e+00
9.967110533905297887e-01
1.004738014436581839e+00
1.031884741565637809e+00
1.002667398518807040e+00
9.993164162887294699e-01
9.910477977755539625e-01
9.854563288312570002e-01
9.980340149590133381e-01
9.903833375113687554e-01
9.751831990662929162e-01
9.822606581872990184e-01
1.000794476711170722e+00
1.009276003277402634e+00
1.006693463513684383e+00
9.922903334534982633e-01
9.948873643311033632e-01
9.901456126952992154e-01
9.906370313198109567e-01
1.006676284418067446e+00
1.007908541359051169e+00
9.998409353505174346e-01
1.006742199411547078e+00
1.005461375077776776e+00
9.922010396461212745e-01
9.905702928353725678e-01
1.004773067781869367e+00
9.920501329293974768e-01
9.842958702347042177e-01
1.000078689742964544e+00
1.003989578978814912e+00
9.938378197154303928e-01
9.930228216575668343e-01
1.005972883999467493e+00
9.994204781379955049e-01
9.963727525089404180e-01
1.007286643101008794e+00
9.977866670828453577e-01
9.931546318718549315e-01
1.015486941105420815e+00
1.004121796068020878e+00
1.001355751295960994e+00
9.933889737912170448e-01
9.947428096433585942e-01
1.007059484444665420e+00
1.006904649322762468e+00
1.003816493353608008e+00
1.015424820408913131e+00
9.998282089311522070e-01
1.012892933518168448e+00
1.011134675079967460e+00
1.000525066724058609e+00
1.017228206661152434e+00
1.007639787762913963e+00
1.016896563352880367e+00
9.956180981064078894e-01
9.885082744550524048e-01
1.020604492502450000e+00
9.896574768708633618e-01
1.002047451907033482e+00
1.011350815964613847e+00
9.863192599264586358e-01
9.988806462206484271e-01
1.007382869961567895e+00
1.019141377621494371e+00
9.989829925565739677e-01
1.020025627945136293e+00
9.904717362083781396e-01
9.829786082883364973e-01
9.876044652489747167e-01
1.004374568820004976e+00
9.989893494035351207e-01
9.757225730477439019e-01
1.009040499215909215e+00
1.003103597161152161e+00
9.840550084763702854e-01
1.012969121395523198e+00
9.999948453807718796e-01
9.868804190135972432e-01
1.013469961432155175e+00
9.898388492376204439e-01
9.942418947403383056e-01
1.000534464717144578e+00
1.011981294786694185e+00
1.006845576778649276e+00
1.004277826848705812e+00
1.002827130087605934e+00
1.014481106644466779e+00
1.000224941010499302e+00
1.001587772094849615e+00
1.006945921376102282e+00
9.918401647850242364e-01
9.976941099282207182e-01
9.964746466427192306e-01
1.010211762869382301e+00
9.896557689154243942e-01
1.008587213103664393e+00
1.004074361849113028e+00
1.000432360737588233e+00
1.011377666825020949e+00
9.945498431713833964e-01
9.927519105478079808e-01
1.011080522750467781e+00
1.007765510510608253e+00
1.003729639073472457e+00
9.954111939283020183e-01
1.007783914376586099e+00
9.850794187933183954e-01
1.006017622991148386e+00
9.914882939259991312e-01
1.001513679093059883e+00
9.948379570931029647e-01
1.004525361886086987e+00
9.926758053603593757e-01
1.004185077016987782e+00
9.840934337610425242e-01
1.009983989739132948e+00
1.002505454940610052e+00
1.005556273898927655e+00
9.977045321580643167e-01
9.939553352196875968e-01
1.015757618860806177e+00
1.003710358711290773e+00
1.001434643250195933e+00
9.981400531904033313e-01
9.926228453933557683e-01
9.928395264804704690e-01
9.872817172436445521e-01
1.001493671161638677e+00
1.023443391417420356e+00
1.001072770031595116e+00
1.010497440853013407e+00
9.874404926547019068e-01
9.796442873673228968e-01
1.001430444522688923e+00
1.000576517919538722e+00
1.007285261597650861e+00
9.934220983235330094e-01
9.978766402640036892e-01
9.836483719597302056e-01
1.001444215564063711e+00
1.000708063675232351e+00
1.003425557285310354e+00
1.005379327315193416e+00
1.003762152188934609e+00
1.005068112485525411e+00
9.984626996995245030e-01
1.000677029439888344e+00
9.940376767226981602e-01
1.005330060676629333e+00
9.994779339161993237e-01
1.000413908034560428e+00
9.902236546333579303e-01
9.789827441921733486e-01
9.933233908324784478e-01
1.009817971142000337e+00
9.995142197789572691e-01
1.008442655256232667e+00
9.986197624389985261e-01
9.997455680297194780e-01
9.889984143561394436e-01
1.001679005174619608e+00
9.861139844225362827e-01
1.002743699408276790e+00
9.981408390231365502e-01
1.017691324989584700e+00
1.003838342640136050e+00
9.802659335601977553e-01
1.014766182103144843e+00
1.010596009247546556e+00
1.007391346223770245e+00
1.011763818304059592e+00
9.958469256926417712e-01
1.000373000970047110e+00
1.003953803673138578e+00
9.972653940985208854e-01
9.928965839736767496e-01
9.969636593343664810e-01
9.976842401695004137e-01
1.007255343519332103e+00
9.683282307406032574e-01
1.010332465929220991e+00
1.006569298413968472e+00
9.977101053512881235e-01
9.901394687193488808e-01
9.995198050207928508e-01
1.000263041604366077e+00
9.896043667712324243e-01
1.008391109709232181e+00
1.003467515361841977e+00
1.014098260032633814e+00
9.772175226346579979e-01
9.928742509525498861e-01
1.004493591187386681e+00
1.011712865186410681e+00
1.009200068777826642e+00
1.002230483655315529e+00
9.972534536336143951e-01
1.000937230371510500e+00
1.025162861602491926e+00
9.939167234761492331e-01
1.005583149453928238e+00
9.918004777363298441e-01
1.001989596593177101e+00
9.869005178725119842e-01
1.005394838724724238e+00
1.003646044731411280e+00
1.002033081479721810e+00
1.001181179656877251e+00
9.987716825820404098e-01
1.003868047209513836e+00
1.002747719384574188e+00
1.001036105595997316e+00
1.007820252292535468e+00
9.903898395315013925e-01
9.911568737300302523e-01
1.008757780420174166e+00
9.995629028748946876e-01
9.925768526276206316e-01
9.972604987740557592e-01
1.008662636702782223e+00
9.995096872761244367e-01
1.003092995035816504e+00
1.013571139516800779e+00
9.953464723785655499e-01
9.926445386031023110e-01
1.015106676257689022e+00
9.758258638927680417e-01
1.003875381385354482e+00
1.004864086321773708e+00
1.001632365509753875e+00
1.001042269549628161e+00
9.992946451842060762e-01
1.008991508628243272e+00
9.905816147074750777e-01
1.000921899452208219e+00
1.004170239010294230e+00
9.925289594076229793e-01
1.021963171323505781e+00
1.002609652308157129e+00
1.003060949222117637e+00
1.015723931039319794e+00
1.011264563986670417e+00
9.921202554072767743e-01
9.963011369782055482e-01
1.003509199551552156e+00
1.007396517002440151e+00
9.954218207589426992e-01
9.929414111865781933e-01
9.985780341154100181e-01
1.004039985169287164e+00
9.935630525463559071e-01
9.978212309791892887e-01
9.819755054373298098e-01
9.971384667944555025e-01
1.002505560502759074e+00
9.885399988238373625e-01
9.963354899480308946e-01
1.002345976229218172e+00
1.000394137313503018e+00
1.000091689870412193e+00
1.023597720390501120e+00
9.949888322333093615e-01
1.020247267333240115e+00
1.013041707671888059e+00
1.003162153102918230e+00
9.927132305471545459e-01
9.879915128913545619e-01
9.950313260448967467e-01
1.014293902451453899e+00
1.021989705846114038e+00
9.988594893520318374e-01
1.004879454404032035e+00
9.968745969241856741e-01
9.946790396168549986e-01
9.977219860373641724e-01
1.000912506499034071e+00
1.017832135918196990e+00
1.011288590333940141e+00
1.013801688035618875e+00
9.966996923471858061e-01
9.737043134553615698e-01
1.018050954138941089e+00
1.009362916082984230e+00
9.940428356139697774e-01
1.015919974036776807e+00
9.939638127247181210e-01
9.944186422096854550e-01
1.003802264310958314e+00
9.846001808130363520e-01
1.003189126699152611e+00
9.857232839464570295e-01
1.000345145020436144e+00
1.000677282527554279e+00
1.016691853358720588e+00
9.888042963760771409e-01
9.867434765096090299e-01
1.012445614307041719e+00
1.002114006613782138e+00
9.954615132159354562e-01
9.816614875343094848e-01
9.876381669576075328e-01
1.008196576975987968e+00
9.939464700397531161e-01
1.004496949851244825e+00
1.019220396977418952e+00
9.777751061523226594e-01
9.997033341417029817e-01
9.930638967587224197e-01
1.007953684424152341e+00
9.940299432073095298e-01
9.930471440518494619e-01
1.002794188590529600e+00
9.958724067979686234e-01
1.004661893762393010e+00
1.006537141357531473e+00
1.008490078214760555e+00
9.850627732677964543e-01
9.797684012316238977e-01
9.881668204575854153e-01
1.008765341053223796e+00
1.003402187964038461e+00
9.912651582394499394e-01
9.977911759223593302e-01
1.001626519991733799e+00
1.010507690512490564e+00
9.961230096294962921e-01
9.908168240714506636e-01
1.011019475590828831e+00
9.979027450580140179e-01
9.978853697752153584e-01
9.911661626306098594e-01
1.000095374121016567e+00
9.949740918056477756e-01
1.000501513227294303e+00
9.947036449613348985e-01
9.887539717528787131e-01
1.010846655434864738e+00
1.010261583492113369e+00
9.936359400658919538e-01
9.883760861012625965e-01
9.949895446486383133e-01
9.845579719422157261e-01
1.005429342642732093e+00
9.945924416442457616e-01
9.963653793554360094e-01
9.963115554850286992e-01
9.983885193006124537e-01
9.997112002285659660e-01
1.007386201057261843e+00
9.880291879753688722e-01
9.913732341074011911e-01
1.009471675011470282e+00
9.957147612504376744e-01
9.993214873831196554e-01
1.001764500065152053e+00
9.925047281625897222e-01
1.009288742361380997e+00
1.005943412574578755e+00
1.010076183408845418e+00
9.928295625866736529e-01
9.870092629483540048e-01
9.933605645028634745e-01
1.006571613308057112e+00
1.002874850990627786e+00
9.997480315150634178e-01
9.967022281800591577e-01
1.000051941609880979e+00
1.000374586514653608e+00
1.002975079250607804e+00
9.994553981224995054e-01
9.951909134875112084e-01
1.003608041953377716e+00
1.004125021292992859e+00
1.003328672908226471e+00
9.943128848388365082e-01
9.941224668397709019e-01
1.010863527109498561e+00
1.009409429388687052e+00
9.908707123419091545e-01
1.007600623607086687e+00
1.009999436759470681e+00
1.003439403033150601e+00
9.980618803904723890e-01
9.905965819968605146e-01
9.752127812099243842e-01
9.881710366030878046e-01
9.929700347396751559e-01
9.864512833570012740e-01
9.964180834202047699e-01
1.003838002219437753e+00
9.993135842658600332e-01
9.853580876236468500e-01
9.913476840982148319e-01
9.858152794064235502e-01
9.949153220224887795e-01
9.981586780710598461e-01
1.004409907595142259e+00
1.006124584939228628e+00
9.842132979231300594e-01
1.011186465513186805e+00
1.006062113162736971e+00
9.975980175417398232e-01
9.960582633450555390e-01
9.975699894087799446e-01
1.000114409734589538e+00
9.903954927474709624e-01
1.024242988620587047e+00
9.977864985000968190e-01
9.873421635362581439e-01
9.986036024662661159e-01
9.959143251528250751e-01
1.014471430289880516e+00
1.032039647375273539e+00
1.007760101577174883e+00
1.003718106557224710e+00
9.988395907507152671e-01
9.853944324042569480e-01
9.929878529978874990e-01
1.001417759396746598e+00
9.883511187431743839e-01
1.008519907966834328e+00
1.006552587300046264e+00
1.012250225216302590e+00
1.011407617050032792e+00
1.006790426488042067e+00
1.020181907334444027e+00
9.910511622043179925e-01
9.994126896814944372e-01
1.009074799103042430e+00
1.013282191144383670e+00
1.005126119487307790e+00
1.016895726003114619e+00
1.009194398617326405e+00
1.011022915477932882e+00
9.955056345592514511e-01
9.952713520734519648e-01
1.006918682437276669e+00
9.839110397730963520e-01
9.902442786800643715e-01
1.003008954100566008e+00
9.930797556788731884e-01
1.008054179230295277e+00
1.006589735719016998e+00
1.006427078204703562e+00
1.011466771999491865e+00
1.009560598426670008e+00
9.923879491307014966e-01
1.000506864338770452e+00
9.997652853764292802e-01
1.000628463917855981e+00
9.794987966419025360e-01
9.875897270553309903e-01
9.985841334124654356e-01
9.918951231527635137e-01
9.821574397518382238e-01
9.815581193704912000e-01
9.821191129712772971e-01
1.012740168182165279e+00
9.869873207360101430e-01
1.010077958828696110e+00
9.786352996775893320e-01
9.992627034062605551e-01
1.014878983905387333e+00
9.946643196089803851e-01
1.001468146242409096e+00
1.000549197395060652e+00
9.933247317648196129e-01
1.003372053038963152e+00
1.002178528481248332e+00
9.980747914061626203e-01
9.973117658641280636e-01
1.011116873429682039e+00
1.027791897539351851e+00
1.000600617302284112e+00
1.011041153685994010e+00
1.008506250446661756e+00
9.912495836424145557e-01
1.010046259987954054e+00
9.870162623343543551e-01
1.010782133054335841e+00
1.003940311537040220e+00
1.014684789922329022e+00
9.811508502486705474e-01
1.004562003463405739e+00
1.004890257860357794e+00
1.003207035352333909e+00
1.008480756802446754e+00
1.011312235843313978e+00
1.005292413705135557e+00
9.884690326831033769e-01
1.002182007556175369e+00
1.001791881115193350e+00
1.012482992050393271e+00
9.917392081247878854e-01
9.939974356438039393e-01
1.016283161561181370e+00
9.987405434907928869e-01
9.998944373275749919e-01
9.996869848546880988e-01
1.000026173161639331e+00
1.020739069616560801e+00
9.845367670891387313e-01
1.000501220301669880e+00
9.962473697346113655e-01
9.945783668801300159e-01
1.015034848265274459e+00
9.813754128407947697e-01
1.005252389050123707e+00
1.010661675852351893e+00
9.994291452824992650e-01
9.877682877058291400e-01
1.000095840276498560e+00
9.995770310804341641e-01
9.943753580750643861e-01
1.014725606990922069e+00
9.826183851067173958e-01
1.001003280659774175e+00
1.001326304528591837e+00
9.984147521422179761e-01
1.009479208387475957e+00
1.008352312708091336e+00
1.004643450476888633e+00
1.002568840018315033e+00
9.895083345600658165e-01
9.711854600048831498e-01
1.005795027570957290e+00
1.011195813656259990e+00
1.005963764709211672e+00
1.005295773811250237e+00
9.984426282670677555e-01
1.002795908154110460e+00
9.768933652211861940e-01
1.006244030354299435e+00
9.901229613890349945e-01
1.007552427717040899e+00
1.013189353565724149e+00
1.003669921735654613e+00
9.934495304815694761e-01
9.978923231985428188e-01
1.005179184613462118e+00
1.019862382500314135e+00
9.910115409520087182e-01
9.952526612625349767e-01
1.002110274028755299e+00
1.001040067777181575e+00
9.874761177592483730e-01
9.980100754676681785e-01
9.839546238764829145e-01
9.978414554397569969e-01
1.001899451362951998e+00
9.956640085169845555e-01
9.855366674401305760e-01
1.003663100651778217e+00
9.735631160478506185e-01
9.842464322891687489e-01
1.016826653477008735e+00
1.000283951882962707e+00
9.886997333903554397e-01
1.006950751373355546e+00
9.849571446659585172e-01
9.950903599683758038e-01
9.982940205452920379e-01
9.770442455111059132e-01
9.975456488677931777e-01
1.008993939637370607e+00
9.943270355212935341e-01
1.000374925311041885e+00
1.015500718285593962e+00
1.008327735807860615e+00
9.948893652407151400e-01
1.007824833311873558e+00
1.003235517866112314e+00
9.908860512441312052e-01
1.002988288564076402e+00
9.874813041758035981e-01
1.012158077969390391e+00
1.000290638054333492e+00
9.950135222509670641e-01
1.002854920275166428e+00
9.894885410649923996e-01
9.831170808098556035e-01
1.018343753448495370e+00
9.900486538670882908e-01
1.000163889632946113e+00
9.878815666396159045e-01
1.010151533003308622e+00
9.932007898244578081e-01
9.865382965474879251e-01
9.937461805909130197e-01
9.910337576073106058e-01
9.954269207614050430e-01
9.972783541148291242e-01
1.001678157426795002e+00
9.903518977071634755e-01
1.011664993467547458e+00
1.003907213189574987e+00
9.938795688425740016e-01
1.000299014213138271e+00
1.001954647898751549e+00
9.970243420127207212e-01
1.007005880096862871e+00
1.014147634416774357e+00
1.005905536753988194e+00
1.006970049631431996e+00
1.005692391910849137e+00
1.005696076091085134e+00
1.015703994115245923e+00
9.969138249164603005e-01
9.978281482970720040e-01
1.024716733936624102e+00
1.005271751737276453e+00
1.006001067061979004e+00
1.018714323847348169e+00
9.858182168509919130e-01
1.014569991922471104e+00
1.012617288432026585e+00
9.974831273930930831e-01
1.001505071658959523e+00
1.016914760661836281e+00
1.012745099653687086e+00
1.003495165605479356e+00
9.993278289614290211e-01
1.004430269029459755e+00
1.005411670519348766e+00
1.003699148533713892e+00
1.005470628874945316e+00
9.819074336699793459e-01
1.010008573428121448e+00
9.810891166112942763e-01
1.013089357959654047e+00
1.001712384398294464e+00
1.003041387689039166e+00
1.013088721784118240e+00
9.864296527562032013e-01
9.905281171375897031e-01
1.011654828030066122e+00
1.000356490332965809e+00
9.978657372931950542e-01
1.016975276201978806e+00
1.001988285418713431e+00
1.023254293737631659e+00
9.894388132257790902e-01
9.960322345875924910e-01
1.010421923800847388e+00
9.899897976872068517e-01
9.933185759427721750e-01
1.008947276783272784e+00
1.006457162340800959e+00
1.001345483041448992e+00
9.985718364613063169e-01
9.903788477832877746e-01
9.950354879681854170e-01
1.004769812612618551e+00
1.000443540109775764e+00
9.909627779751405408e-01
9.949195859572725897e-01
1.001121963852671604e+00
1.001737136009799078e+00
1.015200659145413908e+00
9.941369692691576221e-01
9.885336732242365754e-01
1.004487863379754486e+00
1.008300275013343850e+00
9.954480975210806548e-01
1.001637482543811020e+00
9.868194228839163307e-01
9.817370967858563002e-01
9.853446372410443743e-01
9.979062623168524215e-01
9.964604584344898264e-01
1.002844667960729241e+00
9.928410546627933764e-01
9.944711228685213511e-01
9.962629053717820815e-01
9.974987983753942355e-01
9.971159133363332039e-01
1.010975988000564429e+00
9.947327539460689705e-01
9.955990853055428635e-01
9.948100451327396287e-01
9.921869068009431247e-01
1.004571983672291058e+00
9.939259024778122065e-01
9.928626315959102611e-01
9.780909957536165766e-01
9.897625036528038267e-01
1.002487545065880115e+00
1.007183252727985590e+00
1.015186412296500862e+00
1.006021136848228137e+00
9.964621854919964994e-01
9.994490569124381274e-01
1.011856324476002156e+00
1.018141651193727126e+00
9.905009293730075992e-01
9.964510765172480689e-01
1.016094504405288923e+00
9.947344452932719294e-01
9.996519985327672053e-01
9.940984892775603932e-01
1.004963921162010498e+00
1.011046044925689946e+00
1.004006260146336871e+00
9.963015164192595696e-01
1.017524175623901295e+00
9.870324516179143082e-01
1.002342533144213732e+00
1.015143982224136598e+00
1.010221214151973079e+00
9.963073970436863158e-01
1.001662735908499968e+00
1.008304075812822553e+00
9.901014217603909540e-01
1.002930519520998542e+00
9.754811119815181009e-01
9.916872538292798023e-01
1.004537777020997336e+00
1.004625137757726883e+00
9.986980507923718386e-01
9.969245361510394865e-01
9.774847828414630069e-01
9.914158935592011224e-01
1.004779011230053642e+00
1.002783556318406655e+00
1.006826342960734033e+00
9.983021013416807365e-01
9.947463579614654883e-01
1.000462264943145163e+00
1.000772457387240522e+00
9.902670039644059230e-01
1.010942947153167015e+00
1.000603642253733438e+00
9.793098076197074286e-01
9.932920984499107320e-01
9.961590562134885474e-01
1.005172334508416254e+00
1.001622305373874866e+00
9.952269360832836087e-01
9.949748701341378787e-01
9.933266597861389879e-01
1.013732891160287419e+00
1.019199158999342103e+00
9.997906721567457744e-01
1.010658798035899641e+00
1.014119174690842229e+00
1.007516434219836388e+00
9.841881686308907584e-01
1.007272977665041536e+00
9.915728170369252359e-01
1.001561128593423167e+00
9.965862489845259686e-01
9.861959522776416742e-01
1.000524416964830854e+00
9.959669247544421511e-01
1.007762966115492764e+00
1.003399694502853601e+00
1.010566965376864523e+00
9.849875510455210481e-01
9.887660352784760631e-01
1.009228794171544319e+00
1.006606891574791440e+00
1.015949611696570276e+00
9.971775961457689519e-01
9.967240654009623668e-01
9.994929041773943368e-01
1.003405021569420352e+00
1.004842936782088136e+00
1.004680050931530344e+00
1.008660262464996960e+00
1.000565713894403519e+00
9.962061435864019154e-01
1.017321718074667647e+00
1.015888346171453627e+00
1.021745088222878683e+00
1.008314242531157312e+00
1.000891743072280127e+00
1.014053498026247224e+00
1.013303371560091204e+00
1.001406148979103516e+00
1.008481944814403786e+00
1.020584115289039362e+00
9.989594670169260615e-01
9.964918906783819530e-01
1.009990843380838221e+00
1.000738491593526902e+00
1.000690416255495707e+00
9.952219177275833939e-01
1.012532968290325908e+00
9.960702417065865344e-01
9.932020307381559387e-01
9.938637678984082457e-01
9.797865910979047799e-01
9.916521832814957360e-01
9.927610654152103642e-01
1.002079028877882028e+00
1.015232170294773084e+00
1.006977367016000491e+00
1.010407478641272450e+00
9.820487508425351786e-01
1.000051675504878057e+00
9.802252404200713087e-01
9.985119473557966252e-01
9.983412080124934862e-01
1.011702880760445789e+00
1.018325735800021281e+00
9.921885126430890489e-01
9.762453523999340410e-01
9.957354600519825460e-01
9.932922187334515263e-01
1.000744830806451935e+00
1.004734691489528986e+00
1.019009229462829458e+00
1.012063356922783486e+00
9.950145254144910911e-01
1.007078803832771818e+00
1.010639309176209810e+00
9.937630792102848387e-01
1.010223083651929477e+00
9.966535068813890952e-01
1.016837099266388877e+00
9.914124721598749357e-01
1.000325807265140865e+00
9.870092874919669246e-01
1.000533858276348997e+00
1.017908787288549721e+00
9.993579978198786629e-01
9.821551459881530111e-01
9.965622259382381776e-01
1.007292728563970785e+00
1.026842231684471196e+00
9.990768520706748701e-01
9.837176626707134774e-01
9.918605640979369920e-01
1.006401292377743006e+00
9.985737733701621766e-01
9.824587665320798635e-01
9.953337567329207936e-01
1.013087793618892007e+00
9.949523238392644631e-01
1.004480721084314965e+00
9.991238832187103736e-01
9.993409804556976361e-01
1.003285069884232605e+00
1.000380896133487463e+00
9.924842788594151477e-01
1.004994738689617639e+00
9.873737080579235714e-01
9.932392785023040904e-01
9.854565753701323150e-01
9.894106444290158286e-01
1.011596261691304344e+00
1.024148054175570310e+00
1.022302417176775391e+00
1.003739943833104498e+00
1.010086955996701175e+00
1.003678056992454382e+00
9.847610837524711780e-01
9.937004113509979586e-01
1.013827155196477259e+00
1.013217463185815292e+00
1.009603709814282491e+00
9.934916318485988995e-01
1.006478917767096748e+00
9.844828263453679895e-01
1.010463389780200005e+00
9.898532704473533839e-01
9.828504912268548610e-01
1.000451377394048436e+00
1.006850235406133054e+00
9.924132783925749823e-01
1.007406303323868046e+00
9.962167487349530282e-01
9.781077118116657809e-01
1.001552919204989234e+00
9.852078791785561229e-01
1.003413079299200650e+00
1.002253490781862322e+00
9.865530894542327012e-01
9.948418266180677483e-01
9.987624326440073252e-01
1.002594787814405697e+00
9.791286380995430916e-01
1.002994769830181765e+00
1.003844825651740713e+00
1.006785502782143737e+00
9.911921728819458322e-01
9.792855840254511834e-01
1.001963116034911616e+00
1.008532086201397115e+00
9.948247631885844822e-01
1.004813609359074045e+00
9.873514534153651212e-01
9.910953565256570563e-01
1.009896948635735869e+00
1.002355408852731111e+00
1.005887669826856623e+00
1.001101190599712698e+00
1.002633526821137266e+00
1.000130927835763295e+00
1.000272234055227694e+00
1.009796950553353279e+00
1.003191155903027765e+00
1.007203688230025929e+00
1.002077432265013890e+00
1.002389525284821392e+00
9.920264937111995529e-01
9.942082253192292551e-01
9.975701137946441088e-01
1.010018098394608987e+00
9.890062406122097638e-01
1.015455097555827191e+00
1.009475617351705212e+00
1.002064054991764319e+00
1.005108888834348013e+00
9.992460229283763873e-01
1.011496658261271664e+00
1.001896382225532234e+00
1.012730997041878078e+00
9.983945540417380471e-01
9.776567831632054784e-01
1.008117938437351535e+00
9.967222087534658437e-01
9.969846700142371843e-01
9.970857848794297817e-01
1.004495208187673017e+00
1.006755555952622894e+00
1.000328963834628437e+00
1.020935584450047839e+00
1.007227195744909265e+00
9.999940948212087122e-01
9.895027920893061379e-01
9.967115530500885168e-01
1.020640166978751262e+00
1.017990242238895560e+00
9.969107146321982693e-01
9.904303835397159084e-01
9.841009976184396102e-01
9.973434342481407588e-01
1.002762306332281472e+00
9.965285427934960083e-01
9.855133415354272453e-01
9.858894415959958968e-01
1.010978481590264044e+00
1.004005006302792324e+00
9.921896369637031032e-01
9.893681130607226981e-01
1.005062863039261956e+00
9.734768948041586656e-01
1.003006886509700601e+00
9.935172614400057389e-01
9.984181484598123602e-01
9.975634738776283372e-01
1.012983804577925362e+00
1.005149134309997860e+00
9.843466492395070988e-01
9.922714520669757565e-01
9.974426508199577546e-01
1.002100755372596241e+00
1.008338865915265448e+00
9.949233307812512805e-01
1.012680045479850577e+00
1.006745727004282553e+00
9.957597222239239487e-01
9.936169387598928759e-01
9.908813586324388689e-01
1.007466693095866672e+00
1.015185716113301773e+00
9.992829264729260474e-01
9.909794095062556263e-01
1.003049605058076166e+00
1.001458342578852578e+00
1.005349524583848853e+00
1.008474261191123711e+00
1.005830945266439791e+00
9.991460141503074599e-01
1.010611648326736001e+00
9.859902003615723665e-01
1.003599534734907373e+00
9.903145922634608578e-01
1.004842183119448285e+00
1.010410240386465652e+00
1.015172363766427166e+00
9.947161295439364004e-01
9.933087099738538983e-01
9.900972913756471705e-01
1.009454879337435607e+00
9.832530815885383024e-01
9.991179504077456475e-01
9.973077602834166111e-01
9.915291365524353528e-01
9.920629470758535184e-01
9.882681733646571098e-01
1.010001388350305840e+00
9.989659738601351924e-01
1.026466087434340757e+00
9.806931805717647999e-01
9.943779587308300139e-01
1.012304254005338411e+00
9.943536160130853618e-01
1.008920300653573188e+00
1.015384057814313623e+00
1.008279302226529062e+00
1.008636461710016752e+00
1.004166687282848303e+00
9.964970182606653903e-01
9.966502518787190290e-01
1.010214410500140492e+00
1.019253133497811881e+00
9.942570792888918429e-01
9.906654067990072754e-01
9.883070380449293646e-01
9.938826987093755116e-01
1.013607071994023778e+00
9.955081621052120910e-01
9.938942409224821306e-01
1.015595349248227031e+00
1.013951634406044411e+00
9.928433379497393352e-01
1.009642966869919833e+00
9.914760766296562000e-01
1.008985822157778989e+00
9.867202821782045108e-01
1.028270131745116833e+00
1.014671776489611377e+00
9.787758538774712358e-01
9.942615911483239088e-01
1.002904500102191898e+00
9.876000898155676833e-01
1.008139394335100913e+00
9.962076124533357779e-01
9.998120568350422621e-01
9.970316951918755111e-01
9.982111738570274007e-01
1.004859165463746651e+00
9.967050418664181732e-01
9.973692138676404362e-01
1.013224145702080747e+00
9.907032278697728289e-01
1.003777096752414666e+00
1.003008546122612810e+00
9.856524207282952865e-01
9.858454274511760929e-01
9.974677861018934610e-01
1.003098709703837077e+00
1.002432287369159347e+00
1.000736646326460866e+00
9.962606699296484569e-01
1.008876633305388015e+00
9.874840533807166532e-01
1.007131131065878815e+00
1.004368787252314155e+00
1.008123457187373839e+00
1.017710389482782141e+00
9.989826700611921240e-01
1.006955323085100273e+00
1.006732056102658035e+00
9.948085583496784068e-01
1.015412254241688128e+00
9.995999445480963086e-01
1.011430340899305502e+00
1.004515449551952821e+00
9.925571189250090853e-01
9.954071218729880766e-01
1.009919348795620175e+00
1.006069488839205439e+00
1.023579985011086491e+00
9.895875070226881620e-01
1.023473733216591075e+00
9.983655848989362314e-01
1.017289948490444074e+00
1.009882761895298575e+00
9.867222254131933212e-01
9.971639845895476917e-01
1.000492744997765859e+00
9.910584957216337365e-01
1.002325542238734934e+00
9.926463040136717098e-01
1.007420341954331500e+00
9.725016189084120244e-01
9.853350959343338822e-01
9.739107084928806390e-01
9.964372592586282495e-01
1.000424313162143308e+00
1.003437263473119678e+00
9.924438883892042762e-01
9.999143516609316773e-01
1.017873944989107216e+00
1.005490480357426053e+00
9.925103688051576389e-01
1.001985918158287525e+00
1.010200349221479721e+00
1.001371364019436383e+00
1.005044919016580440e+00
9.966928338247240671e-01
1.010004102053622788e+00
1.006444292069842650e+00
1.002824715189104765e+00
1.003347563674599208e+00
1.003503596602138614e+00
9.901031815584517837e-01
1.006633766430596211e+00
1.001419980017218325e+00
1.000292946954218998e+00
9.875653780798797632e-01
9.974286676450107025e-01
9.979094593172862515e-01
1.001580632732745890e+00
1.007018905681903664e+00
1.008326634626093510e+00
9.983317624501580889e-01
9.868982041170295538e-01
1.000953240640738429e+00
1.001104567314120120e+00
1.003562623834493017e+00
1.024018896935765977e+00
9.987992237476922552e-01
9.793082274168780632e-01
9.965141800465955324e-01
9.886752256521202931e-01
9.941335832667657080e-01
1.005330031348562025e+00
9.943392587583318454e-01
1.001639248476242416e+00
9.829230234389390031e-01
1.018845435266052757e+00
1.000437823114152414e+00
1.002099995176470193e+00
9.933762270964668906e-01
9.794773127488439757e-01
1.005105852157441193e+00
1.000558336759669098e+00
9.826468408231626706e-01
1.013902053951317939e+00
9.936307988558639170e-01
9.856476136945322430e-01
9.956586764044187410e-01
9.907046294831293176e-01
9.871615364896924039e-01
1.008050766181191049e+00
9.876452549214299603e-01
9.716080008786105449e-01
9.986315247527348671e-01
1.008895554950195450e+00
9.843425264335564639e-01
1.007160897466864657e+00
9.916700011219670152e-01
1.014421217285089050e+00
9.896791440656022010e-01
9.930199081217205848e-01
1.012140707759911828e+00
1.004221077320432531e+00
9.959933971736424363e-01
1.001065572318893704e+00
1.010038509749595415e+00
1.002120663584058491e+00
9.970807530751797376e-01
9.920712486911709149e-01
1.005735304217187487e+00
1.013079809537040354e+00
9.977229486242726875e-01
9.878692704156295523e-01
9.928243181528734196e-01
9.952240602462989472e-01
9.914310310002946158e-01
9.865980466413045713e-01
1.002596274160282519e+00
1.001330922394144007e+00
9.910154819525867076e-01
1.013383100345466303e+00
1.007686573085583293e+00
9.899251764146226318e-01
9.979384220296695363e-01
9.937606965051699603e-01
1.007185430381223767e+00
9.905960761708376694e-01
1.002572985665773020e+00
9.971202664150643491e-01
1.000150205714468443e+00
9.865760352755829077e-01
9.987617769167969062e-01
1.001884784432703235e+00
1.011104938768380146e+00
1.012568866608170692e+00
9.946353242835228592e-01
1.009524994255110775e+00
9.995405960309845517e-01
9.970594397269468834e-01
9.958756989305667107e-01
1.006901880410610461e+00
1.004314890122952386e+00
1.012451189833925458e+00
1.007831793370572049e+00
9.893448578001879934e-01
1.014357899625462522e+00
9.950917241105549094e-01
1.006640425836558883e+00
9.998684561710237118e-01
1.012445032738649608e+00
1.001640442613754178e+00
9.923568658097037254e-01
9.972238072780215123e-01
9.901390000725487361e-01
9.966609350864452654e-01
1.019590087589975491e+00
1.006115104733113386e+00
1.010691008196193064e+00
1.011417673611572088e+00
1.001966236727924953e+00
9.937109124828287232e-01
9.965529333215197294e-01
9.929038183674980811e-01
9.955770839171199649e-01
9.957501080657382708e-01
1.009390378118261600e+00
9.960826469784712645e-01
9.917826077079499036e-01
1.012657191843598703e+00
1.019155906160881031e+00
1.005036716712305767e+00
1.018128935868681806e+00
1.001851650240578095e+00
1.001070857901664946e+00
1.005155602319125263e+00
9.929713228362428978e-01
9.826694822797038542e-01
1.015972642445088558e+00
1.005345355204022351e+00
9.920730763337666236e-01
1.021877874574677492e+00
9.984124690349873710e-01
9.996698698833351715e-01
1.011700254986556580e+00
9.925357298113033355e-01
9.918161137633738633e-01
1.023915728954193360e+00
1.005458377229272449e+00
1.007313764790638499e+00
9.765388127456600120e-01
9.946380896012776418e-01
1.012589448419304983e+00
1.008917199906004258e+00
1.007812230181924562e+00
1.012755172552623151e+00
9.974637964382440103e-01
1.006756037009969074e+00
9.758830603281657412e-01
9.799068118616005574e-01
9.894025396050599719e-01
1.002101110152088026e+00
1.006683491698866728e+00
9.960895331833898858e-01
1.003384335163673535e+00
9.886794801336187266e-01
9.926150678339763500e-01
1.005079760104430342e+00
9.822872288556953047e-01
9.954568982551604828e-01
1.007905300811454907e+00
1.016101474941168314e+00
9.963237215059587149e-01
9.918259066887935571e-01
1.006258584917282040e+00
1.005630144343934607e+00
9.911820227031852282e-01
1.010152152314749641e+00
9.884055597568500717e-01
1.017429550821699946e+00
1.011898240865279686e+00
9.941403207515178142e-01
9.908188487425189095e-01
9.988781101264747608e-01
1.017573981178259368e+00
9.880314071274299836e-01
9.789762743292089731e-01
9.974999414149875454e-01
9.939484127136435365e-01
9.973247296990346289e-01
1.002615664511061322e+00
9.982046366595517251e-01
9.694161624072207273e-01
1.007916234214225826e+00
9.891106539021925492e-01
9.921596458167479815e-01
9.907558003641637745e-01
9.848231611326216939e-01
9.918258387023540790e-01
1.013859883954060459e+00
1.002175008092919262e+00
9.871420394263730191e-01
1.014532535195356466e+00
9.840612013960480242e-01
1.010274206255233231e+00
1.002379367631066609e+00
9.854676683554786099e-01
1.003094613909932153e+00
9.775619358826951322e-01
1.005542682079129557e+00
1.015339192600608564e+00
1.006386486400520974e+00
1.014486682726141620e+00
1.004927500880244073e+00
9.971023293000577103e-01
1.000580210459982133e+00
9.937038014323492652e-01
9.975059754944844981e-01
9.869962618489162010e-01
9.874094712725359768e-01
1.003200000514314683e+00
1.001599081664536373e+00
1.021407857041151779e+00
1.014670214368506240e+00
9.946368297510737033e-01
9.884001174317925686e-01
9.984517559890964122e-01
1.001403658546352826e+00
1.004853206964967161e+00
1.013410816345688303e+00
1.009364252887527735e+00
1.005881489491270209e+00
9.782609061643426918e-01
9.996273247697856634e-01
9.923898651133157278e-01
1.014409365916757899e+00
9.855148544867519123e-01
9.954976836649117589e-01
9.954094907183616003e-01
9.867565632965650257e-01
1.000142963260868045e+00
9.978174112041606758e-01
1.003600280222709307e+00
9.979540051653881250e-01
1.007886963781567946e+00
9.936713700515861225e-01
1.002900937968976836e+00
1.007007905315482788e+00
1.009600923957091556e+00
9.755029391760678958e-01
9.985724568802712975e-01
1.003847502339028308e+00
9.760770607671955812e-01
9.804514520496296903e-01
9.829275254396127037e-01
1.000697894090455842e+00
9.854978375411929115e-01
9.882845160606681389e-01
9.958117991641957101e-01
9.907219526858231928e-01
1.000051952554568802e+00
9.860144150964829102e-01
9.803782027338940885e-01
9.789305742073231009e-01
9.980499178677620931e-01
9.975596188290160038e-01
9.820509711998147706e-01
9.785864767495464633e-01
9.840918901899373683e-01
9.970354685946947182e-01
1.002179512157341357e+00
1.006948455849698387e+00
9.892277306028632866e-01
9.724822965595173452e-01
9.888252929115813883e-01
9.807615416430180977e-01
1.003476301890655176e+00
9.867040096528494342e-01
9.718992010853558794e-01
9.786262244986358994e-01
9.955012747393604533e-01
9.747451181239010776e-01
9.949412528208085860e-01
9.845966981236861093e-01
9.908196911211669677e-01
9.928296848176741962e-01
9.917565206231334640e-01
9.684392414080937872e-01
9.877519170733207732e-01
9.800589070558357596e-01
9.923215633337979513e-01
9.839934747843344098e-01
9.921588981415930819e-01
9.909456040260854470e-01
1.002471662007718978e+00
9.784085697713710283e-01
9.894713018516263503e-01
9.888093197480603003e-01
9.801131524348664081e-01
9.614222077893244123e-01
9.874247088408758533e-01
9.767767791109926989e-01
9.841487337245917733e-01
9.926772482568962941e-01
9.904921154628080204e-01
9.789341899915240397e-01
9.925197027725677357e-01
9.664924069815562513e-01
9.790436088844139961e-01
9.705833210385892418e-01
9.985199602290533161e-01
1.000420614760044291e+00
9.986827402251131636e-01
9.859033889536243933e-01
9.819990354507059926e-01
9.668350848957117938e-01
9.952446640119450016e-01
9.801161178699048238e-01
9.984433284351635907e-01
9.865662616407424590e-01
9.996513507167557044e-01
9.859207628921525801e-01
9.595811674354668419e-01
9.869295076533070032e-01
9.859544167216923727e-01
9.985194852912568919e-01
9.831038858923740742e-01
9.712044533254622358e-01
9.935286340188026477e-01
9.701935044962348709e-01
9.773007792230534729e-01
9.727395125805516907e-01
9.749754421410785632e-01
1.007134386198197618e+00
9.928828007082717289e-01
1.003166859753223061e+00
9.772006551841659894e-01
9.879251385111340600e-01
9.882920863159789793e-01
9.779996344674084519e-01
9.605332035659915890e-01
1.005956932698522932e+00
9.867199914675398587e-01
9.870541660288453256e-01
1.005191662915539741e+00
9.859365928818648595e-01
1.010669147284193325e+00
9.778061578845471669e-01
