# data in one-minute intervals
9.708850281611767219e-01
9.221766022268544916e-01
9.784326709556014912e-01
1.057501978479490568e+00
1.170809299875532394e+00
1.063451175950591132e+00
9.544883773185505182e-01
9.683792951010493644e-01
1.095534225207298817e+00
1.057026063215006362e+00
1.048253159098461396e+00
7.850861198261567253e-01
1.049059651049745412e+00
1.022132006046271080e+00
1.140483485937339170e+00
8.870432859865631237e-01
8.874353252899438438e-01
1.020270899371822360e+00
1.056258604707283943e+00
9.390380265319656639e-01
1.027521529167921832e+00
8.771035858981303113e-01
1.047026696109405020e+00
9.086423750969085944e-01
1.162905631615528623e+00
1.004743022268472119e+00
1.031687098585105655e+00
1.190411208646773078e+00
1.062998657170956873e+00
9.249887821256116416e-01
9.736604191495448202e-01
8.873417406498731452e-01
9.829794660925347261e-01
9.236179202458458803e-01
1.040741218994749806e+00
9.878991238520217211e-01
8.227689953661850852e-01
8.739681707290370971e-01
1.024134912817346477e+00
9.950882360705257668e-01
1.006601454791712813e+00
1.037212813659945221e+00
1.134244315446369500e+00
1.066235674706013992e+00
9.300435782236938786e-01
1.177692396068450664e+00
1.031120687321233742e+00
1.090661304077335636e+00
1.074429111562885453e+00
1.048563184667294923e+00
1.047744491616255935e+00
1.186131273450150569e+00
9.466617691789631639e-01
1.008153719322612885e+00
1.133614602227263735e+00
9.302886137330295124e-01
9.153133399095949585e-01
1.144558998313752518e+00
1.028688595757736080e+00
1.060586337719396477e+00
1.104628544132810308e+00
8.335779253993933491e-01
1.020961995073798478e+00
1.040450385496334507e+00
1.001088774115766800e+00
1.079342126042175831e+00
1.027364576956938835e+00
8.854004291904532531e-01
1.155847092804118681e+00
9.880933912577366529e-01
9.939948432068108630e-01
1.079757305723519245e+00
9.337526715528748911e-01
9.192594463994913090e-01
9.765884702905150982e-01
1.118707413351289537e+00
1.100337782415920618e+00
1.023289428038906435e+00
1.080124968410755226e+00
9.251442977954072999e-01
1.232735185564852287e+00
9.117854301690713203e-01
1.065260767645380469e+00
8.215330116749548495e-01
8.714565318680003170e-01
1.122987144828897055e+00
9.234733931756982095e-01
9.913286679943029700e-01
1.056204393016381582e+00
9.883505222950144109e-01
9.412449915932185052e-01
1.073535844399179817e+00
1.023616617033076492e+00
9.401951895237348200e-01
1.031115314561581231e+00
8.901466248643903345e-01
1.168005669094280385e+00
9.818392704353948730e-01
1.153859894879507797e+00
9.913588361065522880e-01
1.156996338251788048e+00
1.018571274288554207e+00
9.699993987132445872e-01
1.016682737995031616e+00
9.401743965077722365e-01
1.099296464541661189e+00
1.094175319774399524e+00
1.171208193154911870e+00
9.306097163545971052e-01
7.911992559959505344e-01
9.330615436586386924e-01
8.682047945542297196e-01
8.345661287640677717e-01
8.722466303017437639e-01
9.591162106272463905e-01
9.837668054115721317e-01
1.120207729024418120e+00
9.191218893805930268e-01
1.138976692674315450e+00
1.033008141644717437e+00
1.041315691141722066e+00
9.513833723598565939e-01
9.769162089489762391e-01
8.255268199395514594e-01
1.019560431855224714e+00
1.182536306874352405e+00
9.550883858171612673e-01
1.049834205149735578e+00
1.222573354657907174e+00
9.446946778042876192e-01
9.660252714527437501e-01
9.209194700756850871e-01
1.230964900823634967e+00
1.103433431600602255e+00
1.021470535281834291e+00
1.035651249241871463e+00
1.109131697883624756e+00
1.011204745535277061e+00
9.942183219405901218e-01
1.069176845620503968e+00
1.008361601101819938e+00
1.009668051954516033e+00
7.699123104771717907e-01
7.657350022501291376e-01
1.032621967985046352e+00
9.225848368433857694e-01
8.694510553555137022e-01
9.082916009107371291e-01
9.266636045009392086e-01
1.042555907859008313e+00
8.910944102758890928e-01
1.267783581805569382e+00
9.775353519087253140e-01
1.043510378317245690e+00
9.873879274885908330e-01
1.135748591855312739e+00
1.045424001902075295e+00
1.075882963893718403e+00
1.072062217491422054e+00
8.606654509471921566e-01
1.092084468901088679e+00
8.334572045809931495e-01
9.790008806531632635e-01
1.020273235218082331e+00
8.840191623990724112e-01
1.143206256701009060e+00
1.214953126597127397e+00
8.525651557178662854e-01
9.309597331413332899e-01
9.761163051758917630e-01
9.183896849104797866e-01
1.035882092516807518e+00
1.042598389852842145e+00
1.045239065941084622e+00
9.344424392691378367e-01
7.765573840056517740e-01
9.208938160041235665e-01
9.835325292668335440e-01
8.780492059072783073e-01
1.051203132484652913e+00
1.030242201418576808e+00
9.003719856885858963e-01
1.048537910465258571e+00
1.049193558031866313e+00
1.045211193849697517e+00
9.964012377074719096e-01
8.687548143945071910e-01
9.483509430013891128e-01
1.125952816941741430e+00
9.733428492062913273e-01
9.959980926117126820e-01
1.079132764362349173e+00
1.038784702048519026e+00
1.032158057195353251e+00
9.228751373469123997e-01
8.921578405590103733e-01
1.186658787668016357e+00
1.104848531297790926e+00
9.297510125782213475e-01
1.069160939810040567e+00
1.015953147376640553e+00
9.641454327098399890e-01
1.066658992903467995e+00
8.499356196801816088e-01
8.002861118948801922e-01
9.540784662940057226e-01
9.252042957204503759e-01
1.190028697286287684e+00
9.870340290614905143e-01
1.142076984024199549e+00
9.427447803124091585e-01
1.115561778248150171e+00
1.000249911855255025e+00
8.853829407746977020e-01
8.492700434862103798e-01
1.037713092594026776e+00
9.677624752724106605e-01
1.015486635038661101e+00
9.297616341274418383e-01
9.419460183818084698e-01
9.154567707281557887e-01
8.848511997067055601e-01
9.372738568397050996e-01
1.112720113042342529e+00
1.080080606487664463e+00
9.568738704464918587e-01
1.095022925576966344e+00
1.008647855849700292e+00
9.615261231182760104e-01
1.007284832100750593e+00
9.411614351853514471e-01
1.115208838900293209e+00
1.087778344593618440e+00
8.179464138956927810e-01
8.499425371157117715e-01
1.097202519888369476e+00
1.014745007432819701e+00
1.020865521834369627e+00
9.963812703965768680e-01
9.192574350046482934e-01
1.020273430870173970e+00
1.224337117962297716e+00
1.051036361868209923e+00
1.025017325886278474e+00
1.050292490474550533e+00
1.168162631772577953e+00
9.241551334845228283e-01
1.205206383922703406e+00
8.203063003188220126e-01
1.007072874970988297e+00
1.117575804050742860e+00
1.098718643911439363e+00
1.020348469841331429e+00
9.642164441641787320e-01
9.874533365515687500e-01
1.190124627738314622e+00
8.972400777470397326e-01
1.027282360244164972e+00
1.081807205084137635e+00
1.058829474138743620e+00
1.090509288570360003e+00
1.065479313744729151e+00
1.026853415925382595e+00
1.002711893769194340e+00
7.372065492991319857e-01
9.056686150193442586e-01
9.714115574945400011e-01
8.338802547609494020e-01
8.094888929080925610e-01
1.147184849748374313e+00
7.522789481159626312e-01
1.138328684156574511e+00
9.165935485766685265e-01
1.012813607911831282e+00
1.030835977533114622e+00
1.163416979074892277e+00
8.934311595449480059e-01
1.082549260957341941e+00
9.883886419810563595e-01
1.068682628973479876e+00
8.823045127856566916e-01
8.602327919013192936e-01
9.805945794814707739e-01
8.255007950954068585e-01
9.134038660084080608e-01
1.006709106055749592e+00
9.618971648297734989e-01
1.042105958438276359e+00
1.008901821938376520e+00
1.026727187754256088e+00
8.744496102365230117e-01
7.223960515000699134e-01
9.450551404456377647e-01
1.024961067073522303e+00
1.072770059810818521e+00
9.569760124870997364e-01
9.986597526699279026e-01
1.112241480713319408e+00
1.065268656825711924e+00
1.243275414874543294e+00
9.627881181654704967e-01
9.186911527525349896e-01
1.072060703374239976e+00
8.217965893592904525e-01
9.191963347367348991e-01
9.696383651238791312e-01
9.759215401944432156e-01
9.887113727274907671e-01
8.484669905857284977e-01
9.869449152321374541e-01
1.109554641437191069e+00
1.387576353758978476e+00
1.041794997667228051e+00
7.749755724144774538e-01
8.821370122723020124e-01
9.474034937175030979e-01
1.067221449994317783e+00
9.524541287695423852e-01
9.920703688729543002e-01
8.004509575476570493e-01
9.874987928694083372e-01
1.131963964886347984e+00
1.119431403363173816e+00
8.672526824652644351e-01
9.798663070173462275e-01
1.048193080719377113e+00
1.044807341694438341e+00
1.161747396212017502e+00
1.009567080538109396e+00
7.822676448334321408e-01
9.892888331658832302e-01
1.194085893509220675e+00
1.070576039861237616e+00
1.090630202300652885e+00
1.085254975764953667e+00
7.928847873545716851e-01
9.540273301182732313e-01
9.500568105142452868e-01
1.127368802809596726e+00
9.831759318555337579e-01
9.748817990485014739e-01
9.431111424428841872e-01
1.001610141789996966e+00
9.946139430773692780e-01
9.165666045968401399e-01
1.083229367580793578e+00
8.385861844645214891e-01
9.767124340186971176e-01
9.755825418546271166e-01
8.998410165975274655e-01
9.555287470671660621e-01
8.742847152557085000e-01
9.162574465277585345e-01
1.003596568974260972e+00
9.502194085997495154e-01
1.095337078069723136e+00
9.547985733480237602e-01
1.070861128684284180e+00
9.064793291090580407e-01
1.040364192164251911e+00
1.088122409276899516e+00
7.457228841840202183e-01
1.093139726767091258e+00
9.552163008391785226e-01
8.639244550612874551e-01
9.814424693558455592e-01
9.369067233814876161e-01
1.051597199778029790e+00
1.128441347088765756e+00
8.686825448062767130e-01
1.108001513511202241e+00
8.048746936611647085e-01
1.108754711471512389e+00
1.142014363744379368e+00
9.496815438024595046e-01
9.792137838152801255e-01
1.109813580760563578e+00
1.194276741049520751e+00
1.019807118662082068e+00
1.084502313012980501e+00
9.759814524685267445e-01
1.049836658972476577e+00
9.505828975339293274e-01
9.214153883629259134e-01
1.153970146867410840e+00
8.402916714373682705e-01
9.754510323517697756e-01
9.838337274269396415e-01
9.726359276655528463e-01
9.682400023385149268e-01
9.237560804940938564e-01
9.948582194547495039e-01
8.806173719156286106e-01
1.131500834171483616e+00
9.891687495658338936e-01
1.107813357113639485e+00
8.632026315589235166e-01
8.821134677164020887e-01
9.412231266125248297e-01
1.082780436018032200e+00
1.034190681339043127e+00
1.149956889329907028e+00
1.153547513546384184e+00
1.185101037235821941e+00
9.868691035082387542e-01
1.041437193028109887e+00
1.223560106840832828e+00
1.007196307624062648e+00
1.070699609668523511e+00
1.105737953276755281e+00
1.062836302518848752e+00
9.914955933535086752e-01
9.794835750220874937e-01
1.037024458324578680e+00
8.487799252702901143e-01
1.076682534513133671e+00
1.134521468867007554e+00
1.107779742690656821e+00
1.032473828782176195e+00
1.051697387839129805e+00
9.962969539022723531e-01
8.900659222597878673e-01
1.061729527179704702e+00
9.924400034474891719e-01
1.011975951728118162e+00
1.126253087563652944e+00
1.042240088763614958e+00
9.236779527339797902e-01
9.000168290499446222e-01
7.935584214731817854e-01
1.069302004507474813e+00
7.358687364935068143e-01
8.408549819828284866e-01
1.107574940677655828e+00
1.104317417156455816e+00
1.048187527597614910e+00
9.650575030444300539e-01
9.547862150350268085e-01
1.089437116197773836e+00
9.234038573920124726e-01
1.205329227259500202e+00
8.563477056536012988e-01
9.853711470705540654e-01
1.032732018884073177e+00
1.098462158196245486e+00
1.002922786926943255e+00
1.069240579452805040e+00
1.220598709058687614e+00
1.040699036540636335e+00
9.799883709499584983e-01
9.568912702597653919e-01
1.043937976574172088e+00
1.023337938370429967e+00
1.087532685937983468e+00
1.026511464235910331e+00
1.172045875383578739e+00
9.732890763074755203e-01
1.225018120289173451e+00
9.691531265050177257e-01
1.039845115980557511e+00
1.213565561677528937e+00
8.782207135466916226e-01
1.089398740629027085e+00
9.508442089261002206e-01
9.741479068053119361e-01
1.061292269323383497e+00
1.036913443363383536e+00
1.048472058443012278e+00
8.952571161632327801e-01
1.197718122655759165e+00
1.048501640142654789e+00
1.054503112229842943e+00
8.844439618663081371e-01
1.033025098461501701e+00
1.042869897953161873e+00
1.077784968307006208e+00
9.691090256543091197e-01
9.679054956940570387e-01
9.505253645466463785e-01
1.122838099245302201e+00
1.015525154451333512e+00
1.067478939854789477e+00
1.017833593786441115e+00
1.133633825184314547e+00
1.069966545779373668e+00
1.023081702641209123e+00
8.751775176787315313e-01
1.157073224739809225e+00
1.070561872624383959e+00
1.158226141169029999e+00
9.650896528797693330e-01
9.608949355005369508e-01
8.766598541997167038e-01
1.035772158754181049e+00
1.005950756608493091e+00
7.745720345989326461e-01
1.004176026489546070e+00
8.238285265617688591e-01
8.215141971660756548e-01
1.111846969435447363e+00
1.157357171684607833e+00
9.527745911067084794e-01
9.445981474303287717e-01
9.651996195576342252e-01
1.023295251550854434e+00
1.049168365786143475e+00
9.597450818176977982e-01
1.037836699616555780e+00
1.162885264117892170e+00
1.066482603899955084e+00
1.058207884462144310e+00
9.341532753182643090e-01
1.068401920600311916e+00
1.132487951186724295e+00
9.764736239237532534e-01
8.671474665717969765e-01
1.033187719582856490e+00
1.015133645513074834e+00
9.505151055555547401e-01
9.060982552304072124e-01
9.796695034585501949e-01
8.273371169219597698e-01
1.112107721450025677e+00
1.025889403815218426e+00
9.120256449579240421e-01
1.073230277704405378e+00
1.108359008038833915e+00
9.442002675563623271e-01
9.555711493100339515e-01
1.001050273551474579e+00
8.853202121099618127e-01
1.022999193214401137e+00
1.123196230505451032e+00
1.135107640465804701e+00
1.019481325530424920e+00
1.149340510589345943e+00
9.486092745269102400e-01
1.053142996038881396e+00
1.042134582904235662e+00
9.865283888711614546e-01
9.816434050399830413e-01
8.763062993505986720e-01
1.123593355022684426e+00
1.039116854303543391e+00
8.983956202866183460e-01
9.881872330720420372e-01
1.107992459746138803e+00
1.115564534563697752e+00
9.484734963637666549e-01
1.210243507101376181e+00
1.038119339546146325e+00
1.020918019766527074e+00
9.414992636541269500e-01
8.672911217880746593e-01
1.015099847746788075e+00
8.658198882396676010e-01
8.984422810457493025e-01
1.090803020307925530e+00
8.784078314009859945e-01
9.600536405312150023e-01
9.328786750822599672e-01
1.214899103406036129e+00
9.845513415062873142e-01
1.140820340912728437e+00
7.833576098199686033e-01
9.420917689868069100e-01
9.582236545966170693e-01
1.128720539192916261e+00
9.808075291428153264e-01
9.823701292357451820e-01
9.292899562277896486e-01
1.025749224503759383e+00
9.447290550840987677e-01
9.885044347939774267e-01
9.657693839543893821e-01
9.691097510073369836e-01
8.844909186642319066e-01
9.511558366692469679e-01
9.903513444728936355e-01
9.274755778677824525e-01
1.000247180332920482e+00
1.095402952818115061e+00
9.478245547300552243e-01
1.033902950207302940e+00
1.026423012422051029e+00
9.181328731271077848e-01
1.003674958597856604e+00
1.124185924234111456e+00
1.096152160296627764e+00
8.322376246504520347e-01
9.813104441042697079e-01
9.735623258469736641e-01
1.111571386952239227e+00
9.156460415490478288e-01
1.138050006020712823e+00
1.132863801289372807e+00
1.005246598432604221e+00
1.226776692882995956e+00
8.666379013687388611e-01
9.210263854238970316e-01
9.275077409494059122e-01
9.143932228146314234e-01
9.523815724597699539e-01
9.250989944028383816e-01
1.001226008095822406e+00
9.314488817142233534e-01
9.897391116603015959e-01
9.335319638512360463e-01
9.623443456535624163e-01
1.110155749104332124e+00
1.028618912768681115e+00
9.597361791043155232e-01
1.049545326729164563e+00
1.065648398848143774e+00
1.091794412685171523e+00
8.891195672845240150e-01
1.105911429449734751e+00
1.085353653025335152e+00
1.098536135148669324e+00
1.006221421631187107e+00
8.740678090096463126e-01
1.160707928845792658e+00
1.048649450252181703e+00
1.000994496109039789e+00
1.025497748238080042e+00
1.073431565579624269e+00
1.020995583324509681e+00
9.040049125529582286e-01
9.545798699475298577e-01
1.026171217898266708e+00
8.628939904993417898e-01
8.924278772072327115e-01
9.850000674917154253e-01
8.205465519314881773e-01
1.040038952246223891e+00
9.464450189768754962e-01
9.563999695996878714e-01
9.649299550883008170e-01
8.750109383960622544e-01
1.242386383476603795e+00
1.003523275038474161e+00
1.268003696958070803e+00
9.469154415042129180e-01
1.162350067701664269e+00
9.773615389643937057e-01
9.368714085166787164e-01
1.094996332385702154e+00
1.010735780304925724e+00
1.010428367946526018e+00
1.095085238813036543e+00
1.093641150719749877e+00
8.666852106272614487e-01
8.780154814373961614e-01
1.001593446446238378e+00
1.014193260160865417e+00
9.463754262411748774e-01
1.002961025950919849e+00
1.128157399759140089e+00
1.006642349903575928e+00
9.783228258072648176e-01
9.552546077459326268e-01
9.097845820568668529e-01
9.178121535988830182e-01
9.188538322472544762e-01
1.015559458562782513e+00
9.816011787252225673e-01
1.104395417011407643e+00
9.798320923018905004e-01
9.948980933519310232e-01
9.778939700906049692e-01
1.032416520780240488e+00
1.093074416043905650e+00
1.050800654880295282e+00
8.418558618624693013e-01
9.457807838687793955e-01
1.118145087816452277e+00
9.632404962523811731e-01
8.229266815417735081e-01
1.183492931357325473e+00
9.619530475214774778e-01
8.975984130609451217e-01
9.282798210657086102e-01
8.404965287960367570e-01
9.174884923140366189e-01
9.233279127191731384e-01
1.151942827664011793e+00
8.704066008677388000e-01
1.092391660398890130e+00
1.077232600455029221e+00
8.997007623887474104e-01
1.041870804837014886e+00
1.007492233420233863e+00
9.884707363194196184e-01
1.001407707290012494e+00
1.022271605091501057e+00
1.014205348930516060e+00
9.303750515632801532e-01
1.095079392496469239e+00
9.417245808341423441e-01
1.161289019432027558e+00
1.260289867259682062e+00
1.026083686463325151e+00
9.202392114909964116e-01
1.073712376989911288e+00
1.024523040954278708e+00
9.886792364836930469e-01
1.056826096385385050e+00
8.107915739280397993e-01
9.963460121139230408e-01
1.146339750141682767e+00
9.580394624235636369e-01
9.922862684637946407e-01
1.016026307072613433e+00
1.089510181485781048e+00
1.110037360366457282e+00
1.120185189175855189e+00
1.082167504755944254e+00
8.474330563425600538e-01
1.120287096820257400e+00
1.119989859051204517e+00
1.049551333863544045e+00
9.732586921688729520e-01
1.192930839847604396e+00
1.000689144806358177e+00
9.249912413157572733e-01
9.596679543546323687e-01
1.073459852682284943e+00
9.179194740201400693e-01
1.037626399510134911e+00
1.017697577383633867e+00
1.134770296391265587e+00
1.057839515239545225e+00
7.615314212579166187e-01
1.044216925681730856e+00
9.020152041922111508e-01
1.147820955349044825e+00
8.438261814764108637e-01
1.226677051828501286e+00
9.690403951829574813e-01
1.061066762918083217e+00
7.380133049894248565e-01
9.714592893433948717e-01
8.781079647005504141e-01
1.054277762674802776e+00
9.767742037763403884e-01
9.672344599693390998e-01
1.031649750698194978e+00
1.056121423439515539e+00
1.150712633980524036e+00
7.705337286985668444e-01
9.964933571566443327e-01
1.083383267178890774e+00
1.091427949259985430e+00
1.087374111376928187e+00
1.219423456229590030e+00
8.674240077612831445e-01
1.051443813048756226e+00
1.055628190647292408e+00
7.573253046680199496e-01
7.779384926656451871e-01
9.906195429635100691e-01
9.045421465857520493e-01
1.211934821400153073e+00
1.071527968804080855e+00
1.197764128960442376e+00
1.151580966699837782e+00
9.577592873233374826e-01
9.424630289683569861e-01
1.084246612375297181e+00
1.005517746002499546e+00
1.086831055431665138e+00
1.116014255160503676e+00
8.353217531733101442e-01
8.692533841142735529e-01
9.837078088843841384e-01
9.730244781687094058e-01
8.701987463752868246e-01
1.039804839350712218e+00
1.035842588413573573e+00
1.106488808024605808e+00
1.099287713600124672e+00
8.037775587815699785e-01
1.073446147130830530e+00
1.138686833841752399e+00
1.103437653725239276e+00
1.109664205303674045e+00
1.025228764879001719e+00
1.076566778532007440e+00
8.934819959441473447e-01
1.061481255669239010e+00
9.619440536281566034e-01
1.055813021693793985e+00
9.108312595533288869e-01
9.433098963758477229e-01
9.067426759460326391e-01
1.113763221792929414e+00
9.235941920382462200e-01
1.101982080919843732e+00
8.713191557599980763e-01
9.157562349856236406e-01
9.270242929723695458e-01
1.078878080036268949e+00
9.837307839795843556e-01
1.003966757495609707e+00
1.006015047649856164e+00
8.788767101978949281e-01
9.043633214432199585e-01
9.358775628297161253e-01
1.089749784642894959e+00
1.078564441065889667e+00
9.648618126453121224e-01
9.970434067225967256e-01
1.057564097722090590e+00
1.190685326615918083e+00
9.561392664809411635e-01
1.055999630976621306e+00
1.006693651915948839e+00
1.158841018319821892e+00
9.912852418013121669e-01
9.424424496785192007e-01
8.209403669517804092e-01
1.053716361636781951e+00
9.696906961299393002e-01
1.128509562109206499e+00
9.053344142095990366e-01
9.472321538414305575e-01
8.921197498023270001e-01
9.718760190647933728e-01
1.080978939029549224e+00
9.951430865536864401e-01
9.497220178740068963e-01
1.026892940458171255e+00
1.022775547178680577e+00
9.813719679499625093e-01
1.106796960339894831e+00
1.023952403970655789e+00
1.245975112821156472e+00
1.014789845726237427e+00
1.040435708701349382e+00
1.091159425082214973e+00
1.144588207611719755e+00
9.120737190891249346e-01
9.117932571960969401e-01
9.228481596756050731e-01
1.054772565468518275e+00
1.001962281522782217e+00
1.022644255577286998e+00
9.836128880030472477e-01
1.176283036608929633e+00
8.333511772069531753e-01
7.642204396616063544e-01
9.115908022216042683e-01
1.034262633838258783e+00
8.877955400742324477e-01
9.405040504832988812e-01
9.397388998749679478e-01
9.897883730540769642e-01
8.408094318058237926e-01
9.954523844350267048e-01
1.201237605326382019e+00
8.854255224694829174e-01
9.688646028579235292e-01
1.131286895214258958e+00
8.144411436261690396e-01
1.007124407422163026e+00
9.920671725586409639e-01
9.778975037475302612e-01
1.109459356490476445e+00
9.260229499640351136e-01
8.846810388507260203e-01
9.044279144458942099e-01
8.689419950417349714e-01
9.793544815595264241e-01
7.939532722161128930e-01
1.023552503702821692e+00
9.438379406917404291e-01
9.770763675552995853e-01
9.298976313641897917e-01
8.518061976398434432e-01
1.144663530665325446e+00
9.366089185016015506e-01
8.914272655039127136e-01
1.006773108777764714e+00
1.134448918479110002e+00
9.848931268599447897e-01
1.071116776215247368e+00
1.021176319323928938e+00
9.939819008516376231e-01
1.005121986857184124e+00
9.499742751102596694e-01
8.185785673739010004e-01
1.064934806389827626e+00
1.023069354985442159e+00
7.755959848110401955e-01
1.124175263636196798e+00
1.020884911383964644e+00
9.649549086722832847e-01
8.947860524600060872e-01
9.654768854051136717e-01
9.624647513517738950e-01
1.042542425479648704e+00
8.841383526679619242e-01
8.685333382787493450e-01
9.396941861491634462e-01
9.864784721661071787e-01
1.186790260702142330e+00
1.011172915259220595e+00
8.360532574768558822e-01
1.048157355039224692e+00
1.016301305825771939e+00
1.108600293039456730e+00
1.042974784302121982e+00
9.599897081295506451e-01
1.047854361706105353e+00
1.038380134290733059e+00
1.090562540366746269e+00
7.658931259598787955e-01
8.796721732732717403e-01
9.940650814530952450e-01
1.024317670062405483e+00
1.141752157014922497e+00
1.053081852562674392e+00
1.104156045443708489e+00
8.285827107210896880e-01
1.067692440733301940e+00
1.084421416814873362e+00
9.206470226889321706e-01
1.051420467070830700e+00
9.671660617222952450e-01
9.699571156037024577e-01
9.367678409910487058e-01
9.761612262435204190e-01
1.094353526400281940e+00
1.022890789149863311e+00
1.151230621180421299e+00
1.025961119112512421e+00
8.223344572484180270e-01
9.165027902231855927e-01
1.095491772639731298e+00
1.087089429264114671e+00
1.046899011442289584e+00
1.013972425479565453e+00
1.158520456735170123e+00
9.377012934647361853e-01
1.121340825650121165e+00
1.022384297936454800e+00
1.059103219459183842e+00
9.303096676048687730e-01
9.605737734391185390e-01
8.401134500134027627e-01
8.507707682121009585e-01
9.774981222903211808e-01
9.349515588218118012e-01
8.204439175904965076e-01
9.453787805223399232e-01
1.132773627151797191e+00
1.007716227035094114e+00
1.116618944854583795e+00
1.166822456646548378e+00
9.582068181025854559e-01
9.359112436175098804e-01
1.070735043946585918e+00
9.341536519360192914e-01
1.041927990705923124e+00
8.792575391455560441e-01
1.081556512927998259e+00
1.144969944333960488e+00
1.129465291291186224e+00
9.750670722091082654e-01
1.200464193068163876e+00
8.357947749011407357e-01
9.683642343474561098e-01
9.513356017685623556e-01
1.159186294715598420e+00
1.270840956833325652e+00
9.965340520797724144e-01
1.046103993131002996e+00
7.585099301794596682e-01
1.030100629824332703e+00
9.435831838250109405e-01
1.066462115375288677e+00
9.284850714576975417e-01
1.092239885897174023e+00
1.177645270049082038e+00
8.297226124773767753e-01
1.064666570866732886e+00
1.039755226306147362e+00
1.024648784753165343e+00
8.623104969905006634e-01
1.196030871463359402e+00
9.672156221523504627e-01
8.771354388996893681e-01
1.003358603198034604e+00
9.394914494130214289e-01
9.610890700651334440e-01
6.639100272680846793e-01
9.171647422135358330e-01
9.476139117551620750e-01
9.548539566690760205e-01
1.018997804762139969e+00
1.052184088911255921e+00
9.050620992765850970e-01
9.874915372232435651e-01
1.028804818571612989e+00
9.697932059172713615e-01
9.703743253131995594e-01
9.479880538851179761e-01
8.635922152693088494e-01
1.367767481893270354e+00
1.033175675458378961e+00
9.393823257993030307e-01
9.705019311178473274e-01
9.104110043359547877e-01
9.424916118059687431e-01
9.443831463087594136e-01
1.127272502974100421e+00
9.732333665561776481e-01
8.708039184119322762e-01
9.882384420690601967e-01
9.731158994896730308e-01
1.177549060727519192e+00
1.050712674395742452e+00
1.075459849822690384e+00
1.031217790893180775e+00
1.060812978150372565e+00
8.474505311770323956e-01
1.179104492977443241e+00
1.145850403833434061e+00
1.067286414336884315e+00
9.159372008359730755e-01
1.034356670030967873e+00
7.884645685257833936e-01
9.261307094343284030e-01
8.206978685113847094e-01
1.008235727617322608e+00
9.128173419222987972e-01
1.017728565768171389e+00
9.173527583342868663e-01
1.000239506238796316e+00
9.937086962413399505e-01
8.772155091464393095e-01
9.077213907060845965e-01
8.563651940896412906e-01
9.621941188562047609e-01
7.760226452588798729e-01
1.030561768258713595e+00
9.384475281410793457e-01
9.450589519767303992e-01
1.120714385477707298e+00
1.044297852685798667e+00
9.560443843765736860e-01
1.080122767809630790e+00
8.568102852474520637e-01
9.319933229326715640e-01
1.181435892430988899e+00
1.064511669160648877e+00
9.154003599639506383e-01
1.173650112801958523e+00
9.745564529002304077e-01
9.225852631232803747e-01
8.343480861916008351e-01
9.247117844716536972e-01
9.562960526040220621e-01
8.650621914319077677e-01
8.539651114813624488e-01
8.730793518288859634e-01
1.037320023748896869e+00
9.911435447511184327e-01
1.044878043001144841e+00
1.128308545773617722e+00
8.901765519891838840e-01
1.055078617388740758e+00
9.422644041975254403e-01
8.766272861276911410e-01
8.957802649838539910e-01
8.811380313978276480e-01
1.125261212150821200e+00
8.974200045865254882e-01
1.040024031231856938e+00
9.682460163478945336e-01
9.740410109101698133e-01
9.705049762085484755e-01
1.207729483232540701e+00
1.126213976235451941e+00
1.043527897112202174e+00
1.028335858781197487e+00
1.062789490147999505e+00
9.693160791944395172e-01
1.100239951627724366e+00
8.894803616255284595e-01
9.529302651817255221e-01
1.107260562460354203e+00
1.079340212664858356e+00
9.665748664443922777e-01
7.829373959206774591e-01
8.986554487477913522e-01
8.063299742913863088e-01
1.027231036280360055e+00
9.651527641659536361e-01
1.085339054039409001e+00
9.740793069389171999e-01
9.602363194828805737e-01
1.015846470881691888e+00
8.492280103311908857e-01
9.171096793780415535e-01
8.207018605434649450e-01
1.169857485140838760e+00
9.074227411438571256e-01
1.213565973932352993e+00
9.266682259167069446e-01
9.901985710773778537e-01
9.555721059019720576e-01
1.225158576061378124e+00
1.056554169460687698e+00
1.073872113594732447e+00
1.065963946675647867e+00
1.038151275773790294e+00
9.553020756634973409e-01
1.069927682428600590e+00
7.722425514253351553e-01
9.835417018267088585e-01
7.825727409331247886e-01
9.844919297538267111e-01
9.626617499657995625e-01
1.050587234887272237e+00
8.952889846298076604e-01
9.719382605466225789e-01
1.025927990479750251e+00
1.085935447656007025e+00
9.291995806198383168e-01
1.160546684920463312e+00
9.243691283170881734e-01
9.913406417323332720e-01
1.066363484241150461e+00
1.062967550879729162e+00
9.163912225616093199e-01
8.951632433553941004e-01
8.663594059977851591e-01
9.909600155408611055e-01
1.100077284813205436e+00
1.191950612317310920e+00
1.015448531786342645e+00
9.516002954415608839e-01
8.603661168522119818e-01
1.142595677383872799e+00
1.001217728097880455e+00
8.782071930746178090e-01
1.086069078473157257e+00
8.605639080058749002e-01
9.215611442891061822e-01
1.056856764574477525e+00
9.838352864396572306e-01
9.666508083032373522e-01
9.884317238079149970e-01
1.130775512924752091e+00
9.918785862445431700e-01
9.559041211644484504e-01
1.160608348342878626e+00
8.676793340849220382e-01
1.049646715367986483e+00
1.059411349469689290e+00
1.083812943271214024e+00
9.365670491553620414e-01
1.022204697160808529e+00
1.010841090394148045e+00
1.061356923918055362e+00
1.058294092972861700e+00
1.065308220809537465e+00
9.684575149592153931e-01
1.023697182500676428e+00
1.010357260057865858e+00
8.919732030056264360e-01
1.170175452573248620e+00
1.021277602110431060e+00
9.961104808455635284e-01
9.648597961032386872e-01
1.013239715498471805e+00
1.040944813076138065e+00
1.161633391638325463e+00
9.511980257961838436e-01
9.899090961187804183e-01
1.078001601328067549e+00
8.588946326331132752e-01
7.978274333517451078e-01
1.037857386411075167e+00
9.863455445455695525e-01
9.566731062991463697e-01
9.052508028539527629e-01
1.113166202566220342e+00
1.028129921534895130e+00
9.113258162735395906e-01
8.719625636911506605e-01
1.020015365818684794e+00
1.107433110538726506e+00
1.058668501239776516e+00
9.229984182394779246e-01
1.081109191477311438e+00
8.082169239315405429e-01
9.985302262617575808e-01
7.442668728143517765e-01
8.906186073440307549e-01
1.090081536934667028e+00
1.171128895002916170e+00
9.603361513207600009e-01
1.011026249170433600e+00
9.447043136736836821e-01
9.182535407848064768e-01
9.998055370591329982e-01
9.798769975881385097e-01
9.252945805760428577e-01
9.202789051167178380e-01
9.104909742076729984e-01
9.603232763492713930e-01
9.455967320743650095e-01
1.005906749426559665e+00
8.604874391935406486e-01
1.009560425851987908e+00
1.052846885006677669e+00
1.024219193773816761e+00
9.897250268166611908e-01
1.088124116700180943e+00
9.724628499704519591e-01
1.093623182052211762e+00
8.450857440832565404e-01
1.073707682873888070e+00
1.118225858435238695e+00
9.728153607813628811e-01
9.549215947545458549e-01
1.060617162358319376e+00
1.137862335918021106e+00
1.004353352062555604e+00
1.028942882138118575e+00
1.035542846446475318e+00
1.107745716220998933e+00
1.082820738962770646e+00
9.549353800407479609e-01
1.236643467230024163e+00
1.033133182057786481e+00
1.159770088894138462e+00
1.100571596988247025e+00
1.060734108111826224e+00
1.198232223373800309e+00
1.091434735445996340e+00
8.005891863685755672e-01
8.729560586271869482e-01
9.944512772527370759e-01
1.094800441786019096e+00
9.447499857092926945e-01
1.118961646297832457e+00
9.700844532592619585e-01
1.102010074665990658e+00
1.139329410171938672e+00
1.069649038716917744e+00
8.193556377504860322e-01
9.350777852960262537e-01
8.638007723071133848e-01
1.125858142226828340e+00
9.592061512431103720e-01
9.390928052843879881e-01
1.024090702457157054e+00
9.036756215212057297e-01
1.128127442595794561e+00
1.091421695557136529e+00
1.156895513633209083e+00
9.010193591374825450e-01
1.050105135260533284e+00
1.210569706233095122e+00
1.101408646390581669e+00
1.002494755773217339e+00
1.075670233119233821e+00
1.184227113513731666e+00
1.068051571206396932e+00
1.031997208456849835e+00
9.665705002300007953e-01
1.212882428142630253e+00
9.296778984005737989e-01
1.036913398785194840e+00
1.001060477267467164e+00
9.271355924733836185e-01
9.073623256443483776e-01
9.408172280951637712e-01
8.732034588305231937e-01
9.737271060490160224e-01
1.110565339327946877e+00
9.236943931678808228e-01
9.269818504518207991e-01
1.013266115650024002e+00
1.000294449197015600e+00
8.700403432336776266e-01
9.764333605584480935e-01
9.103084916362788048e-01
9.316731748095921084e-01
1.128795713697628988e+00
1.018663041654307655e+00
9.521158388622426028e-01
1.100235298789275618e+00
9.499205023074955845e-01
9.831314635031285221e-01
9.800819367785870151e-01
1.248130880200497339e+00
8.892805425427924293e-01
1.014308577831954938e+00
1.075872214129983018e+00
9.469471554059496476e-01
9.934487070372995943e-01
1.116781243147705105e+00
1.080473585539598824e+00
1.021778102362900009e+00
1.169685482118501874e+00
1.043760710641455258e+00
1.095807556654345483e+00
9.672911527592789049e-01
1.093886412134649433e+00
1.178507139022936467e+00
1.045301804843135729e+00
1.153191474283027818e+00
9.956013402513747002e-01
8.163633150826732354e-01
1.102126901027175254e+00
9.769808256944905178e-01
9.092507106877223411e-01
1.040816506913605943e+00
9.393122841855048311e-01
8.983290273946419324e-01
1.106517365264005681e+00
7.424189819759265951e-01
9.767593250142763139e-01
1.021688337011664505e+00
1.063116049379871475e+00
1.092367417833836063e+00
1.021454568343968194e+00
1.038260998028926574e+00
1.033249427254779418e+00
9.683563265696961686e-01
1.095842730926041009e+00
1.000096301729706205e+00
9.046745601357208955e-01
1.029375035004182815e+00
8.807208763417726516e-01
8.536397823901610282e-01
9.906957968941311199e-01
8.757438744679963971e-01
9.689892490908330602e-01
9.302601797096037295e-01
9.382696569004495002e-01
9.486714263295075167e-01
7.751371970374023590e-01
1.225051224778770154e+00
8.583986875370526182e-01
9.736499235460768231e-01
1.186527633545740201e+00
1.153785981967113683e+00
9.864550016234083785e-01
7.909929796862809059e-01
1.054128097454364532e+00
1.120489500750311729e+00
1.016419431143658736e+00
1.003365538744240171e+00
1.074150919463607190e+00
1.059524066362086847e+00
8.818097631908362599e-01
8.798058874784534522e-01
1.055370202536360491e+00
9.859766280228797752e-01
1.075166330323225949e+00
9.859471934649531866e-01
9.368688054507603447e-01
9.551448717990875803e-01
1.150094663375526016e+00
1.036148977363740009e+00
1.047654563986526899e+00
9.481885042425998167e-01
9.109101301936198825e-01
9.566533827795787870e-01
1.139381988254798639e+00
9.950382119639250567e-01
1.119759003328833158e+00
1.192398679164740738e+00
1.077652171613324938e+00
1.094075519470672386e+00
9.559583456617031239e-01
9.991977325836685075e-01
1.202824353843198635e+00
1.024593378537604016e+00
1.066837688680441820e+00
9.333088513454814716e-01
1.020864599750652024e+00
1.054865705918770047e+00
1.001015238968359977e+00
9.787103746894288969e-01
9.369293683433169706e-01
8.160976725793371855e-01
1.039417326168925459e+00
1.000262363161133150e+00
8.492583981436265805e-01
9.303814889535588772e-01
1.031319063994191154e+00
9.523159348377991940e-01
8.200245441147576697e-01
9.814605060104149015e-01
9.197484359983278956e-01
1.092628814579138519e+00
9.267428499475433012e-01
9.626754797549545994e-01
1.032162388093412320e+00
1.224733186227128234e+00
9.877276106822806545e-01
9.966039980483156757e-01
9.496853395246470653e-01
1.045420947939800005e+00
6.722233608160841367e-01
9.175179787495610917e-01
1.131605237995318536e+00
1.061906362311786145e+00
8.824997260130482690e-01
1.047052446826420180e+00
1.044989529259224170e+00
9.527795432445477219e-01
9.092049997413091944e-01
1.097526262192129343e+00
1.143021665689404998e+00
1.060194366119309173e+00
1.020210072881559515e+00
9.487675436786211502e-01
1.055381912096426067e+00
1.082050624923942106e+00
9.184913081371072208e-01
9.812196081294929373e-01
1.038807224075422253e+00
8.748219446068654648e-01
9.581107903510887036e-01
1.204215444768071963e+00
9.531739586312025780e-01
9.866389683743137518e-01
8.700484855796211114e-01
9.210331793100144937e-01
1.134711980978507340e+00
1.017283703086429902e+00
1.029575290568146118e+00
1.051250922780089914e+00
9.495814074028429141e-01
1.014928310779424026e+00
1.138025910428917431e+00
9.778300283973381246e-01
1.022158057458610436e+00
7.717911480727175366e-01
9.824848410767383911e-01
9.909851208233233510e-01
1.058820325453208699e+00
9.425798651461991806e-01
9.901760377089622311e-01
9.900326155096068614e-01
8.955005350064728642e-01
1.123448036502677994e+00
9.236506708238134689e-01
1.166175507110852161e+00
9.547653592491591734e-01
1.173994625492918331e+00
9.815428282221007050e-01
9.787721003516158813e-01
1.110838508581049267e+00
9.505991098424219077e-01
1.070806847785850779e+00
1.049189123384558053e+00
1.120518180833649735e+00
8.467245258282557474e-01
1.104695014400184583e+00
1.030744850686736491e+00
1.085072695049843938e+00
9.681901134880561699e-01
9.330671633903225848e-01
1.017307978475531227e+00
1.037419539102355959e+00
1.029763832404867463e+00
1.013204932388440893e+00
8.878786747046019112e-01
1.021004092812761721e+00
1.011309757399315057e+00
1.044866234339796307e+00
1.033712300556857810e+00
9.913140282080732391e-01
1.107855833643800247e+00
1.070632708790653309e+00
9.304019214944875271e-01
6.896601839191187633e-01
1.017577567862918864e+00
1.155994181074657901e+00
1.017840388787086381e+00
8.208197360824629474e-01
8.798178322392001816e-01
9.578105299939669859e-01
9.293665947394562643e-01
9.879072033336012693e-01
9.480336272318867774e-01
1.090468651029052882e+00
8.719452262367841655e-01
9.800062689011023176e-01
1.068058514200616482e+00
9.692276334636009683e-01
8.428247645720319259e-01
1.122464322200616094e+00
1.297568640342698920e+00
1.018899710144540061e+00
1.137828818024911204e+00
1.080957355964368372e+00
9.816695221370420610e-01
9.351668319253573225e-01
1.057267659086218670e+00
7.903579132498930182e-01
1.083425047301747712e+00
9.942585674106214633e-01
9.370389746515521701e-01
1.009692457568505786e+00
9.057029092399823123e-01
9.876153660045230431e-01
9.770636011878969240e-01
1.053098379303196719e+00
1.075426267929424196e+00
1.159662994747662434e+00
1.022834965141749430e+00
9.635032087182412441e-01
9.860601852473421802e-01
1.135455532965113035e+00
1.099192736938845893e+00
8.647179951921095675e-01
9.629488079085092300e-01
1.143852063411814557e+00
1.036412094699217912e+00
1.125524452465307190e+00
1.080120683182707264e+00
1.098904577344334887e+00
1.159556642516866853e+00
9.820767375791679132e-01
9.931876904207890266e-01
8.714320893217775144e-01
8.809971673265905023e-01
1.078126690659680920e+00
9.095383049767031824e-01
1.061013889658262599e+00
9.289975029775683346e-01
1.084937881993567999e+00
9.757996147460378245e-01
1.242145543240848582e+00
1.144642331188554518e+00
9.487728377286387405e-01
1.044963250025307655e+00
1.100829708919005778e+00
9.105410048201518780e-01
9.296349563888554046e-01
9.371138690079252598e-01
9.802067061421012584e-01
9.429304083456553354e-01
1.135996309068451726e+00
1.088210322952124720e+00
9.689642796662316648e-01
8.875964008514380943e-01
9.320953050877104351e-01
1.134857643749656253e+00
9.604565017551653927e-01
7.876512116419577270e-01
1.009330618652114264e+00
1.049674603172183307e+00
8.836646335315148093e-01
1.014751701501477976e+00
1.102402461652361332e+00
9.481331432605774046e-01
9.529381100587219766e-01
1.025619135964783935e+00
1.010423797388493306e+00
9.512374797657858760e-01
1.040258323298673071e+00
1.008969392283852740e+00
8.103579911564321447e-01
1.127633832892982690e+00
1.007838216621729677e+00
9.081941151123632538e-01
9.363951825911047688e-01
9.861599112038881287e-01
1.083643503333223457e+00
9.547282493331341602e-01
8.701696757833846663e-01
1.234663902172428163e+00
1.226291877152419607e+00
1.108611604091753744e+00
1.023273189515828241e+00
9.360029524206677776e-01
1.139915020205189533e+00
1.124810274004965915e+00
1.050749152711063283e+00
1.003867814760226906e+00
1.017652020129145241e+00
1.173801290492491933e+00
9.852508378997907323e-01
1.100930493910690311e+00
1.034430411097763125e+00
9.081019754381665088e-01
1.032106534038210954e+00
9.260553546910739176e-01
9.488878219544214510e-01
1.086818095724320088e+00
9.889976920597890464e-01
9.472421293943548148e-01
8.370619342606566704e-01
1.200331616984560590e+00
9.982255791727194794e-01
9.019062961489061614e-01
9.679469681599884856e-01
1.077640736149974243e+00
1.042115247439582060e+00
9.856464185146477375e-01
1.000781756480054296e+00
1.168972302738187086e+00
1.060780084334092876e+00
8.803369173429339556e-01
9.345627165089871458e-01
1.077500575183626186e+00
9.643736253525171387e-01
9.872122618326305554e-01
9.294737027055544054e-01
9.417594661762288544e-01
1.075993600886712809e+00
9.108638944572570173e-01
9.499759351013259412e-01
7.656934656502718539e-01
9.647265180901628545e-01
8.534916235957846764e-01
1.337474640585726737e+00
1.141792970419134523e+00
1.136155882345183388e+00
1.133206159828218151e+00
9.083750127922978201e-01
9.871910531414191947e-01
9.531682591221377621e-01
1.034812470435788612e+00
1.053657177535711087e+00
1.049905705685128421e+00
9.244933161178452430e-01
1.098355136894324735e+00
9.960202893395760926e-01
1.007238534654624873e+00
9.186753313480865435e-01
1.113979914401101556e+00
8.793246195255753905e-01
1.007775194080773984e+00
1.127867743918584464e+00
9.641489938523010172e-01
1.175182578803410705e+00
1.008614196415410058e+00
1.044394063729928934e+00
1.059904457432586655e+00
9.879945750303952279e-01
1.132015990580858888e+00
9.770600550781980420e-01
1.034401851589214827e+00
1.265652891159666060e+00
9.615380781502851359e-01
9.657588308969821123e-01
1.054577665641169837e+00
1.213984810096848888e+00
9.557865378551431146e-01
9.279622574319635886e-01
1.146031957021182324e+00
1.006057185846473523e+00
1.036009952322581640e+00
9.995007933945536660e-01
8.724070695390243602e-01
8.601693430446044619e-01
9.862053009908473555e-01
9.352136967182584915e-01
9.621270488683086874e-01
1.110313381763142537e+00
1.081658783507378097e+00
1.109945833578952046e+00
1.011118572036074692e+00
8.923394508526927282e-01
9.072986969170769855e-01
1.020092391041057089e+00
1.060100017669687089e+00
8.831135443422961639e-01
1.118308978010115196e+00
1.058161567832625938e+00
7.775951343579815545e-01
1.154090420974423603e+00
1.259466284303551564e+00
8.293886456931622853e-01
8.944601987594874570e-01
1.015519330576658552e+00
1.099871470610893187e+00
9.466275109169151047e-01
1.007435227737978556e+00
1.100471886886744466e+00
1.016633051360274820e+00
9.082080350884556008e-01
9.949916024385548896e-01
1.107970365483001984e+00
1.045050095903436338e+00
1.034576643925180228e+00
1.020750104125148550e+00
1.069525172276156955e+00
1.110187679890538792e+00
9.680852715822068078e-01
9.885890250838618165e-01
1.061837685520749197e+00
1.111894255742456927e+00
9.000855221279592255e-01
1.096349681332216219e+00
8.841945306256904225e-01
1.001341105023858757e+00
1.010638378133762671e+00
8.803907474721458515e-01
1.188324631262502651e+00
1.072127724415451455e+00
9.470734671644146507e-01
1.067977352738333163e+00
1.027882321678943667e+00
1.296933852990896474e+00
1.000289354152960275e+00
9.661107514685797204e-01
9.687664497856790513e-01
1.124218374029929635e+00
9.895755636137775202e-01
1.015394127368746791e+00
1.246598923489804278e+00
9.089237362299449341e-01
1.054184095250147113e+00
9.525244139137021282e-01
9.631766131378293183e-01
1.047735605263327763e+00
1.004211884579178315e+00
1.126946209077530403e+00
1.043382759815603356e+00
1.014863252831381901e+00
1.164725769413061274e+00
1.094391499867416462e+00
1.115607590910432600e+00
9.608710162945774957e-01
1.055888388131423161e+00
1.069346669574415154e+00
9.521890404118724671e-01
1.010788197801651966e+00
9.821892403494992818e-01
1.093938857862759129e+00
1.027711512114013459e+00
1.021681676271666062e+00
8.495598390113775489e-01
9.165729029580520493e-01
9.400438858575789203e-01
6.666160981623799886e-01
1.186893244665987890e+00
9.760934895159746327e-01
9.513722265251179921e-01
1.014643300152127781e+00
9.306130115484188003e-01
9.758566483792063817e-01
9.499384241345172342e-01
1.050117859256563424e+00
1.088429075274026214e+00
1.170111830125903252e+00
8.903973362005550563e-01
1.243618239543222925e+00
1.162993716265733335e+00
1.123535213814263578e+00
1.030849269489147124e+00
1.080499166243010789e+00
1.000447122489970253e+00
9.827873892090157604e-01
9.772376662872315212e-01
1.019622186761585114e+00
7.414604631996333239e-01
9.546857078569287447e-01
8.381293448102364874e-01
1.097565439946522670e+00
8.824399679848263789e-01
7.866710641684624417e-01
1.154525690335660881e+00
9.247390259757047870e-01
9.811690385548322846e-01
1.125820309166867483e+00
9.906549637755667215e-01
9.629976577770236190e-01
1.036222680297156140e+00
1.232563015490663716e+00
1.118685555851902880e+00
1.080656604004517796e+00
1.010695507976390628e+00
8.552422059787175845e-01
1.148375559778037847e+00
8.719911967416749121e-01
9.878852962721881292e-01
9.817204858318768768e-01
9.574596231977264837e-01
9.319626571141252924e-01
9.414443668859885372e-01
9.976114947873863104e-01
1.116283779745045335e+00
9.771752076003078491e-01
7.363803394465620045e-01
1.032490646115174160e+00
1.017548794173215532e+00
1.120335934923964549e+00
