# data in one-minute intervals
9.932448023256390535e-01
9.990483310973315989e-01
9.938162186135389708e-01
1.003163389500074887e+00
9.998065780530176472e-01
9.905024644161951608e-01
9.948106551518661744e-01
9.981166610661204031e-01
1.008160566722626106e+00
9.941062899089041505e-01
1.006859290613953739e+00
1.000238865587980142e+00
1.006561342980334173e+00
1.020008692565120834e+00
9.936979510606096522e-01
9.836876280017542440e-01
9.893577892764330306e-01
1.014018779012025862e+00
1.008092785934695756e+00
1.003373631387846965e+00
1.002607680306398796e+00
9.899332981247203067e-01
1.029256316259573367e+00
9.935138417188724702e-01
9.902717087519622430e-01
9.906107609688684645e-01
9.985982132136245193e-01
9.962112081891673077e-01
1.004012548960145468e+00
1.007925677083257199e+00
9.876122517056495909e-01
1.002052736158083102e+00
1.006802151628969799e+00
1.006179374357231371e+00
1.000946106945878267e+00
1.008445731461506290e+00
1.005686651437094570e+00
9.930760597781361776e-01
1.013696677569839499e+00
9.892479642646081484e-01
1.006303452179002189e+00
9.966056726032544999e-01
9.875958684593696413e-01
1.000207809544732207e+00
9.967176481329949045e-01
1.011231308456364220e+00
1.004057959174936787e+00
9.951887528548832851e-01
9.981678378841319921e-01
9.896087842019568592e-01
1.014706161047982835e+00
9.983142290561325405e-01
1.001883960506530391e+00
1.011191414133107758e+00
9.945727181405481510e-01
9.974156834384176884e-01
1.009552897358343859e+00
9.911412479724404090e-01
9.936112806444982182e-01
1.016025436712707952e+00
9.910892282026471101e-01
1.007873586890747353e+00
9.959447015858526875e-01
1.008298049429253052e+00
1.002240793408699648e+00
9.985867564878817548e-01
9.868619234524267370e-01
1.006561763998375714e+00
1.004279604130676740e+00
1.007825150085076338e+00
9.940140860095348918e-01
9.974696941494364255e-01
1.003063272646551152e+00
1.010308927442955529e+00
1.003696654874197236e+00
1.005249179471715992e+00
1.011526481084218831e+00
9.980941640244251900e-01
9.975395445053317767e-01
9.841041498731273318e-01
1.011137169099895594e+00
1.003857671825935327e+00
9.906559902658478300e-01
9.994548776838467763e-01
1.005866480675800423e+00
9.804199970674302156e-01
1.019844244308818704e+00
1.004889185580392752e+00
9.995449124029484045e-01
1.000397975998855271e+00
9.968553294031139433e-01
1.008462902406050299e+00
1.006301350234014125e+00
1.001733604331411787e+00
1.007143189292243335e+00
9.897387129700789821e-01
1.009945674820457606e+00
9.954444174755773256e-01
1.014630860574855742e+00
9.902119410057177440e-01
1.002581929500225177e+00
1.018067410615398627e+00
9.772587856095827918e-01
1.008958519183618119e+00
9.910700636796975216e-01
9.914776614548502787e-01
1.006601083694453891e+00
9.972039230240584695e-01
9.954367561921384500e-01
9.973693053272477682e-01
1.006660634466161275e+00
9.941451014742930248e-01
1.000303250629629881e+00
9.982983201230590797e-01
1.001535051911535135e+00
1.012139527340775169e+00
1.006454198402162881e+00
1.002430257455033669e+00
1.000795742915602027e+00
9.940646530890709931e-01
1.009662966977799670e+00
9.842830712302788054e-01
9.983485104382564534e-01
9.918996312641318314e-01
1.010545599254023763e+00
1.017465572779852723e+00
9.996535325838472597e-01
9.862389846863407472e-01
1.005032998712636072e+00
9.967133081805005235e-01
1.006493417758095754e+00
1.007401059283508538e+00
1.006270537835635137e+00
9.924233130620856436e-01
1.001260906426904684e+00
1.003689721780883337e+00
1.003719164125884467e+00
1.005086026122876008e+00
1.015426549205724172e+00
9.974352618132219517e-01
9.971330235568245381e-01
1.018460609022559860e+00
9.985921159185042750e-01
9.921948807424508798e-01
1.003044863404458420e+00
9.978225148555964763e-01
1.003281538441266774e+00
9.918251793635383118e-01
1.007198723660337469e+00
9.949217462228537867e-01
1.000748099494573218e+00
9.946505421370966937e-01
9.883762135600135945e-01
9.934800593303652061e-01
1.001003897673915066e+00
1.003610901543450451e+00
9.911262416762203209e-01
9.805218950446775716e-01
1.007251892354058320e+00
1.002347611065304012e+00
1.008206211640538807e+00
9.937668502440294427e-01
9.914672880823820478e-01
1.002952628705041205e+00
1.012887825134901609e+00
1.020051260455172804e+00
1.004291573926016090e+00
1.007378356857054236e+00
1.001298475273684208e+00
9.937967036025606715e-01
9.997446629109911775e-01
1.024056554034920907e+00
1.004952864837707960e+00
9.977575093239240411e-01
9.884238888971959014e-01
9.865926290826854128e-01
1.004568890034097217e+00
9.977366778479194176e-01
1.009107867118496982e+00
1.014949560453494826e+00
1.007536018773991460e+00
9.831432651595609640e-01
1.008957373457249451e+00
9.972756800811891642e-01
9.932548061490279467e-01
1.002284626243310495e+00
1.010425127857659255e+00
1.009025098003015986e+00
9.751944801545240349e-01
9.997472020206434884e-01
9.919842543034109728e-01
1.020597737135635619e+00
9.898382823467930525e-01
9.993454205669709545e-01
1.011855095940073612e+00
1.006857808290920531e+00
9.952371971969089515e-01
9.836959884899791895e-01
9.915425615944533089e-01
9.949229491648516888e-01
9.973964331685669649e-01
1.012405226396461133e+00
9.941770639115641295e-01
9.869866310443963231e-01
9.850709268029124166e-01
9.872868320707075540e-01
9.889019057544401470e-01
9.929746081331471963e-01
9.876896482800050503e-01
9.847381774220190787e-01
9.862982932688224569e-01
9.988496329317378963e-01
9.891858439884698706e-01
1.014518370996190688e+00
9.999200760852021697e-01
9.909502459206654956e-01
9.968538870841407995e-01
9.906755966914820855e-01
1.000242731423966802e+00
1.011596001178748150e+00
9.941733698331701730e-01
1.016116864422905053e+00
1.006564519021571513e+00
1.006525788846400093e+00
9.982002213336531593e-01
9.815747970946389067e-01
9.922887207024360112e-01
9.907171097942383264e-01
9.883812517594825486e-01
1.013075348105003659e+00
1.009470583129476129e+00
9.751819973182082046e-01
9.944203876344759330e-01
9.886123233898587159e-01
1.005826337042149632e+00
1.003968360919512470e+00
1.004595140797949870e+00
9.982416451349834796e-01
1.010044670546520695e+00
1.001673210976489647e+00
1.022199821756798022e+00
9.900514920830302268e-01
9.949074779310115302e-01
9.964282734974285738e-01
1.000770593692763111e+00
1.005042865142626196e+00
9.929838760614040361e-01
9.957893083255212607e-01
9.939840740641430195e-01
9.751174730969687232e-01
1.003244011592655749e+00
9.958137122938532926e-01
9.850950438826121536e-01
9.974155433553087979e-01
1.012460680607081276e+00
9.923266426543478902e-01
1.000005647623755545e+00
9.933690629880808087e-01
9.911835662801162794e-01
9.960876679763180919e-01
1.007004216798386587e+00
9.989048813635696966e-01
9.950097878636455784e-01
1.004603614246534216e+00
9.930890249893918886e-01
9.969550068570550705e-01
1.004250030172008978e+00
9.851808881108016225e-01
9.765551882513072712e-01
1.004753895901371319e+00
1.011500147598591637e+00
9.937298868857162848e-01
1.015593265630494235e+00
1.004330740674694633e+00
9.958181845030920076e-01
1.008428183512868559e+00
9.885545150706267492e-01
9.977446254438538942e-01
1.003733108627141268e+00
1.000736906064186638e+00
9.928804367748650384e-01
1.018348255557290249e+00
9.850814190366214973e-01
1.002815683868399699e+00
1.008863671621444968e+00
9.936439199992935789e-01
9.975460286194024473e-01
9.904042871901158618e-01
1.003195541977425220e+00
9.922447095033707365e-01
9.888152856927003853e-01
9.954094610036097190e-01
1.007899989101699312e+00
1.002822878232060955e+00
9.848468087797971338e-01
1.011876602595759511e+00
9.969488705632021386e-01
9.845934893415417832e-01
9.823368946632820009e-01
9.975401236431189478e-01
1.000369054081214015e+00
1.019504028509939708e+00
9.955252462011630055e-01
9.884825986181776658e-01
1.000375471992740906e+00
1.010679902620004178e+00
1.003103454049183219e+00
1.013848887729497328e+00
1.003702677866924908e+00
9.935301322779949151e-01
1.004534623810118044e+00
1.004875196668077120e+00
9.911444544202194784e-01
1.018653268237172504e+00
1.002457893093167351e+00
9.825386489150739200e-01
1.010521368687978372e+00
9.970967664219241300e-01
9.934332400986963796e-01
9.907923421750750581e-01
9.990553693761832221e-01
9.810645606560294274e-01
1.003020727512369259e+00
1.014149472088872850e+00
1.022008922467518177e+00
9.991312951218144223e-01
1.018456247786835078e+00
1.002310603127396949e+00
9.904127522118248983e-01
1.002054749749716533e+00
9.995795622861330942e-01
9.712329591122746963e-01
9.897057158230511131e-01
1.001791313453219701e+00
9.773238810121797071e-01
9.898909315080270943e-01
1.006589116235500514e+00
1.012187506524533598e+00
9.881474647502046516e-01
9.860892677661908801e-01
9.952620266034553076e-01
9.824071209847426989e-01
1.008711527349262393e+00
9.967137601362000554e-01
9.790380191036267554e-01
9.942538203137506470e-01
1.009067374886444268e+00
1.010422890387512984e+00
1.005537589658646702e+00
9.922907799489483205e-01
9.769378389607173974e-01
1.022728010579348590e+00
9.959652059172429128e-01
9.955566273949033596e-01
1.002430296798632936e+00
9.998951709207413163e-01
9.956299145395540728e-01
9.992846083855618788e-01
9.823132124552814703e-01
1.023269191825046054e+00
1.003875935879673387e+00
1.003437071622797161e+00
1.023125041978902861e+00
9.943363184008352507e-01
1.009152477892981459e+00
1.007552442001051096e+00
9.988190070626208339e-01
1.006200472419582548e+00
1.007330901133249412e+00
1.010707121421168031e+00
1.008942807481885806e+00
1.015066037319197756e+00
1.001656831353124222e+00
1.008233242291660225e+00
9.976881128913719365e-01
1.001544908934470568e+00
1.005190675405748246e+00
9.956832877487958866e-01
1.007612101033792840e+00
9.979866337647267382e-01
1.006363350527167855e+00
1.016867145415162765e+00
9.861181749113985262e-01
1.013430151631407927e+00
9.932070257072806996e-01
9.974501978289539439e-01
1.006644162106643758e+00
9.994492869627693565e-01
9.980946405990653858e-01
1.000282788475629348e+00
9.986538791625458877e-01
9.874069490669203919e-01
1.007964295002654609e+00
9.997167665502056932e-01
9.993169891304317654e-01
9.994733439122129859e-01
9.916667269333722112e-01
1.015437556163016675e+00
9.970357658373395493e-01
1.006458217169645675e+00
1.016720515722348672e+00
1.018265523607819301e+00
9.874691401441234584e-01
1.008576568964758557e+00
9.834458260861842493e-01
1.011509857317411054e+00
1.020349209274515667e+00
1.006224315497266986e+00
1.004119305997991596e+00
9.850007959317845785e-01
9.966034309253994916e-01
9.962069073191817115e-01
9.950070848046667082e-01
1.003342191436964015e+00
9.994708058931908168e-01
1.027752630066994799e+00
9.881951047380473918e-01
1.007639870206219923e+00
1.003386267087795547e+00
9.988046935281716943e-01
1.000761469838004514e+00
9.883404591848823362e-01
1.010833925528286770e+00
9.985554539504274407e-01
1.000926652787503368e+00
1.005817797750270692e+00
1.006475475273015618e+00
9.977740455661122665e-01
9.937150884808332307e-01
9.815709231726461592e-01
1.006875533694282732e+00
9.991638161453866296e-01
9.984230367836665065e-01
9.963512120929097771e-01
1.000190460552846883e+00
1.003664986189422903e+00
9.975476102455196337e-01
9.954035824062245075e-01
1.009773673011922668e+00
1.001837954408226317e+00
9.944826312454541073e-01
1.011161093709950221e+00
1.000295959187286421e+00
9.910062786480180463e-01
9.926196083220399924e-01
1.004858868736336674e+00
9.929367058627073250e-01
9.817360968527917287e-01
1.003167191088803367e+00
9.977891028525978090e-01
9.951443448020828031e-01
9.986099525260533349e-01
1.013912260452353165e+00
1.016166838617543977e+00
1.004560716767644024e+00
1.019802608355057094e+00
9.944609583285081156e-01
1.013637148083808892e+00
1.013372436905834562e+00
1.000663515458338759e+00
9.909324209681414919e-01
9.946889692683489326e-01
9.938075368388533670e-01
1.020195598551455474e+00
9.948500262381508863e-01
1.004556623700102458e+00
9.972785161259638542e-01
1.005530499039049896e+00
1.007880182261404745e+00
9.944855938674960205e-01
1.003527992308799410e+00
1.012805840941054747e+00
1.011354903590265364e+00
9.934109480270932879e-01
9.967413538043644605e-01
9.892703437964680546e-01
9.847863060727432005e-01
1.004242887874289059e+00
1.003197692797640039e+00
9.877744964682685369e-01
1.006593384757531906e+00
1.021489646622559144e+00
9.879751359119182119e-01
9.852616456552880653e-01
1.027440133530028277e+00
1.005962081917816997e+00
1.017749059792415922e+00
1.009686981905624892e+00
1.002869607256151152e+00
9.997434928437336499e-01
9.954897546004379816e-01
9.932946184945121715e-01
9.907488082731690238e-01
1.009143616493510809e+00
9.921675377376709681e-01
9.953968734819464981e-01
9.937406817972442852e-01
9.963033035378684454e-01
1.000069198015034022e+00
1.012720101150062835e+00
9.861230804407223882e-01
1.010543106442439942e+00
1.008087231117965388e+00
1.008631398240238619e+00
9.964988301055176523e-01
9.970700638616071254e-01
1.002090082668346760e+00
9.923126317527714013e-01
9.961755215090971616e-01
9.911502057695231738e-01
9.993888528771919244e-01
9.997662184487575709e-01
9.976366315890486947e-01
9.998914483153013011e-01
9.991148822878934688e-01
1.007192870514483696e+00
1.012608985575147669e+00
9.936471229894112689e-01
9.968461899993658060e-01
9.906715752858741286e-01
9.994183357855417338e-01
1.020167338843433358e+00
9.923394601914728996e-01
9.994529428137736149e-01
9.908813779717896564e-01
9.998271109185550287e-01
1.008886895380413984e+00
9.983198244921657194e-01
9.843342513710207076e-01
1.017325895192755514e+00
1.001968866825071025e+00
1.001294039415060677e+00
9.960328772552913268e-01
1.027648114749319941e+00
1.007058718257731522e+00
9.957818217909489844e-01
9.901633339026061353e-01
1.004561886397035586e+00
9.927502252844767616e-01
1.001870080691396714e+00
9.976522882316730678e-01
9.925867530232567182e-01
1.004646375058687591e+00
1.002781842670898982e+00
9.922281402707372466e-01
9.795214862507505282e-01
1.006256926421646769e+00
9.991208527209960444e-01
9.912664153516311805e-01
9.967696118713517128e-01
9.880803570495649835e-01
9.946532349533595552e-01
9.930395242921719046e-01
9.874253035921810584e-01
1.013131364148707636e+00
9.888892029587752486e-01
9.866309708582406968e-01
1.006468951949222257e+00
1.010655890666529055e+00
9.936884704037441951e-01
9.995131100161225302e-01
1.004867795201370928e+00
9.977085299195329604e-01
9.794038428095236393e-01
1.004084119390419527e+00
1.007635641359750256e+00
1.002223642545246651e+00
9.967638155485419871e-01
1.003803306369409398e+00
9.898406901369977140e-01
9.795036129160857863e-01
1.009578311031338771e+00
1.014748398441220889e+00
1.005456211282284684e+00
9.811485384474597504e-01
9.961861871816460878e-01
1.016694052405584303e+00
1.008909559690647217e+00
1.012462254871598466e+00
9.846639634096144844e-01
1.004716736264009258e+00
1.004937348666195662e+00
1.000335514475203302e+00
1.008963164950355207e+00
9.982084187093183125e-01
9.932344470467808772e-01
1.004242235473903122e+00
9.969774930088244336e-01
1.002116665731695999e+00
9.971249490973483898e-01
1.000820489161578619e+00
9.903767845858062469e-01
9.952786201775285502e-01
9.936334337861465471e-01
1.007561321399826459e+00
9.840093422197750961e-01
9.989195410786304574e-01
9.969081207426706559e-01
1.015639832921715335e+00
1.020838419081056214e+00
9.862221109837352451e-01
9.914038644983365067e-01
9.975019535098920143e-01
9.826784712380226550e-01
9.980732629693678248e-01
1.012255236709889594e+00
9.914517248892786849e-01
1.012770968561132801e+00
1.003707531407936226e+00
1.011803945451901887e+00
1.002958521939859793e+00
9.791936433202784729e-01
9.929612967654491973e-01
9.994758512525977467e-01
9.909175483739729451e-01
1.002467866828267606e+00
9.950875621823869199e-01
9.985348944560268336e-01
1.003267553793168121e+00
1.005773785353114569e+00
9.914015947923027205e-01
9.986401780189483324e-01
9.981454082687287732e-01
1.000679313421258376e+00
9.822049003056668726e-01
1.002261699711861853e+00
1.001349793067970451e+00
1.013659065569103790e+00
1.008292595853351292e+00
9.960536876548474750e-01
1.000669473102075546e+00
9.822826632180233775e-01
1.015857952611088910e+00
9.986577038293381614e-01
9.970782326577123378e-01
9.913422489291217055e-01
1.005565420754687134e+00
9.994932165968062332e-01
9.919167903932608610e-01
9.935206264381410968e-01
1.004257009747585583e+00
1.002471188859277218e+00
1.002502977202899492e+00
9.993611955674163161e-01
1.012897235863696066e+00
1.011380335616097970e+00
9.919650352538751381e-01
1.002703292574911309e+00
9.915069371851831237e-01
9.851716550647267034e-01
1.006128285025762237e+00
9.924485510785520104e-01
9.968914403725401829e-01
9.933679230617725731e-01
9.918768682618058774e-01
1.006359110394593248e+00
1.005780814979792215e+00
1.002572453079984882e+00
9.920440219267746551e-01
9.987277111558746645e-01
9.910802030857251976e-01
1.012925051677958654e+00
9.912152210362266125e-01
1.013129265716180116e+00
1.001664783969063333e+00
9.897510245741653057e-01
9.897439831217792472e-01
9.863244856373495351e-01
1.002431199207623580e+00
1.008822491056251769e+00
1.007026266191304087e+00
1.016624282526482625e+00
9.975759584802945668e-01
9.927307603530860503e-01
9.800841594689544412e-01
1.004190641113659410e+00
1.012591596858523069e+00
1.012132258279890618e+00
9.951328819992715236e-01
1.015120542939914161e+00
9.992374273292566889e-01
1.008868769061616044e+00
1.003834053463416254e+00
9.829598050806344078e-01
9.892092989653245017e-01
9.976499215087472061e-01
1.016158974955129857e+00
9.705604518584776130e-01
1.005396957811241831e+00
1.004972857715701329e+00
1.012631974625548548e+00
1.007280716379610253e+00
9.847889205187781991e-01
9.884321959820265846e-01
1.001942926983937054e+00
1.013502608435808305e+00
1.004872232627950224e+00
1.001243656589140940e+00
9.783667891661136373e-01
1.011633411404624816e+00
1.005960714738596717e+00
9.934667799787360032e-01
1.000433995586391012e+00
1.013157234538780704e+00
9.974287057511921351e-01
1.004043459291003026e+00
9.951629152012400059e-01
1.012920792761543787e+00
9.918111892739122082e-01
9.938163417207580563e-01
9.865225034029889706e-01
1.006269389214421883e+00
1.006121998795207695e+00
1.009259466232623748e+00
1.005009499071905621e+00
9.872506532418857672e-01
9.884626219109866607e-01
1.000014995831837172e+00
9.726689613268310053e-01
9.903773812484790717e-01
9.864073091094807122e-01
1.013230438207045836e+00
9.967972869194795527e-01
1.007258703234096719e+00
1.002419848834477767e+00
1.022329577084570840e+00
1.020742616209752152e+00
9.949439340210554095e-01
1.006316841270987084e+00
9.898931478808048467e-01
9.905076822773355438e-01
1.000522374987596885e+00
1.012954887057103237e+00
9.892125525485052639e-01
1.000907923321732174e+00
9.952236105687322087e-01
1.002839323669398208e+00
9.921847358039480591e-01
1.003401461155268626e+00
9.934279241717303144e-01
1.005997329079854508e+00
9.861039233934980608e-01
1.006993631727109317e+00
1.004951828271378078e+00
1.003176728763491621e+00
1.007458875853784352e+00
9.921239864634231465e-01
1.005114272124232322e+00
9.832799978031721011e-01
1.003324886179054687e+00
1.001156788032995459e+00
9.990044548028877980e-01
9.919209421141694794e-01
1.006013652639964340e+00
9.960040891255400597e-01
1.009090035618988912e+00
9.967267505749530798e-01
9.990504888912319359e-01
1.002932956749095217e+00
1.001520454069215527e+00
9.842346801738072193e-01
9.855989818893375887e-01
1.010910610762191242e+00
1.002630950154874245e+00
1.014989267184186694e+00
9.871725926504069104e-01
1.003271707770587273e+00
9.966234714850338294e-01
1.006979840680375604e+00
9.888177825249810926e-01
1.006435307241528632e+00
9.621952738196564159e-01
9.968503632538915360e-01
9.848051993416443439e-01
9.995359214734723663e-01
9.968063554858106468e-01
1.008057270901492553e+00
1.002484592239161865e+00
1.000923310924743959e+00
1.002571480968233120e+00
1.006765380100733909e+00
9.949361798494800180e-01
9.903067887359745525e-01
9.985345521321365991e-01
1.010663048807392439e+00
9.866713523892600701e-01
1.001183320938443089e+00
1.011523541459980358e+00
9.973350929811831689e-01
1.014312287788403211e+00
1.009871291177659058e+00
1.012763286641660487e+00
9.866020134004614972e-01
9.900845519275183193e-01
9.893715731033726479e-01
1.005713745244358082e+00
1.007890074830749327e+00
9.840334210933078252e-01
9.862490017651504015e-01
1.007355992508127907e+00
9.960732148658387741e-01
1.012061832218334567e+00
1.021507581698374301e+00
9.981541534799517335e-01
9.985247766599399943e-01
9.857813694044640362e-01
9.849799182303757838e-01
1.005800840530217011e+00
9.947200736026220458e-01
9.923315891601237615e-01
9.942031627137767336e-01
1.014757413974303413e+00
1.003855794666984158e+00
9.930051889192470504e-01
9.862460941424522343e-01
1.015447443685619122e+00
1.000143694745614154e+00
9.879629391584119347e-01
9.965441260232095200e-01
1.021814262405402740e+00
9.964144734000720538e-01
9.917016809055048121e-01
1.012659540092137656e+00
9.729771171783253569e-01
1.005358502373461027e+00
1.006139407185707491e+00
9.885119541944055177e-01
9.929979656323288939e-01
1.015606834473905762e+00
1.018516130447584267e+00
1.004764390866786039e+00
1.008159098683855337e+00
1.005975382962169373e+00
1.004615471712169583e+00
9.936391773581247921e-01
1.000746792392633422e+00
9.874316472922035626e-01
9.986317385443902461e-01
1.016993857405817936e+00
9.934377954977210434e-01
1.010977153496885661e+00
1.003897027550723298e+00
9.867777069264630496e-01
1.001918971355473031e+00
9.967994932715922296e-01
9.953085814368155537e-01
9.910168492511526317e-01
1.008288729409992923e+00
1.016387769724750090e+00
1.004725651125484065e+00
1.010582483272134846e+00
1.000735172745296664e+00
9.927669275477586375e-01
9.880921437808145580e-01
1.001040093052572022e+00
9.933242223038605268e-01
1.014954847937299398e+00
1.002926825144523360e+00
1.003534796856681011e+00
1.005515934638374631e+00
1.003161283659247172e+00
1.007975999751226981e+00
9.991905598012653655e-01
1.024799529814206078e+00
1.001757648203225770e+00
9.921684119124595247e-01
1.005531022007688069e+00
9.950312331410517963e-01
9.986155002972014749e-01
1.009372230717611174e+00
9.851868954187080751e-01
1.003075772021677192e+00
1.003962771005434407e+00
1.009739133859755000e+00
9.938942707253352049e-01
1.003284010145709004e+00
1.010921095287008020e+00
1.011705613034906470e+00
9.751614085956964439e-01
9.984082222745976898e-01
1.002347689682083987e+00
9.994179287593297767e-01
9.965494236621466051e-01
1.010412225529868424e+00
9.972490225665501251e-01
9.888830176082066270e-01
9.913452195437875147e-01
9.869886565730022765e-01
9.924647459891968726e-01
1.010558155027251770e+00
1.004020451571410844e+00
9.859697305521100130e-01
9.879642867025320019e-01
9.699062098551090028e-01
9.935063024137691379e-01
1.016525176184359225e+00
9.941164409897094156e-01
9.940585412301575774e-01
9.659729393689233667e-01
9.834487425775592095e-01
9.901773180963125975e-01
9.998836441634970651e-01
9.902063934574831805e-01
9.876412097281792590e-01
9.845919125692950136e-01
9.935260867999564649e-01
9.818427182318522073e-01
9.802247155513184040e-01
9.673607979931871936e-01
9.696531185653620710e-01
9.938820009689577351e-01
1.005558435141881812e+00
1.000498191092980660e+00
9.769585973705594562e-01
9.995023828367637364e-01
9.774685105934841634e-01
9.775819990847558483e-01
9.982105074718846671e-01
9.800907489543451145e-01
9.995641150937852881e-01
9.727879980082517752e-01
9.745338049337874953e-01
9.659476710411245559e-01
9.693517640450057815e-01
9.808388932362037682e-01
9.900378998413182918e-01
9.924217174031586541e-01
9.877840392808860948e-01
9.807813301199487244e-01
9.921881456989682935e-01
9.861087788614005811e-01
9.837781464206549753e-01
9.924108904168591483e-01
9.754106220973252084e-01
1.002065788061465623e+00
9.790464624062187315e-01
9.860763267334645699e-01
9.715820093921916367e-01
9.909033323553765316e-01
9.807392484085956097e-01
9.945058960545785087e-01
9.846248584273203930e-01
9.728160053739969282e-01
9.865237507621207325e-01
9.949002872133204667e-01
1.004918371832721702e+00
9.827769940584594188e-01
9.682974746952219824e-01
9.743481960599382763e-01
9.755848888137990116e-01
9.745027516006994350e-01
9.997099287035448034e-01
9.945427323968866196e-01
9.711754959590951364e-01
9.872388831524714359e-01
9.626742209062780775e-01
1.013612109690844143e+00
9.942047548001721191e-01
9.833933139890084218e-01
9.796008172052346197e-01
9.835782875773608769e-01
9.833350856847524746e-01
9.785898188682909948e-01
1.001850321972120206e+00
9.985202043595752253e-01
9.967627010246701280e-01
9.774402922276520522e-01
9.838457263685970178e-01
9.913781474899151513e-01
9.837654837820163367e-01
9.913692192201236653e-01
9.916722733790701572e-01
9.826504275626667395e-01
9.963857143191693355e-01
9.886281117622532921e-01
9.886648764311872783e-01
9.729078556390178267e-01
9.776996782986608903e-01
9.965751863329654903e-01
9.817465864140705323e-01
9.730633202075363863e-01
9.878500440185054021e-01
9.827436580835680058e-01
9.851574123804008876e-01
9.881052842364084210e-01
9.940453711449189766e-01
9.964171337216909397e-01
1.001182227179012729e+00
9.774705572902427919e-01
1.000697938141634324e+00
9.719953262965874696e-01
9.976742158252893677e-01
9.890449598661356090e-01
9.829392706399542323e-01
9.851585187734396287e-01
9.877330136494059110e-01
9.946259915388274697e-01
9.899879575033019297e-01
9.975456489104158608e-01
9.952184766313537656e-01
1.002035493274775479e+00
1.001393265445725822e+00
9.795911156731775815e-01
9.811715015028148468e-01
9.845997748378235714e-01
9.725782477315253471e-01
9.904618445605251065e-01
9.815287080690494603e-01
1.000694667006716276e+00
9.841096136889705415e-01
9.888250321308172941e-01
1.013051179928678103e+00
9.856424673772838929e-01
9.936827897273351473e-01
9.851629138214240688e-01
9.871867002899978871e-01
9.687778051902012910e-01
9.621763659890455456e-01
9.767836960453073480e-01
9.811775077788691402e-01
9.811029356584614058e-01
1.021012785847597026e+00
9.768336622621830445e-01
9.696490147823761951e-01
1.004113990310560478e+00
9.925658855167065475e-01
9.906522698173854113e-01
1.001190587175427416e+00
1.003843704957336769e+00
9.856560370121528747e-01
9.733563266449307694e-01
9.835918457098993262e-01
9.814207256168748783e-01
9.816017231825768796e-01
9.945614356835393854e-01
9.790932021714803257e-01
9.918199718453398761e-01
9.811717208759637154e-01
9.894571077612932530e-01
9.817276894749578098e-01
9.858520642451803484e-01
9.816772412612838616e-01
1.002983111998696719e+00
9.871978705955205546e-01
9.669022802747976320e-01
9.941133959846437662e-01
9.921285452391042092e-01
9.867081444131341472e-01
9.901584582910860632e-01
9.950433552428603612e-01
9.945803301064507496e-01
9.724218226377265850e-01
9.916923002103961160e-01
1.007657534173735936e+00
9.931555420790652011e-01
9.866607999391118211e-01
9.931146588317059098e-01
9.897111411602328435e-01
9.868523598233502891e-01
9.954203595680595207e-01
9.881426814847047435e-01
9.944989095618208541e-01
9.920558697200315690e-01
1.008104691528170616e+00
9.894390531516948917e-01
9.789617492894593376e-01
9.976634603953064007e-01
9.879789115389877585e-01
9.867531981481431069e-01
9.718075590353205673e-01
9.966964178066658464e-01
9.862659786634572212e-01
1.002672449608899230e+00
9.869418352883594370e-01
9.751012245874207673e-01
9.975197844474833486e-01
9.879895961213636113e-01
9.847901225210545784e-01
1.008259134918207067e+00
9.937976687385724484e-01
9.880557885996014145e-01
9.921007970588853198e-01
1.007998170646865699e+00
9.876390456404944285e-01
9.936269376178485935e-01
9.852796039539608586e-01
9.839984198374025492e-01
9.894214616103826909e-01
9.851140204533899158e-01
9.930983200095458985e-01
9.944487914810031803e-01
9.779787633354088960e-01
1.000889823443373405e+00
9.968667267137477639e-01
1.007914161728858948e+00
9.859273798146727108e-01
9.975303342528388795e-01
1.004995295700229940e+00
1.016126169411114333e+00
9.944397918071508080e-01
9.972723589305451108e-01
9.906929605421704865e-01
1.000072546217661840e+00
1.000922744394290964e+00
9.870326157141833257e-01
9.838426958182178161e-01
9.882144603924706283e-01
9.989247501429325826e-01
9.958862438662814398e-01
9.805276533493734181e-01
1.017940523084430060e+00
1.014052312060292893e+00
9.823666200317315855e-01
1.006580208055289249e+00
1.004153462640640537e+00
9.947662745276232288e-01
1.012774229874021881e+00
9.932553883829254859e-01
1.005596108256016308e+00
1.007417457766755176e+00
9.952238119657321747e-01
9.941089514762136981e-01
9.919780916207168175e-01
1.007965068931363950e+00
9.944688805010533095e-01
1.002409880414921517e+00
1.000644935863036267e+00
1.004331676907225468e+00
1.000478866564166847e+00
9.965078433155599713e-01
9.905798471888420664e-01
1.004494150574246847e+00
9.948994717340219340e-01
1.011658141197974148e+00
9.991687831046972557e-01
1.009033170994450224e+00
9.966245488603566738e-01
1.015317080553006290e+00
1.014820265296435320e+00
1.008723304572633372e+00
1.010080214584123892e+00
9.964441695852126468e-01
9.852186969411634854e-01
9.966821098240994381e-01
9.925874433334017644e-01
1.001828769091672511e+00
9.937581638620732738e-01
1.011973870806100795e+00
1.006981089305518884e+00
1.001139577001285197e+00
9.886312022342689243e-01
1.003643537901486971e+00
1.001071325169521575e+00
9.939884531691034475e-01
9.836855825176329393e-01
9.921154409349102199e-01
9.978618543381934103e-01
9.994354658648054723e-01
1.007386258443935922e+00
9.837542877221279181e-01
1.013013712853300774e+00
9.891143185015330852e-01
9.828354643928799428e-01
9.980865928952703525e-01
1.010491340639914526e+00
1.004532290579320586e+00
9.898108412312718318e-01
9.949343318974731565e-01
1.020711023216489322e+00
9.910984026330108554e-01
9.894021039931528705e-01
9.955168343943268106e-01
9.879810476723319690e-01
9.922079953940409203e-01
9.877452410694690377e-01
1.005892804777468008e+00
1.018861579341435286e+00
1.005768505356269271e+00
9.934541311896730731e-01
9.930075932862304500e-01
9.949266243517053132e-01
9.987664714015600520e-01
9.904116954672531614e-01
9.889175129487459692e-01
1.009395752062561824e+00
9.887767330542744926e-01
9.935756793388252905e-01
1.004353953977044522e+00
9.913377679473615034e-01
9.871041322420975872e-01
9.981194426837695088e-01
9.902036231387401077e-01
9.903645914668831596e-01
9.982635098240983940e-01
1.013256895879408148e+00
9.987118993975698800e-01
9.829842746026704603e-01
9.985678692475272733e-01
1.008392128077632011e+00
9.970460159704517267e-01
1.012247736507101648e+00
1.002449553627873913e+00
9.913471874746141443e-01
9.919345767927113533e-01
9.848035461160301596e-01
9.980574700686516421e-01
9.984359404552487494e-01
9.824281402266952234e-01
9.997486206995742641e-01
1.004339774120468931e+00
1.007266532724562014e+00
1.003542019022860998e+00
1.008470770850506071e+00
1.012241048709588309e+00
1.000727766795468598e+00
9.849261110714910838e-01
9.954891289784896236e-01
1.005871735026255820e+00
9.906805144040872202e-01
9.857038491489338305e-01
9.898826495976693618e-01
1.007468099286715768e+00
1.008099151622657619e+00
9.977657056355798693e-01
9.896075684612356538e-01
9.906601051986549944e-01
1.011198804888037817e+00
9.973687781115918582e-01
9.997487882222911848e-01
9.982090978473576737e-01
9.952917596512230736e-01
1.012863016019325713e+00
9.957238214169246149e-01
9.958923343919997562e-01
9.861838674120479986e-01
1.009765387875373177e+00
1.002984577107464803e+00
1.009502362886034010e+00
9.958378827589956517e-01
1.004348227339783017e+00
1.001981561986184266e+00
1.000967804711158982e+00
1.009414625243121533e+00
1.019790328884238706e+00
9.894158989853595321e-01
9.861482888613248843e-01
9.827050582159089220e-01
9.755687256603853275e-01
1.004633043784797897e+00
9.953749950462461582e-01
1.005031259334818072e+00
9.981046720558839347e-01
1.011918087613399964e+00
1.000995525705232536e+00
1.013548750284402500e+00
9.962647200909048317e-01
9.907230523100597486e-01
1.010043133695965434e+00
9.933566518361801601e-01
1.001238001147670253e+00
1.013599973336932081e+00
1.008604475388011679e+00
1.000494483446225713e+00
9.915068301919688354e-01
9.942306342043235601e-01
1.003990162785524332e+00
9.986425734289750000e-01
9.980049017715363346e-01
9.971484922605751144e-01
1.002754468709879054e+00
9.758580063766720825e-01
9.904084472333196665e-01
1.000086123129561688e+00
9.981085141708311292e-01
1.002755413640214588e+00
9.895681570059529086e-01
9.834728002506823996e-01
1.002537135942460633e+00
9.985416292782888226e-01
1.001539451890370636e+00
9.834069717765395735e-01
1.008420896630554564e+00
9.993040909140413763e-01
1.004785860067902936e+00
1.006820246522952988e+00
9.868273982320635573e-01
1.006685187243010482e+00
9.965260998053551145e-01
9.948030891794892305e-01
9.806494737386215466e-01
1.013239293161035670e+00
1.004531675608732799e+00
1.015460387522436836e+00
9.901496300989375277e-01
9.953295541033457816e-01
9.993416132616261827e-01
1.019109814100896294e+00
1.008371334732505176e+00
1.011509644949017517e+00
9.998421278587149574e-01
1.008118598186392267e+00
1.003862261605361850e+00
9.938084233399094858e-01
1.022010036397428934e+00
9.994458021191409136e-01
1.000403598357664237e+00
9.936519130872172312e-01
1.000228117757224755e+00
9.989325699004273362e-01
9.914137252441782566e-01
1.007732432196011718e+00
1.016662694948165413e+00
9.899921845697895462e-01
1.002607420175961384e+00
1.011280873395691726e+00
9.984408199134201523e-01
1.008636702086421977e+00
9.967866849826486630e-01
1.001070403021217192e+00
9.924694380499538005e-01
9.997114993518663173e-01
1.009900540958569959e+00
1.009548240897146787e+00
9.998210339956689063e-01
9.818167299235562862e-01
9.805663229700304351e-01
1.020313341480893365e+00
9.935952437684127947e-01
1.003402181899557322e+00
1.009524281886469144e+00
9.915726794167110114e-01
9.887695311736011128e-01
1.012156649060549141e+00
9.922857843094021746e-01
1.004715359293177679e+00
1.008559014540837628e+00
1.026918973681311353e+00
1.003907681837695076e+00
1.008485242223819744e+00
9.926462223483950575e-01
1.002527744727186310e+00
1.003260294279351150e+00
1.013744933696532957e+00
9.930669629697366219e-01
1.010741734147526882e+00
1.004464961482291363e+00
1.003884112806914031e+00
1.001757554470158240e+00
1.000080095152261705e+00
1.004042720122219068e+00
1.007303428861670236e+00
1.016970770395108747e+00
1.003853596550680294e+00
9.954571573146248076e-01
9.936118978486627729e-01
1.003012532298896531e+00
9.998462874967758429e-01
9.979811234489037730e-01
9.907759225070381648e-01
1.017307269896059463e+00
1.000766781250499449e+00
1.012893731256509167e+00
9.946671005211985550e-01
9.914734249865668758e-01
9.900042648423514891e-01
9.862247873282922184e-01
9.892886471567688966e-01
1.016912299102295414e+00
9.810539674469000992e-01
9.949215099744531665e-01
9.948661189586482934e-01
9.826444670817223725e-01
1.001583481696275868e+00
1.010117975374008825e+00
9.941964744234691453e-01
1.002645476303984262e+00
9.943148650366266939e-01
1.000765387171506982e+00
1.010979953882858329e+00
1.005049427643140092e+00
9.870008927251624486e-01
1.000262887394617994e+00
9.729577656857475443e-01
9.972807531636600498e-01
1.001437930112792696e+00
9.877592203822178618e-01
9.965774444440143043e-01
9.991344295729573943e-01
1.007239453570572651e+00
1.020228017503900908e+00
9.969788889976386459e-01
1.010303318191939415e+00
9.988649396839702765e-01
9.947879430891196639e-01
1.000695626533916860e+00
1.007131259112487243e+00
9.939879514233591618e-01
1.000752377062962273e+00
9.938859322380825256e-01
9.868309549283575954e-01
1.009845898940432640e+00
9.945732042435261322e-01
1.002790304312979330e+00
1.015461830376471308e+00
9.877830798072587681e-01
1.001906911193551020e+00
9.891645902368331189e-01
1.009966940011614245e+00
9.937704075933947445e-01
9.894851041153878146e-01
9.992944338508242819e-01
1.013900852181795820e+00
9.933748418196497454e-01
9.939834453457667696e-01
1.025236998950655565e+00
9.789055360356926361e-01
9.986491997431639067e-01
9.943835704703519740e-01
9.878958998760563048e-01
1.007264070872735395e+00
9.841468216435238503e-01
9.996604711881185157e-01
1.018636228202003835e+00
1.001359708222360423e+00
1.021409882670091696e+00
9.820586388455139204e-01
1.000401649182456554e+00
9.942571618661543154e-01
1.009017773109565530e+00
9.998741763051113285e-01
9.856671580778555430e-01
1.000736381986076617e+00
1.002213187918861381e+00
9.954831165388966507e-01
9.822997665982806659e-01
1.004650829711535742e+00
9.939435149173154738e-01
9.943030764545658373e-01
9.962185063044034505e-01
1.009656943797584194e+00
9.988154797925040684e-01
1.002862121376818294e+00
9.929579786677574793e-01
9.875370352394027273e-01
9.817183926789629922e-01
9.953891727596239081e-01
1.003261895101496215e+00
1.005415057872162787e+00
1.008594546140009429e+00
1.003689752225974896e+00
9.946762348611992710e-01
1.003343259746112492e+00
1.007280509029219617e+00
9.915166103568296974e-01
9.972964443711103133e-01
1.016542641536542835e+00
9.890256280156307644e-01
1.014039972796680678e+00
9.915941015576313911e-01
1.004855969027712570e+00
9.991624380701364938e-01
1.002248861518979739e+00
9.898115000253616680e-01
9.800735637935705791e-01
9.942543821267523230e-01
9.961015505473782561e-01
9.975974262373817902e-01
9.992941250322360247e-01
1.007193867230431250e+00
9.950052881463010701e-01
9.873794380916430802e-01
9.925204797215370078e-01
1.004559035617609286e+00
1.013057120024409175e+00
9.932327108615788269e-01
1.002467456958911596e+00
9.975536950749692711e-01
1.008808059843818938e+00
9.704978424905096324e-01
1.010662699898776440e+00
1.001975022673645466e+00
9.783409882678234526e-01
1.001913024833027910e+00
1.008801981994537522e+00
9.928588638040417580e-01
9.898144226444273164e-01
1.023690146030560966e+00
1.002217735781449237e+00
9.937523016143556820e-01
9.978582466304634080e-01
1.014148440536706497e+00
9.965794706346714493e-01
1.015858953831319855e+00
1.010063480680426062e+00
1.006523523287987443e+00
9.998561411690012335e-01
1.006267266843884567e+00
1.004871802053110663e+00
1.006764260589817050e+00
1.007892804440969847e+00
1.000496247620558776e+00
1.002630654064863736e+00
1.013610628462190189e+00
9.901062306623896747e-01
9.916949970029020900e-01
1.023559304058124120e+00
9.997807084802028399e-01
9.959255855318834838e-01
9.716297931287585232e-01
9.928182633559942127e-01
9.993949889526070329e-01
9.990374636790562146e-01
1.001380255423676813e+00
9.858996071913874726e-01
9.917122176327178851e-01
1.009697010450449906e+00
9.960806587130963674e-01
9.811947379775376454e-01
1.002724085082656869e+00
9.942046068252127222e-01
9.941683795355191755e-01
9.827430683308640003e-01
9.848040091803460516e-01
9.851401251249971569e-01
9.937277402281732286e-01
9.907039301946722887e-01
9.933248577361426523e-01
1.012808426787964011e+00
1.002428824401089047e+00
1.002099939741708967e+00
9.967444711702214688e-01
9.931404932533742791e-01
9.994127957022256314e-01
9.987387135145325834e-01
1.005473274727404664e+00
1.010512192641169316e+00
9.868807733235597235e-01
1.000141657298478703e+00
9.945647701043260902e-01
9.953772627767871750e-01
9.862554124733982075e-01
9.915980150633721957e-01
9.794426228921440103e-01
1.001166557599943330e+00
9.933594100781777403e-01
9.944757185562327351e-01
9.926866696335173712e-01
1.017945726326608957e+00
9.979879264650530768e-01
1.005794940902937640e+00
1.002656831805620152e+00
9.993781942697592680e-01
9.895957967291599822e-01
1.002945011083865801e+00
1.000461644413517481e+00
1.008076892852623585e+00
1.004142968160429916e+00
1.001831286883782424e+00
9.941902701716457402e-01
9.942555775534162033e-01
9.959731926627032328e-01
1.014347805236145206e+00
9.820459940347815442e-01
9.983340695895001060e-01
9.889134508791169731e-01
1.012060821938144173e+00
9.940508669133849562e-01
1.002576618271136644e+00
9.988242942605040087e-01
1.006106670043293461e+00
1.006666922205602610e+00
9.994206954567590451e-01
9.999676215542645519e-01
9.826993807126332969e-01
1.005164333079831884e+00
1.006622818286701859e+00
9.991753832187904028e-01
1.005854306374535767e+00
1.000061077262712761e+00
9.914389426097853786e-01
9.986445613688333944e-01
1.005854715850071024e+00
9.977247223192320380e-01
9.977356316780469081e-01
1.018087543885473512e+00
9.805667291852750989e-01
1.008075896894227830e+00
9.955694617881317710e-01
9.820865166113111888e-01
1.005923196589949109e+00
9.992390854516568499e-01
1.002994922318941162e+00
1.003479370200886400e+00
9.856972191805583039e-01
1.010632493993203207e+00
1.000005368706614162e+00
9.894291283406231319e-01
1.007109864070167893e+00
1.008631153092566901e+00
1.000729993257747363e+00
9.954940141350649974e-01
9.848518874560018288e-01
9.989129446552355018e-01
1.008489856723182587e+00
9.865855192379302530e-01
9.782945386362762452e-01
1.002384784117774430e+00
1.006477678178515633e+00
1.006991298756976239e+00
9.931252690842052866e-01
9.950734330411263873e-01
9.985538784574196081e-01
9.874635355959948679e-01
1.007741120517963385e+00
1.011580848886884043e+00
1.011910482935752142e+00
1.006953361522470836e+00
1.014303529642583745e+00
9.866918465616570932e-01
1.003185308480024185e+00
1.018379931481284251e+00
9.857318621068491549e-01
9.949030928225135462e-01
1.004390382249316538e+00
9.920419371589921376e-01
1.003372859658631766e+00
1.000279565925522141e+00
9.873106946925904737e-01
1.001423290175562864e+00
9.948518468293053862e-01
9.964520361902160506e-01
9.911615831428093326e-01
1.006204096257919733e+00
9.950703915754929296e-01
1.000201364827595807e+00
1.001167555317964419e+00
9.999482413427324135e-01
9.982626201476736405e-01
9.730721843656902070e-01
1.005478153569612232e+00
1.005259840572553243e+00
9.985491269716889606e-01
1.000553039318294202e+00
9.831055644011206240e-01
1.005194139539768994e+00
1.006040688168488684e+00
1.010214117995834826e+00
9.938775013359238963e-01
9.988928604140929757e-01
1.009047589605875483e+00
1.005559233733165136e+00
1.008393655528866173e+00
9.852085759816151533e-01
1.011159989246381619e+00
1.000693161464220271e+00
9.754788576461205230e-01
1.005448448057863597e+00
9.998231514379209983e-01
9.922178289827714437e-01
1.015973296392504777e+00
9.970809401891483903e-01
1.002800908924191603e+00
9.992746491433097678e-01
1.025973963329454453e+00
1.011156710817501692e+00
1.008583597082774119e+00
1.005719029967255596e+00
1.013964581170015533e+00
9.923625908847729660e-01
1.013285824977083971e+00
1.001692257073538039e+00
9.830055340494505689e-01
1.015406688034728333e+00
9.928519713423586968e-01
9.952524406937774959e-01
9.958151124489121875e-01
1.000828899933419613e+00
9.980866851130218986e-01
9.923295645836038847e-01
1.001611498670042399e+00
1.005802780777332872e+00
9.865920963177353675e-01
1.010869764523656844e+00
1.001391791374867779e+00
9.988931401174367952e-01
1.008988324324691099e+00
1.006857392571543608e+00
1.004335426643578222e+00
9.959700040725738557e-01
1.015625413877786709e+00
1.001110025174128726e+00
9.967523072289139474e-01
1.005280975249398079e+00
9.890182860753251592e-01
9.968905462232493520e-01
1.015475489024948219e+00
9.968753539416650433e-01
9.875926710637885630e-01
9.938511170271837614e-01
9.894617927270461522e-01
1.006968183307208387e+00
9.893964520360088999e-01
1.015245643573062795e+00
9.966637620555214294e-01
1.005454225171847016e+00
9.988383040512234246e-01
1.001173643640648203e+00
1.016612866984770047e+00
1.014265003976900559e+00
9.814459761717050368e-01
9.992097751288799845e-01
9.936666328774598211e-01
1.001527284399950757e+00
1.001786308465363984e+00
9.956461318269375083e-01
1.007745823537726126e+00
9.786333156727091698e-01
1.006928038244020218e+00
9.824324131837441909e-01
9.873634175117216305e-01
1.002414030207549045e+00
1.000721346926121358e+00
9.957808343462952738e-01
1.006646971795411183e+00
9.957179723446465403e-01
9.876517484578243300e-01
9.898434177942093681e-01
1.005353428437734564e+00
1.002291491231410703e+00
1.009834919490794070e+00
9.902898328450558951e-01
1.012318330859113713e+00
1.004305291626293339e+00
9.900966092684877484e-01
1.017577281653459620e+00
1.011297897258348621e+00
1.002702435956900784e+00
9.909833181626142018e-01
9.872557098969668710e-01
9.951327180375644232e-01
1.009862144369090942e+00
1.013627432590983979e+00
1.003178822584884777e+00
1.008620410342212503e+00
9.977963262291718038e-01
9.838074818759289242e-01
1.020154842921918270e+00
1.012976963394293106e+00
9.860577549130543629e-01
1.005733165735604562e+00
9.986891163587685583e-01
9.950526960381022024e-01
9.799479468645876379e-01
9.898829496720447096e-01
1.005461757013099477e+00
9.997613997011703946e-01
9.788257372676876233e-01
1.006930807096192204e+00
9.949969252936298192e-01
9.692938856201811504e-01
9.943551649494415390e-01
1.014226335408271007e+00
9.982397778193645710e-01
1.006097505647656210e+00
1.010979177496412307e+00
9.782934490303255570e-01
9.892355091703307624e-01
1.002000123469995119e+00
1.001925262271107453e+00
9.918820260448742987e-01
9.843181842948375282e-01
9.947098702803925940e-01
1.008828953388405392e+00
9.751063141976221704e-01
1.001921119341442790e+00
1.008202068818342179e+00
9.759191990944295902e-01
1.013972282870481800e+00
9.937158180897057713e-01
1.008657921106515643e+00
9.895468306005600345e-01
9.921378671444928132e-01
1.013651557494472888e+00
9.910609833074791597e-01
1.003309955101825190e+00
9.853339888544894176e-01
9.996984437662390643e-01
1.005004674824149680e+00
1.012402998525157027e+00
1.011425196785734837e+00
9.868918520981870834e-01
1.002542554079203452e+00
1.006401150043133574e+00
1.004557246269201620e+00
1.005430225413083578e+00
1.012224633382003969e+00
9.960535777315016048e-01
9.968623479759833872e-01
9.931013619898156897e-01
9.881830596720969639e-01
