# data in one-minute intervals
1.094066211491430129e+00
9.413485737457275571e-01
1.119268153184594050e+00
1.086205412585804497e+00
1.071017421206391429e+00
1.029300628643519566e+00
8.925662547873099983e-01
1.027618796246174027e+00
1.030428192218291628e+00
8.346594287647906008e-01
1.002442250202302265e+00
1.152578650153746498e+00
8.200497128614058218e-01
8.573092361296732467e-01
1.060763778743032848e+00
9.479854223907071553e-01
1.017468182989839320e+00
7.990016438880237493e-01
1.133734026009965312e+00
9.500570073873132459e-01
1.003408421626168057e+00
9.461267355360194475e-01
9.479715229049509029e-01
1.006733014197489284e+00
1.212303158723344598e+00
1.040361522981057441e+00
1.116004279085029527e+00
1.036691064821291253e+00
1.006320587732527860e+00
1.109023249346704265e+00
1.043108713961145906e+00
1.100688090350010029e+00
1.102798207678850950e+00
9.947032488654755644e-01
1.035902833969086112e+00
1.191782285471081115e+00
1.046785896912140190e+00
1.082364983302281258e+00
1.023924422107943988e+00
1.030024853538838769e+00
1.089630952995793267e+00
1.016993329400655899e+00
9.608453747093664843e-01
1.105602556386052315e+00
9.285920288476221529e-01
1.143998899297382632e+00
9.968230632633259258e-01
8.661108493067022351e-01
9.037711565227198873e-01
9.046176509376089303e-01
1.026000666962193275e+00
1.003272965558969165e+00
1.109299973196017586e+00
9.498787303442035590e-01
9.288025798100555397e-01
1.021409832547838903e+00
1.002955781047798478e+00
1.014575174886158671e+00
9.631728859691316424e-01
1.139760159947749152e+00
1.022496565718624906e+00
1.000747132006450046e+00
9.697037666947392331e-01
1.012549542253371238e+00
9.636219730514814508e-01
1.001805527121593764e+00
1.046124561599264702e+00
1.059051699201571051e+00
7.844103975771645754e-01
9.242917492158315707e-01
1.025555046759458966e+00
8.776456942795204386e-01
1.053788688519688099e+00
9.157383833973448128e-01
1.165946653504974728e+00
1.073383107688087090e+00
9.387480632761843191e-01
9.611003619604797654e-01
1.015369555623495845e+00
1.102744432444544564e+00
1.106556835054136378e+00
1.112068263235642229e+00
1.113884515455503710e+00
8.799462365887643633e-01
9.876927190942018653e-01
1.114665646525594633e+00
9.301574945291934959e-01
8.938044064166196234e-01
1.002352956136241646e+00
1.140714405467421644e+00
1.093197128183347910e+00
1.151667259708155644e+00
1.164087350572284851e+00
1.127095578462096404e+00
8.982952909161412425e-01
1.039772565234526436e+00
8.701086250736224104e-01
7.790458098806007925e-01
9.146532038712930079e-01
9.628990702592964412e-01
1.194784969737324287e+00
9.853720083032664334e-01
9.185696577580471089e-01
9.814893631260370732e-01
8.460725131865443061e-01
8.880706235415045668e-01
1.040990391916039481e+00
9.950274465071686780e-01
8.469158512247947357e-01
1.121460009846381833e+00
1.094267769288045367e+00
9.940803642728659462e-01
9.690299646231663733e-01
8.696455802929048406e-01
9.256510062489017310e-01
8.492697208521320373e-01
1.021120387370713312e+00
9.633349876884639285e-01
1.056329528247068161e+00
1.100657509474679552e+00
9.573659254995414702e-01
1.025358402970151683e+00
1.064572846581750554e+00
8.918832237459959345e-01
9.219263356509571627e-01
9.387859100281791269e-01
8.895100688150848756e-01
8.526154234177671931e-01
9.400858214181452288e-01
1.068998698808132586e+00
9.592145469651676137e-01
9.611130154046558793e-01
8.916543611042084816e-01
1.165943274827127896e+00
1.078478229346255812e+00
1.007452153494947655e+00
1.046133767134903358e+00
7.938768662149767730e-01
1.171462399943590027e+00
8.092630272650858103e-01
8.254839649427104797e-01
8.035340398668198159e-01
9.057077278438739887e-01
9.474068984807045846e-01
8.866419541857487596e-01
1.093203236577950488e+00
9.787107905796723628e-01
9.752653904997750089e-01
1.146953115613164265e+00
1.179142829842575457e+00
1.081921912909697081e+00
9.210005242642114176e-01
1.260508766716554430e+00
8.789421714821616938e-01
9.871378793925871253e-01
1.038710290359476485e+00
1.100106056834826651e+00
1.037015440283260093e+00
9.421189163373542286e-01
1.033781754096934735e+00
1.028530897919775366e+00
1.138542217512512389e+00
1.020079473689077698e+00
1.006766623774949521e+00
9.575665232751131573e-01
9.258254481295059568e-01
1.157433495601221107e+00
1.077352918326476505e+00
1.015231823059878913e+00
8.677101707597787428e-01
9.881840497510390176e-01
1.031454386352819164e+00
1.064287940391064780e+00
1.010832703797811538e+00
1.005587176263893046e+00
1.080379149694760121e+00
9.510811150497860966e-01
9.260450599688488937e-01
9.553309871562016831e-01
8.489266971087835456e-01
1.036064105715919448e+00
9.108356294472426118e-01
1.164095085396842144e+00
1.064313697216097365e+00
8.265605763945961248e-01
9.662192085231987582e-01
1.148604445363386128e+00
8.861993093617993589e-01
9.594373767779358353e-01
8.951968091711438591e-01
9.355157878531505933e-01
8.958405090499770296e-01
1.092883098438600875e+00
1.005525546495930067e+00
1.092831611968233529e+00
1.015831324409613101e+00
1.086144353330115830e+00
1.010665470169385349e+00
8.860300798986735504e-01
9.949658781510365424e-01
1.037671031561808510e+00
1.059516505144757925e+00
1.013501388424028260e+00
1.027532514516181994e+00
1.220269199351834200e+00
9.877377232179964661e-01
1.159331680619223093e+00
1.158436831155320146e+00
7.296686182755156569e-01
8.892804244829817240e-01
8.732605616531576853e-01
9.121877610707329609e-01
9.709107808710107923e-01
9.834455327972980720e-01
1.059679656562538819e+00
9.099474281087360783e-01
1.139883529383751481e+00
9.479705265343534304e-01
9.950971053116330900e-01
9.361029476812900985e-01
1.091573046022453086e+00
1.092186454788583339e+00
8.096890352781270783e-01
1.030964993160581100e+00
9.903809096171604098e-01
8.657564571255358388e-01
9.967922249757765751e-01
9.473495936583921084e-01
9.309913616258851388e-01
6.881437322091701336e-01
1.089551074866908831e+00
9.803013869408813141e-01
9.198014173172557317e-01
9.204870779237448453e-01
9.584675999240935829e-01
9.190353237608349657e-01
1.077067780697369415e+00
1.044701415555320478e+00
9.011844952129954844e-01
1.088814886846351637e+00
1.025852263940858267e+00
1.020870123914012773e+00
1.079839374500537463e+00
9.597177745738758592e-01
9.599051266535354454e-01
9.571473960489300659e-01
1.123530767862775948e+00
9.755648594580400568e-01
9.448424297554317564e-01
9.916831818591965719e-01
9.272601863311149550e-01
9.787522194602265024e-01
1.016423760823579325e+00
1.074268723746330867e+00
9.372229972050798441e-01
9.694644419485520803e-01
1.092265102772341123e+00
9.452029183169694537e-01
8.617333850011101859e-01
1.039036432687578726e+00
7.411867012046233771e-01
1.158896491167968223e+00
8.580490777873976960e-01
8.704749734695660379e-01
9.465983091283338702e-01
9.885377540010364950e-01
8.658607716904330731e-01
1.002412296723838692e+00
1.105136929568586002e+00
9.052154796798863590e-01
9.425137338682019195e-01
9.521760830486268867e-01
1.146819962035530160e+00
1.022810126880666415e+00
9.450333421558476665e-01
1.088380339268745889e+00
8.579882628559720725e-01
8.918586500493530522e-01
9.852803909151574002e-01
1.134838399215235771e+00
1.027686370099586632e+00
1.019795406079445632e+00
1.013650544035477274e+00
9.420290704577365393e-01
1.048374914656598600e+00
1.026937513205158137e+00
8.652688484396684476e-01
9.982377087378051517e-01
1.337608934090844581e+00
8.798585493631724264e-01
1.013855649719688223e+00
9.060924111158741301e-01
1.011833407211211844e+00
8.754626729318446543e-01
1.006477278106696627e+00
1.000323465616647090e+00
9.697206775843849602e-01
9.892902247747028532e-01
1.047696128737536592e+00
1.024162603689562134e+00
1.183908031107681058e+00
1.094451636496360347e+00
1.233089375572350654e+00
8.719463778117233499e-01
1.163510153504654365e+00
1.012247758836065881e+00
8.014625876328025367e-01
9.182197742884392611e-01
1.075473289147063971e+00
1.069687721292067240e+00
1.009829555800702217e+00
9.498842281996746628e-01
1.088113162465745187e+00
1.013727866423695945e+00
9.900934423056831912e-01
1.039048438432105259e+00
8.679871227111717324e-01
8.004153996877334531e-01
9.668809735350081258e-01
9.889853976630317289e-01
1.146927493557008626e+00
9.837896999377209184e-01
1.108981011047005083e+00
8.675777516481062435e-01
8.710050316779002211e-01
8.478230348925793747e-01
8.925566075297025614e-01
9.563299444979396213e-01
8.774771738249679265e-01
1.170558050853091725e+00
1.048418318250448067e+00
9.349369700010827788e-01
9.809484838654281003e-01
9.492794178863127597e-01
1.006586763001236173e+00
1.083283193719757564e+00
1.038279804284199637e+00
9.326391649313198196e-01
1.007557788317134717e+00
1.001830393406911268e+00
9.514058923234713916e-01
9.631748706237048818e-01
1.117246325751607872e+00
9.135538447537316920e-01
1.037795477366359131e+00
1.005400737553353574e+00
1.068810808875045426e+00
1.076432246623384437e+00
9.897333702237951503e-01
9.175594798002582042e-01
8.683010334740777214e-01
9.947490295785482717e-01
7.705242735811377308e-01
9.968863981014185471e-01
9.368158396914469943e-01
9.745467346292981947e-01
9.799506601734756517e-01
1.063556864403896407e+00
8.958714486369934171e-01
1.007190396576800762e+00
1.067778392417247035e+00
1.078554564427332885e+00
1.069250989550748265e+00
1.018345824836201396e+00
1.022580031980454551e+00
1.086094429594128830e+00
8.562300615773271728e-01
9.910033808510884112e-01
1.103638245384364502e+00
1.006114016115771337e+00
1.057842733774902344e+00
8.543206511783496548e-01
1.010348523508407093e+00
1.012001670634044004e+00
8.440565139506789327e-01
1.051443856487602746e+00
9.552295194953482893e-01
1.089470331050391483e+00
9.892974157789773404e-01
1.140389480435879621e+00
1.086087388800123232e+00
1.056802573960554437e+00
8.961095810002100981e-01
1.226930471714462900e+00
1.060133036193485978e+00
1.030584013523609066e+00
8.970413996490570474e-01
1.001731116681666922e+00
1.055503382884624530e+00
9.998125705488559722e-01
1.054444998536777200e+00
1.054758725141892395e+00
1.012136490510920472e+00
9.004961163416244085e-01
1.102129832668303333e+00
1.124708633641167577e+00
1.165523649436029929e+00
1.092913408321323665e+00
1.087688923683787889e+00
1.081391728427658183e+00
8.950352829550296541e-01
9.558806604184679756e-01
9.575235348194728324e-01
1.042951098422026934e+00
1.081484711112446151e+00
1.040499897118320360e+00
9.847538367223779288e-01
9.740253006531267577e-01
9.754788945921133436e-01
9.960238321632959302e-01
1.084791638055623952e+00
1.035652320867202825e+00
9.427979191685257332e-01
1.247207973271688308e+00
9.346693519646944726e-01
9.971778164450454396e-01
9.435946770621860269e-01
9.398316753817086422e-01
1.001079775142954764e+00
9.960038094312280155e-01
1.169515902078960501e+00
9.059234733516147164e-01
1.049040623911358772e+00
1.002020552669993902e+00
1.005278870097650934e+00
1.031230324176920510e+00
1.073377764619684704e+00
9.588779099148801999e-01
9.683752500553686193e-01
9.424870051494530498e-01
1.033476755796598257e+00
9.723075426955698486e-01
8.798426855458195694e-01
8.354190304356106100e-01
9.518681009658532810e-01
1.074661938382696302e+00
8.155288512874276918e-01
7.340760819320621966e-01
9.046884268118218220e-01
8.948192002182931981e-01
8.566592856738776129e-01
1.108286617112214545e+00
1.092337511170627939e+00
9.840483051534153480e-01
1.030748249128144334e+00
1.003554210962643412e+00
9.519924160322194018e-01
9.951800582228970127e-01
9.372081902556882449e-01
1.026799014496760032e+00
9.811925432726658070e-01
9.361561412045169561e-01
1.181053431637802964e+00
9.324308811993965440e-01
9.479278594521240997e-01
1.043848510287454623e+00
1.183383669588264908e+00
1.129226061857003582e+00
9.852383770627783921e-01
1.041056079368196441e+00
9.467488461178501513e-01
1.030558331514142223e+00
9.311906120567772227e-01
9.165013828344844571e-01
1.021542613415060474e+00
9.847545465659548469e-01
9.240796792431958950e-01
1.010267070359708308e+00
9.174267613886899486e-01
8.632784880769160951e-01
8.906988550950852845e-01
9.046090613327184560e-01
1.069641890996283040e+00
9.844374852244043295e-01
1.095905543426750617e+00
9.480187262277744997e-01
1.081030021469591373e+00
9.668338281529181844e-01
1.004589729362109551e+00
9.013079024536214678e-01
1.048899881743791118e+00
9.426151537009959114e-01
1.096394270575492769e+00
8.561133533815570296e-01
1.049061634178015012e+00
1.076371541298116519e+00
1.140999123779138591e+00
9.561566519745443582e-01
9.444645663224513488e-01
9.303061034501348692e-01
1.008710511432305612e+00
1.004357516669342365e+00
1.107147354837811459e+00
1.053286010968073505e+00
9.665637365064365660e-01
1.070240213852902800e+00
1.031998278105503930e+00
1.096829868568987232e+00
7.921453768909521020e-01
1.001614279826840592e+00
9.669255308318464026e-01
9.818298794400185381e-01
1.027909397402416714e+00
9.914170745746117008e-01
9.061803195890265616e-01
1.041624495774934323e+00
1.076979971452393325e+00
1.082838592375973352e+00
1.071659944570180212e+00
1.140544581616478759e+00
1.032661601268846097e+00
1.098512220432259490e+00
9.594807675803437297e-01
1.105384379018964802e+00
1.057040755734211634e+00
1.211028195850134548e+00
1.123756101303345023e+00
7.599443060065947941e-01
1.199481561595961976e+00
1.081407693947920468e+00
8.019293569686529732e-01
9.410325156371696087e-01
1.079690267692831718e+00
8.551501427462319116e-01
1.009114652650144439e+00
9.581254911918042350e-01
1.075458127928843988e+00
1.056940275818502029e+00
8.557554959177438025e-01
1.084446991623066570e+00
9.584209175051688900e-01
9.179484309703497269e-01
1.102060692697768962e+00
9.631061505897776653e-01
1.077676052215840841e+00
9.502186255198105114e-01
1.038134450316663626e+00
1.083279457669500179e+00
1.083465572307965363e+00
1.100544089034995787e+00
8.776833960373773280e-01
1.084438093511411960e+00
1.005934568445480348e+00
9.189936303952340735e-01
8.840312549468152259e-01
1.082648818805979296e+00
1.005706473104664100e+00
9.648493447320822813e-01
1.194717221079943048e+00
1.037945907988197636e+00
1.008960490236286089e+00
9.669806369502490506e-01
1.119472570941839162e+00
8.559804830308237467e-01
8.882108010302801615e-01
1.045814009676079070e+00
9.540324942260736130e-01
1.117611294446680059e+00
1.043413983661870104e+00
1.015130797001369878e+00
1.025103930540334662e+00
1.071274864043368469e+00
8.207761090163359086e-01
1.003717398950784156e+00
1.129124201182810872e+00
9.571395831349521766e-01
9.175905363107987878e-01
1.299167080457019452e+00
7.723501867768718387e-01
1.034447512004376124e+00
1.003978908732418684e+00
9.754564472730286040e-01
1.048286184635067286e+00
9.362022621024588265e-01
9.011345995315789281e-01
8.635175490575739410e-01
9.289428445111227450e-01
8.588698629030288023e-01
1.071022635552536517e+00
1.128288449847230313e+00
8.811557287093377822e-01
1.069220642409845601e+00
9.910493098713304416e-01
7.728917449482426427e-01
1.157163586079987372e+00
1.128046979231620561e+00
1.142704919894891535e+00
9.765624991648896858e-01
1.051722748391775930e+00
8.200695004911500163e-01
9.040873794213185599e-01
1.056301611541927477e+00
9.788240124763600836e-01
1.048827586743797280e+00
1.272726913741222488e+00
1.220342525079953333e+00
8.937910539451709990e-01
8.180189228666874257e-01
1.057200553095232420e+00
1.062754962443108298e+00
8.984978493603239524e-01
1.030326417138312189e+00
1.133143798963212712e+00
9.659898529054138372e-01
1.116554216064690186e+00
8.052456158307378375e-01
1.082883648579699543e+00
1.104563476306950953e+00
8.112929830991105762e-01
9.924089045273452037e-01
1.073863410099637594e+00
1.071062435437053928e+00
8.727558243662485449e-01
9.231381584833907583e-01
1.004478900645439765e+00
9.445001142911862990e-01
9.666480691434745642e-01
1.111793372722618578e+00
1.108505686963008996e+00
1.000689082618009929e+00
1.033607286259702551e+00
1.021657194568382776e+00
1.148642315717897988e+00
1.145645450078994321e+00
8.882726101303962674e-01
9.772766877905153526e-01
1.016478925069632000e+00
8.966325163798858355e-01
1.020382684811522056e+00
1.191997817866450537e+00
9.648557902614882664e-01
9.594389143161456968e-01
8.031995770901558807e-01
9.950248939437691398e-01
1.214365730837816626e+00
1.122580617023953176e+00
1.104188456337823032e+00
9.601399296779808967e-01
1.138802449761064928e+00
1.172271075729735212e+00
9.822468775736210578e-01
9.701297108948371273e-01
9.914965355247883361e-01
8.900184780030938603e-01
9.824750904081195335e-01
1.006459245772773237e+00
1.086188506755362493e+00
1.015126207842741879e+00
1.081977150873466353e+00
1.068273396486651095e+00
9.238161007855191231e-01
1.024406284180658711e+00
9.831256379489652364e-01
9.319614137677316723e-01
9.365298865959088559e-01
9.508584083983022683e-01
9.311091627373930812e-01
9.113261188224280884e-01
9.464191972212773196e-01
1.115727485099203387e+00
1.001241656999336982e+00
9.509562590441666963e-01
1.015201426868456602e+00
9.322305783958271252e-01
1.007568432420645088e+00
8.975821484905868175e-01
1.217127089153062780e+00
1.048714492652824903e+00
9.648072181526441415e-01
9.741524717343490458e-01
7.820812211817764759e-01
1.020700357512782208e+00
1.036144308677681147e+00
9.069559727293958762e-01
1.114681852647478211e+00
1.088233116405779466e+00
8.506040706281834396e-01
1.000364474897995848e+00
1.057245278007774347e+00
1.076357968836772594e+00
1.124108791703019694e+00
9.373027843202246245e-01
9.835617235227678279e-01
8.706323843560503928e-01
9.815599576385075631e-01
8.913508996732988354e-01
1.097716028404287725e+00
1.086671473914129660e+00
9.609564947955280267e-01
9.275610541115678620e-01
1.014408531734948493e+00
1.034391943891171950e+00
1.110244234006903197e+00
1.205010175066028255e+00
1.086771871530715305e+00
1.135734776624083953e+00
9.508915194583027475e-01
9.206898201498214807e-01
1.031272931472972054e+00
7.898273079490593096e-01
1.011072679826114484e+00
9.986112345857175443e-01
1.013543470858986995e+00
1.101235170714910838e+00
1.141471762748933250e+00
9.050474411587908774e-01
1.068736652273279519e+00
1.056535121087907259e+00
8.790690664126515896e-01
9.501188209239131988e-01
9.586271799283090367e-01
9.026862508546117381e-01
9.813912180920596473e-01
1.095493996915517965e+00
1.016364964365095380e+00
1.010590455232933227e+00
9.903983741034424471e-01
1.149148368747741511e+00
9.564699562227624297e-01
1.106152311948069400e+00
1.002441423224164518e+00
9.751284465624501241e-01
8.633366925443493045e-01
1.004061962189364055e+00
8.912783522832660177e-01
1.145128202025470721e+00
9.822567072037219349e-01
9.487784774223122497e-01
9.219941729896374838e-01
9.989522626081783763e-01
1.091153957445343492e+00
1.033849220441475758e+00
8.841190333572025439e-01
9.951976912952448240e-01
1.157898137528444504e+00
9.654729149038300262e-01
1.036596963588312104e+00
9.058952505388797594e-01
1.006557094534588970e+00
9.466820634683065228e-01
1.215013499371942363e+00
1.147700809723588122e+00
9.348638456850416611e-01
9.211186391934479412e-01
9.542689016669795299e-01
1.060702493075140085e+00
1.065196041459792298e+00
1.027793410122832318e+00
9.790314793997988430e-01
1.062607028722153402e+00
1.037356599994084361e+00
9.020440145478910710e-01
9.046601306527863873e-01
1.007377416523384417e+00
8.897018475236908586e-01
9.845666519101506919e-01
7.938295474825536324e-01
8.668775918284069570e-01
9.178129008504860575e-01
9.567686688723014976e-01
1.024090909077403966e+00
9.383721706715199007e-01
1.193941345194643233e+00
1.028637952993602278e+00
1.118215255879626557e+00
1.340708094506378067e+00
8.657667738708318961e-01
9.628912130642983680e-01
9.602691468104802563e-01
9.852710681749635713e-01
9.338938168428961850e-01
8.748281508617823388e-01
1.026345897129889329e+00
1.031436765568570779e+00
1.159591559383300829e+00
1.037005981004950339e+00
1.230955617099538379e+00
1.001946267070749963e+00
1.009229341413259817e+00
1.001309152539376912e+00
9.762136647605571538e-01
8.270677413610674211e-01
1.101315859718392742e+00
9.909318727095807189e-01
9.425544243307297787e-01
9.416403990691417647e-01
9.297290590791992271e-01
1.208670887469704081e+00
1.097279206618219982e+00
1.102577327007656205e+00
1.006136647236075543e+00
8.759028807820361529e-01
1.040286381096294344e+00
9.356164328376376238e-01
1.172845738650887482e+00
1.185609034463768419e+00
8.849066579435747038e-01
1.030029453760146430e+00
9.658455837430166557e-01
8.735893931663861744e-01
1.105353038662317156e+00
1.004136960271481138e+00
1.130420119207547147e+00
1.123405626789448997e+00
1.065484765972459336e+00
1.052638387599795999e+00
1.005398161061159534e+00
1.044366320229571210e+00
9.384643993989250088e-01
1.127819120066076986e+00
8.326637112863821688e-01
7.052724367834377617e-01
8.571145221313342111e-01
8.905290622742723095e-01
1.096790632185117520e+00
1.111692761234631455e+00
1.192288878365526994e+00
9.621700014712128990e-01
1.093430053610295660e+00
9.183308172112362167e-01
9.187359830143346784e-01
9.336407567176814304e-01
1.130399609841532094e+00
8.950043802593060649e-01
9.830239557966425901e-01
9.882633652591618079e-01
1.104559674354162357e+00
1.167153925338968001e+00
9.834426376219556065e-01
1.032991250217162094e+00
1.000414791564057104e+00
9.297697795429841205e-01
9.919394325999018047e-01
1.099892582169271993e+00
1.002890482542054373e+00
1.041024698748509669e+00
9.820382242281264773e-01
9.754312004923989532e-01
9.557262874219446536e-01
1.076820572247232821e+00
9.837249767044434767e-01
9.884704854827359721e-01
9.075777926147267083e-01
1.085193925206215937e+00
1.062408878588584571e+00
8.984883453481241622e-01
9.961270064826681647e-01
1.005037673538983878e+00
1.003938364959419127e+00
1.005920983814431402e+00
1.000165709955275428e+00
8.450981696558848011e-01
1.101477143884869836e+00
9.554359680810889932e-01
8.196698384247478320e-01
9.397260293514011487e-01
1.009191560023140477e+00
9.553069638371273209e-01
8.565560674887278125e-01
9.320126539941535615e-01
9.951868618145118806e-01
9.149171984548214454e-01
8.790467017897070079e-01
1.059316857213945529e+00
8.182121698821994693e-01
8.915672262091434153e-01
1.055736752575564763e+00
8.769188606556110877e-01
9.739043475286367491e-01
1.092331200672611802e+00
1.048885947467768087e+00
8.863880368007943655e-01
1.099252896306823102e+00
1.080791801037269018e+00
1.074771027757551511e+00
1.069702937905476103e+00
1.035380302281790676e+00
8.248210194603378120e-01
1.205145452806362094e+00
1.148869447505710406e+00
8.618168438266943232e-01
1.148888030116839154e+00
9.196996314905697689e-01
8.637489067951239496e-01
9.501895488891074493e-01
8.640539014079249291e-01
1.059362029036544861e+00
1.166717819498617414e+00
9.788011646169900715e-01
8.924421369692738804e-01
1.045867262524220465e+00
9.168224886464000356e-01
9.074307612419376667e-01
1.016876703679155725e+00
9.533407499191597356e-01
9.521738068255697351e-01
1.040114132850764816e+00
1.008312990734914871e+00
1.066125656001062127e+00
1.010995476057823028e+00
1.167111408192348154e+00
1.021118455448740914e+00
1.022314426457793024e+00
1.000556731779125519e+00
9.737197163368092045e-01
9.446057887519339058e-01
1.009765077598975713e+00
9.416918838769166022e-01
1.047299129507390347e+00
9.658354534930202462e-01
1.070773786624806823e+00
1.011998114966424334e+00
1.077544751038852278e+00
8.649472207042090410e-01
1.092357005607420106e+00
1.003283871198110910e+00
8.830804358985736568e-01
9.672877260396097743e-01
8.458576299445188518e-01
1.075225749870450054e+00
9.646817480643758991e-01
1.055233488684685916e+00
9.620925110162183991e-01
8.519681413145205884e-01
9.780467652498475717e-01
9.412493738538084687e-01
9.438291874858081298e-01
1.086064770360818832e+00
9.223746194277326893e-01
9.260505854026080952e-01
1.130042714976320584e+00
9.591672094059172649e-01
1.036630685800737472e+00
1.094659857465717145e+00
1.230912241996630740e+00
1.016572602153447358e+00
1.026899194668175141e+00
8.854430485001066886e-01
8.951896892973110198e-01
9.856371826693940408e-01
9.178286247131820508e-01
1.161341421456263179e+00
9.608069660551148417e-01
1.072735674693832797e+00
8.950696253780310307e-01
1.047061055682414699e+00
1.093873858696206458e+00
8.602008924566547643e-01
1.034361064117879536e+00
9.242663054901747444e-01
9.783016396264995196e-01
1.146242451681915187e+00
1.088071239360718589e+00
9.548410687298529709e-01
9.397813208607729285e-01
1.117446661625590920e+00
1.004642756180833540e+00
9.174980816060386291e-01
9.976324177940215643e-01
8.878739082906209612e-01
1.058937979327076784e+00
1.027689774341905116e+00
1.083583761817138669e+00
8.625871337775998793e-01
9.545831102448617544e-01
1.027108880340503738e+00
1.085207040818985558e+00
9.732588768951795366e-01
1.009880900768245438e+00
1.027057247521743433e+00
1.070356925016236804e+00
1.023452201270754980e+00
1.090247827597820462e+00
9.249673107627247592e-01
1.151900368135013952e+00
8.294182416701109117e-01
8.969828840085352084e-01
1.109851237360354625e+00
1.000080219915231439e+00
1.004206112280361829e+00
9.077898564191134723e-01
9.386424748632336001e-01
9.803011242770995892e-01
9.632426775672615626e-01
9.749176913619912455e-01
1.127500263321206786e+00
8.750702220531556552e-01
9.865916438225588170e-01
9.802190458506517823e-01
1.046481001328368299e+00
1.132522734595978520e+00
9.601274079434184427e-01
8.510562209406830059e-01
1.090184704396923498e+00
8.974907206909500390e-01
1.033747347011819917e+00
9.286761743899233368e-01
1.152668382623134091e+00
9.722435904335816614e-01
1.100849789277454027e+00
8.581645620046588485e-01
9.387377433848670405e-01
9.570304923793777618e-01
1.039081998386740979e+00
1.025161873515285871e+00
1.035083571152020987e+00
8.548353762495974895e-01
1.168255929694836937e+00
9.814891312017289815e-01
1.057077749642692188e+00
1.037180085064654866e+00
1.114674481307174281e+00
1.071071171829024005e+00
1.128954884544244530e+00
9.295321891802053038e-01
9.795303444793339587e-01
9.312980236474974749e-01
1.035668313021527842e+00
9.874219694794329483e-01
1.012624712206373401e+00
1.266065762775372194e+00
8.984189889940062956e-01
9.841351063189212045e-01
9.428224376674623208e-01
8.825594926961156661e-01
9.480448425310694649e-01
1.189694787830648526e+00
1.067551590995836408e+00
7.942896493448505790e-01
9.848194092170619030e-01
9.683581014609848880e-01
1.051186942788653100e+00
8.006036628586750137e-01
1.043753051389540110e+00
1.092517101633720289e+00
9.890012603074126440e-01
9.591658737646149291e-01
9.004288467837319176e-01
1.081497716059234726e+00
8.991774709413240529e-01
9.976780765781337879e-01
1.001583112422271382e+00
8.824744883486033142e-01
1.087260688406367359e+00
9.905144944959450859e-01
1.008614138066389776e+00
1.157561937847269462e+00
1.078000718719949624e+00
9.591022673020993539e-01
1.068475629478014666e+00
1.144827343020756061e+00
1.117918998125718488e+00
9.602334326504917694e-01
9.649716526802696315e-01
9.873386870585075803e-01
7.532536877808273523e-01
9.752076910845989266e-01
1.094896726587557989e+00
1.025815564512335687e+00
8.790425821297294107e-01
9.883006080290827056e-01
8.563406799774172518e-01
8.754347482487635501e-01
1.013340954568112240e+00
9.076796660704913311e-01
1.263990414860618472e+00
7.742006498930502634e-01
9.764692878286431732e-01
1.216419669322157837e+00
1.010469516113126076e+00
9.569247849177047183e-01
1.006401438643086177e+00
9.496142491904476790e-01
9.968928590326326944e-01
1.095395217663450049e+00
1.041500012344682924e+00
1.049835193273040534e+00
8.928042852440207788e-01
9.797896589087957686e-01
9.751534275075477431e-01
1.065747932100213013e+00
7.819453479115683336e-01
9.407979973237947657e-01
9.951923145139509597e-01
9.134601873922507664e-01
1.000052767451448110e+00
1.267143343650176224e+00
1.082182570075517436e+00
8.839394545556160665e-01
9.782321234232498330e-01
1.139685018560043339e+00
9.956512884977583022e-01
1.127572075614955205e+00
1.152412298156238135e+00
8.839697038267688711e-01
1.026915610689668634e+00
1.147347084629534386e+00
1.100128302398131863e+00
8.935481254452752875e-01
1.099365677837324196e+00
9.471193067292931200e-01
9.320068496085698317e-01
1.007192838684707770e+00
9.805976997930204719e-01
9.752836273414544621e-01
1.079125515483290831e+00
1.062764600018561767e+00
9.321736003911796908e-01
1.020573580863680885e+00
1.131296778526595492e+00
1.041778452623242757e+00
9.034645629580362325e-01
1.045147013116463297e+00
9.865018145101025482e-01
9.129622029645507730e-01
8.411435171605901040e-01
1.116699059661718785e+00
8.895364063677035915e-01
9.822310751662777228e-01
9.186887651643393937e-01
1.024461976113490991e+00
1.070978875869659674e+00
1.065914135192164380e+00
1.044946529170808658e+00
1.057078042282544095e+00
8.706383215714394996e-01
9.521425656119965053e-01
9.785710899644907146e-01
1.048753454815355868e+00
1.025560967095601184e+00
8.822647902270479570e-01
1.032315128265733462e+00
9.555543988392185550e-01
1.025197489641599180e+00
1.040305365720947339e+00
1.100247942365844889e+00
9.586684685895785485e-01
1.085151998139819884e+00
1.101876805170424634e+00
7.161058431617887132e-01
9.103587531311521097e-01
1.159487425681940742e+00
1.158476636367971713e+00
1.074118039027398108e+00
1.014951394190835243e+00
7.535718134356454989e-01
1.102758722696510096e+00
9.039017268343236822e-01
8.176928810340678977e-01
1.179788488246828360e+00
9.777924449856363331e-01
1.073303472034564887e+00
9.747633026280821955e-01
8.845981314266949669e-01
9.110533847723505385e-01
1.055801801619437263e+00
1.047180556536642770e+00
1.009335368931884247e+00
9.338557102883024985e-01
1.020556084681937259e+00
9.561354739685967719e-01
9.543973173158172285e-01
9.809414938182210442e-01
9.808859328913132059e-01
8.891095709429410743e-01
1.024920892317930265e+00
1.074090103989522982e+00
9.567985078055546433e-01
9.632392160903195943e-01
9.864071456969386587e-01
8.595834469233029074e-01
8.148392897723292227e-01
1.188555880994026648e+00
1.140401848077748470e+00
9.697861887102489087e-01
9.221932527349222530e-01
9.539901229298808349e-01
9.855705243380261660e-01
9.874788951158792738e-01
8.967638501984115385e-01
9.323086741114301468e-01
1.027309415679417803e+00
9.076386522266817192e-01
8.582043261975917936e-01
1.058585147475365806e+00
1.184054022368135062e+00
7.385327839722732879e-01
1.122605664482376975e+00
9.828605421482220494e-01
9.756063975151255674e-01
8.807712595166099501e-01
1.031663450378785152e+00
9.269268137062742774e-01
9.467102955025133992e-01
1.070939677537061208e+00
9.565070447883829985e-01
1.013232853070961781e+00
1.125373645033808767e+00
1.107431469611931618e+00
8.101813775555563035e-01
8.436632702869810707e-01
1.075183134967362841e+00
9.731141935303213586e-01
9.656481862234672642e-01
9.335891382451764198e-01
9.899638705882957135e-01
1.089841090662524214e+00
8.153220332702233453e-01
1.013220367824303025e+00
1.022177767463170017e+00
9.162089806835999051e-01
1.149176852844610908e+00
1.043010433041586582e+00
9.478200585610273565e-01
1.110750624284720489e+00
8.344059062374726832e-01
1.182566760978256415e+00
9.748642351477099233e-01
1.091947711497251561e+00
1.076283809473502329e+00
1.005312570269478512e+00
1.151008952224038095e+00
1.053045206244299203e+00
1.167846424173815123e+00
1.034946210840962166e+00
8.479351307585091257e-01
1.134364543672866432e+00
7.896913452203837558e-01
9.480469713779411389e-01
9.688090625729240957e-01
1.034314725743479491e+00
1.189738344755355559e+00
9.498682002644277533e-01
1.070764226704378430e+00
1.102850106144632969e+00
1.027601605470810364e+00
9.092300010972179658e-01
1.112426008456681936e+00
1.055504915744758021e+00
9.856202259188401316e-01
9.243007439708270656e-01
1.111661243098596152e+00
1.010868222789032878e+00
9.229079598188308919e-01
1.076470649795320922e+00
9.810613751795868032e-01
1.138818147568352313e+00
7.419429083184154727e-01
8.783331183570763923e-01
9.345060005086588406e-01
9.206570386267471928e-01
8.809089423170846089e-01
8.507444112355521115e-01
8.333886051776232540e-01
1.005927993153790334e+00
1.060903735006728299e+00
1.022885234835977153e+00
9.413211292907861516e-01
1.061095333838617760e+00
9.478349856832487541e-01
9.883284794741190593e-01
1.078784612379552144e+00
1.000461228774886635e+00
9.857468886832518873e-01
9.704908904653894997e-01
9.050126751600588992e-01
1.147347611151476210e+00
9.764679917727049352e-01
9.864680375924658184e-01
1.042971908709175555e+00
1.007118325915688395e+00
9.251038652390974892e-01
1.154863702058283703e+00
1.277392730022550715e+00
1.221249392808815060e+00
9.852825611512652237e-01
8.570431335285370045e-01
1.096635337982142744e+00
8.906912754878244520e-01
1.166076089091979906e+00
1.045780766747479440e+00
1.020313806793352374e+00
1.054850912848158018e+00
1.115481408475664349e+00
9.044273900887817019e-01
1.134329284195235044e+00
1.128980511626533012e+00
1.128991734465802477e+00
1.045923643426223570e+00
9.883264668868950720e-01
1.162400292805194857e+00
9.944778786778087909e-01
9.844096482872273235e-01
9.075669693153577411e-01
9.233296584939799656e-01
9.591934244914123164e-01
9.480342992930129720e-01
1.045114936050970167e+00
9.561036493479442289e-01
1.006929557649622442e+00
1.187669051270476617e+00
9.063647617219966479e-01
9.102322592537518409e-01
1.049489715125462075e+00
1.197688326372396972e+00
1.098810351008014718e+00
9.535710903633521918e-01
1.007407811205426773e+00
9.149583274974181224e-01
9.886947371622410996e-01
9.316943778336694848e-01
9.302336573547768106e-01
9.889530383977517269e-01
1.155051283580732946e+00
1.066189967934769944e+00
9.054933498088663102e-01
1.095171887214962725e+00
8.904680291590892915e-01
1.099255100125446916e+00
8.177827395721883885e-01
1.155467637033751327e+00
1.031503850473400208e+00
9.005080733283068462e-01
1.006592531231631060e+00
9.492762469047278939e-01
9.310738784065457629e-01
9.370497918996492093e-01
8.686939171112175728e-01
1.049891766453415309e+00
9.486796616744582744e-01
1.116429336800653704e+00
1.153668931820048815e+00
9.785378678612982606e-01
9.505583708432946421e-01
1.032976023050478309e+00
8.783543835093986507e-01
9.218703369361025413e-01
1.155632533047971755e+00
1.147423470434448145e+00
9.864665388909568122e-01
1.046554129096227026e+00
9.499555158629517937e-01
9.451003722513326988e-01
9.802571220612109615e-01
1.045594210921102940e+00
7.786697681738007359e-01
1.116840400988841742e+00
1.072528065395460750e+00
1.121067727583649365e+00
1.047560012590510237e+00
1.032951270883525119e+00
8.895992600639037740e-01
8.842744896197622939e-01
9.533863261704290659e-01
8.421176964614447424e-01
1.122809645990691552e+00
1.105372220128192362e+00
1.106699231372651360e+00
7.513203818432867553e-01
1.007319075341667203e+00
1.021104348026412145e+00
7.824888504607688811e-01
1.081252895781595891e+00
1.015786424311619918e+00
1.066651381585928204e+00
9.074106571246499664e-01
1.050803535100404806e+00
1.073724206139918591e+00
8.659589141341460516e-01
9.409230580898564344e-01
1.015648058645721941e+00
9.140792699248848630e-01
1.033696707406581927e+00
9.155225637540578276e-01
1.057184731782805143e+00
9.634755713392362253e-01
1.065875911198320480e+00
9.119193886392744641e-01
9.345908144073049595e-01
9.765406042732245329e-01
9.187678492021277288e-01
1.106940823783491457e+00
9.026476655703898899e-01
9.480954955102520731e-01
1.002089374609578698e+00
8.436641315309740818e-01
1.070467642773580419e+00
1.067177649152922791e+00
1.038941070509065367e+00
1.041271386128245879e+00
9.331789632329868800e-01
1.204507623226942714e+00
8.577365308399750310e-01
9.022870167277154962e-01
1.018407413025642638e+00
9.199492181644861599e-01
1.011769647145525308e+00
1.022132447155245760e+00
1.037453911540669127e+00
1.114117367569780193e+00
8.954118140789357749e-01
9.553086082683837077e-01
9.650670283816320527e-01
1.089648848750808918e+00
8.989747558197327404e-01
9.538186999214626205e-01
1.066494761114766376e+00
1.128709692098295081e+00
1.166673054937400922e+00
1.054070089588989845e+00
1.018010699991041434e+00
1.021597714162400861e+00
9.937321152928736412e-01
9.687413647808529316e-01
9.166530815717597314e-01
1.146921938155015752e+00
7.595589438561551887e-01
1.102522334583078356e+00
8.996127805628262308e-01
8.644704533776441657e-01
1.041481468343655070e+00
1.112347301136420441e+00
9.963138110366601685e-01
1.103859065437347908e+00
1.109228169146133203e+00
9.803593014662834726e-01
1.056429089531545351e+00
1.107375226607572261e+00
1.109292067964335216e+00
9.100540057813970574e-01
1.004641134056629914e+00
9.421796011728594822e-01
9.784268685095834917e-01
8.917479700679393773e-01
9.395193647397075409e-01
1.169349605079257337e+00
1.109341188289690194e+00
8.963506356599710845e-01
9.259436251921854266e-01
1.074246633994679678e+00
8.866068663621334833e-01
9.399830057533788974e-01
1.142335734970374883e+00
1.188055363401721021e+00
9.687532404120967611e-01
1.006605069210061654e+00
1.064789044159405229e+00
9.794349410757652308e-01
9.307291709555342019e-01
1.008851384548930419e+00
9.708947178843326808e-01
9.997908461152714699e-01
1.008433749474983765e+00
1.070338383805659932e+00
9.289250812511427036e-01
1.084635929508243057e+00
9.434099564523665826e-01
1.003059160369428549e+00
8.972916498271987784e-01
9.926806202953319946e-01
1.108649619311987689e+00
9.499347587193472942e-01
9.053812444137473436e-01
9.978231213058725846e-01
1.041572002996336899e+00
1.150554038103035692e+00
1.004777599056989379e+00
9.511706105177246684e-01
1.107579809324261477e+00
9.336585848997667192e-01
1.049995344211689163e+00
9.672722713019475949e-01
8.956266559260402937e-01
9.459495491794247535e-01
1.004637793762705567e+00
9.997207542367548827e-01
9.674805714887931840e-01
9.528083084371880007e-01
8.229574555247423095e-01
9.772866270925004706e-01
1.075041534590311043e+00
8.397900637856328121e-01
9.703219640143486702e-01
1.022942410660236501e+00
1.062025890960150987e+00
1.157123549459317502e+00
1.117204141542035289e+00
1.014895618710148995e+00
8.607744521343321242e-01
1.070036028679445694e+00
9.904009080421800615e-01
9.134435228451754929e-01
1.016708761847991305e+00
7.878623535744823103e-01
1.125431504839546015e+00
1.154986962889573032e+00
9.793708024753527974e-01
1.113658053454425811e+00
1.023800225612516268e+00
1.096737952780143965e+00
9.390178027908752112e-01
1.085713863847068028e+00
1.118844190334184585e+00
9.469165575241901278e-01
1.055106047467293084e+00
1.017638440416721579e+00
1.005886679630923375e+00
9.744461632544781926e-01
9.096891235306746593e-01
9.512079387865006730e-01
1.008189151821984542e+00
9.781296910460673955e-01
1.060600130571343502e+00
1.058159090156497895e+00
1.052030844461056436e+00
9.864751851673938532e-01
8.607280606607448092e-01
1.068667583429114831e+00
1.009466317333462371e+00
1.063815021427767293e+00
1.205430646210225998e+00
9.850117440063518304e-01
1.044216158799391669e+00
8.330477634311427293e-01
9.405415221376038915e-01
1.047094628451703979e+00
1.049999889842817336e+00
9.302115892149828147e-01
9.877087058344619086e-01
1.006755733774349348e+00
9.761323720707124618e-01
8.524446483263120600e-01
9.515336886148512141e-01
1.130975130689745090e+00
1.055662166998549756e+00
1.014778399045603408e+00
9.390358483165819337e-01
8.851474819791184112e-01
9.849831428865130079e-01
8.379892718448606059e-01
1.123227580595358877e+00
1.024615057252675543e+00
1.132907992475775227e+00
8.200711085367574649e-01
1.070090161391419104e+00
1.016855946579028336e+00
9.684202199683054069e-01
9.904462577808647028e-01
1.084665735631946681e+00
9.134767298382262535e-01
9.334971552270857620e-01
1.004449002446944350e+00
9.684672304542873977e-01
9.973574631344305219e-01
9.204598374581375309e-01
1.087358032870575197e+00
1.032982329178649294e+00
8.615309328459849203e-01
1.028028734210014061e+00
1.143354848151754144e+00
1.032869650955841045e+00
9.428205447695522379e-01
9.946673208663711074e-01
1.038036072949355404e+00
1.044272894209461011e+00
9.871997071719619266e-01
1.181657817721028625e+00
1.035814814306739162e+00
9.062174698428866471e-01
1.021026452500257919e+00
1.168814224181596639e+00
1.013718831083348704e+00
9.597829791992470438e-01
9.771617881700964681e-01
1.080717163246829760e+00
9.494983356184920620e-01
1.035594252207284072e+00
1.080529285776538062e+00
1.092711735172648968e+00
1.171726753973743484e+00
9.976567774727959081e-01
9.405599966147328850e-01
1.059995613844080031e+00
1.057795806069233846e+00
9.748866956334547584e-01
1.069286695304883406e+00
1.072341366167214760e+00
9.099912548799241607e-01
1.178790420210342527e+00
1.082322956530024083e+00
9.475409911225930459e-01
1.079480070740435949e+00
9.593811235452680553e-01
1.167141232856107047e+00
1.026853973145938292e+00
1.107593738685075824e+00
8.336253543552021306e-01
9.617818142265017745e-01
1.067383106791495839e+00
1.024423719619048434e+00
1.123815782737247249e+00
9.074056411681440393e-01
1.142490517945847994e+00
1.076140756388245467e+00
1.059381814788211473e+00
8.943487432431627138e-01
1.005257812495184089e+00
1.018431107203287000e+00
1.040651553307343713e+00
1.033997978140609009e+00
9.056807194701713692e-01
1.093844369171771191e+00
1.109417141015247132e+00
1.135947671856111230e+00
8.406541713445353503e-01
9.870291675626220451e-01
1.048447451771151728e+00
9.257959626912403150e-01
1.031094453380991371e+00
1.176694917749400604e+00
7.689312125248679575e-01
9.480109574969038944e-01
1.006817122885407034e+00
9.610871640605394006e-01
8.715376553293023854e-01
1.005643959932796205e+00
1.173358652950595271e+00
1.122996078597897185e+00
1.075033849960326249e+00
1.161862848021292693e+00
1.019925496490912797e+00
1.050239724002237640e+00
1.032957494454846525e+00
9.097374940872227089e-01
1.072831722939679766e+00
9.761059350177064831e-01
1.110671209937129200e+00
9.202630362754375959e-01
1.122684740778935764e+00
8.920472750714758536e-01
1.045669002829628713e+00
9.774957312027088285e-01
1.171416186122509639e+00
8.256228460234904531e-01
1.011281158900485089e+00
1.112925064020143351e+00
9.504000020718988972e-01
9.273555776905912928e-01
9.736974393168559283e-01
1.052617718599054175e+00
8.898609602088374260e-01
9.177240643051428615e-01
1.078786441304095067e+00
1.025287226376878191e+00
1.069728167723720036e+00
1.108745519253156564e+00
8.278006286638088795e-01
9.664204544799499530e-01
9.989241092102633113e-01
8.972272253476162307e-01
9.172855385519604887e-01
1.139251882101465219e+00
9.466473636439169947e-01
1.012890583417205281e+00
1.096819495462451721e+00
9.791675858950785738e-01
9.942233153661411693e-01
9.974626787656309945e-01
9.395159596980968697e-01
1.003730519798551546e+00
8.900427446892482664e-01
8.243701907070797308e-01
1.075620243065090298e+00
9.807883983166447717e-01
1.048130941338109690e+00
1.079626210561057675e+00
9.165920783169738684e-01
1.085923320235121281e+00
1.029959423491363157e+00
1.173999836910281758e+00
8.843700778805749785e-01
8.751528544609142868e-01
1.011558725713538776e+00
1.149437338193034064e+00
8.662587493444597886e-01
9.422273946179021697e-01
9.021668039627575020e-01
1.035937375248929371e+00
1.086081744464366672e+00
8.760838710285392406e-01
1.058247958271771871e+00
9.077630797020748155e-01
9.219148057899924087e-01
1.156622200976388015e+00
9.581257839347462335e-01
8.693713269389194975e-01
9.052832309307521363e-01
9.609516861822746669e-01
8.901109061756500296e-01
9.342507615534447751e-01
1.053174020500521779e+00
8.953180482335186818e-01
8.381315105357136641e-01
8.662015943221423875e-01
1.015904646992529914e+00
1.049617652221343400e+00
1.059818450254191857e+00
1.046731026182276647e+00
1.013162383062235605e+00
9.532350039597216051e-01
1.085506057492387821e+00
1.033358764968980603e+00
9.308753463059163957e-01
1.116141196148398462e+00
7.808111163929821741e-01
9.639074837552925601e-01
1.160330186404261665e+00
1.028649897980985051e+00
9.833557804352052178e-01
9.604707048786537138e-01
8.263527379778947690e-01
1.016226502126850839e+00
9.682052432997748648e-01
8.965185817637796317e-01
9.996262777177599146e-01
1.078084863656869175e+00
1.033027068424967609e+00
1.034533266799898099e+00
7.834540588014657914e-01
1.025876216664842744e+00
9.192941640111231827e-01
1.085992341998798238e+00
1.116246561266414528e+00
9.036216326187532788e-01
9.049199152409085345e-01
9.901773562086820801e-01
9.139842447949303450e-01
9.872204525272002540e-01
9.361116496397723363e-01
1.129359579693809401e+00
1.058000174489596379e+00
1.074480654414267544e+00
8.819236252171236412e-01
8.840161694344258470e-01
1.053950437733701007e+00
1.041450520189341145e+00
9.707427951219352869e-01
1.145370478127508695e+00
8.429472246424305482e-01
1.098790129681172845e+00
1.018972294929333833e+00
8.797870144980161067e-01
9.831902704785452363e-01
9.687943053306224961e-01
1.043635371964482417e+00
1.031738405432557348e+00
8.334561166297111967e-01
1.055095339417102318e+00
9.107933330085652424e-01
9.020036794681323133e-01
9.564209042606852673e-01
1.062044013683820065e+00
9.933786889523831265e-01
8.756638584875648945e-01
1.030063764435440232e+00
1.007940172966303116e+00
8.288727673177167521e-01
1.071045729862531770e+00
1.272484128647751955e+00
9.278399841102976664e-01
1.018574904333187980e+00
9.893478032841094283e-01
1.048279655818687095e+00
1.074368223060988559e+00
8.378209375339327192e-01
1.070515235861931203e+00
1.094436682341076938e+00
1.165060625185974086e+00
9.936288808022279984e-01
1.049024065892608659e+00
1.051893588465062868e+00
9.129265430629729394e-01
1.050318284975290783e+00
9.842214372779571896e-01
1.037461128365638974e+00
1.003194363560377722e+00
8.733882569484761049e-01
9.151591631351212452e-01
1.002750788834070539e+00
9.989655162719371928e-01
1.007643412536809002e+00
9.713501834094940834e-01
9.950321447716968803e-01
8.886934011319523874e-01
1.127147905795323535e+00
1.137548814426627031e+00
9.846906649976110426e-01
1.023427991773076640e+00
1.012206438947752529e+00
9.959684295505630836e-01
