# data in one-minute intervals
1.153709650725492031e+00
1.062670887697101829e+00
8.798108604703662738e-01
1.219690173469836658e+00
1.103127449471668520e+00
1.027269019509717163e+00
1.194684665432383941e+00
1.023590239743819685e+00
1.034840403605109538e+00
9.131266565578760597e-01
1.181552775889886053e+00
9.696497523473562863e-01
1.228812402602883269e+00
1.070617821472424236e+00
1.076576365983262784e+00
8.363519976264375266e-01
8.895165266753433109e-01
1.013213271252305203e+00
9.990374718818563204e-01
1.146827986568342617e+00
1.013725303867927918e+00
1.040796202918389701e+00
9.869362522707565422e-01
1.062212046880263827e+00
8.607721543715383117e-01
9.521252445192991409e-01
1.030628853292084646e+00
1.023463836195605436e+00
9.553401873845971393e-01
7.100060109650909723e-01
1.059084264891559046e+00
9.244260352817144089e-01
1.109607505249057713e+00
1.092787950403309560e+00
7.979603584620089674e-01
1.202438268940553279e+00
1.219165107329677866e+00
9.187030282852344243e-01
9.577913203224861505e-01
7.384117545330803889e-01
1.043309837105420579e+00
9.986451567147615060e-01
9.096081490294938288e-01
9.672756485853091224e-01
9.229869436034112695e-01
1.189504557225916415e+00
9.912064934096534996e-01
9.763562603597767398e-01
1.124730710039016479e+00
1.053415097566063441e+00
9.993528991552673713e-01
8.661858914081438376e-01
8.431229311859084197e-01
1.019190211256298939e+00
1.014057299929904232e+00
9.967482191745913322e-01
1.061678397922402928e+00
1.035580852931273110e+00
9.810281533399933807e-01
9.515706926977857139e-01
1.126624691014023849e+00
1.058654785321297087e+00
1.000811248175732304e+00
9.567458730352140783e-01
9.670572535146727544e-01
9.772413194536447856e-01
9.202462243833422484e-01
9.093145568176201898e-01
8.794405966369509553e-01
9.828067724839631980e-01
1.018835026143644074e+00
1.020983356156705435e+00
9.191973479775658040e-01
1.134712357152297901e+00
1.077421077249816950e+00
1.101355002955171525e+00
1.069303592428006322e+00
1.076782120439488288e+00
9.771392789629395059e-01
1.049825865148571458e+00
1.222105503346742950e+00
1.113405132537757414e+00
1.068445398101275590e+00
8.752122649474260996e-01
9.836998491308683867e-01
8.946374177722780097e-01
9.849342747294176359e-01
8.792193068776927856e-01
8.243605955559882847e-01
9.712629991051304756e-01
1.013135877325638923e+00
1.128874057297491351e+00
9.752643564724207126e-01
1.000678038508399093e+00
1.072046597784490851e+00
8.611544964893143028e-01
8.739102742796593937e-01
9.524881682204211497e-01
8.720429896846284556e-01
9.940829791968620599e-01
1.046881891170364787e+00
1.109920253302466575e+00
8.915601190379400798e-01
1.156026810111233427e+00
1.021651153531921485e+00
9.520389866509083587e-01
9.783787717017911056e-01
1.152789497497565208e+00
1.078998896710923194e+00
8.884547639671811492e-01
9.654574090154051103e-01
9.349976986779643395e-01
8.318805212856874576e-01
9.280834994824841422e-01
1.086211604228046745e+00
1.145497941071228487e+00
1.045188813292667218e+00
1.193725925125971754e+00
1.014814409984313492e+00
1.165664091782824929e+00
1.080276581058278396e+00
8.037087844848229690e-01
9.244367578826825360e-01
1.027527846511637533e+00
1.143138385850060113e+00
9.985728277206004089e-01
9.289343343779182804e-01
9.176058402654863055e-01
8.888730560967226246e-01
1.078643569467045538e+00
8.235725759721791439e-01
9.672183570057627522e-01
1.034053684106365001e+00
1.034576359407114232e+00
8.651659031130667366e-01
9.493540227910097773e-01
7.766993663955797933e-01
1.272382929520357919e+00
1.187846366119642116e+00
1.089881801997491184e+00
9.536159149674054980e-01
1.004597270453946978e+00
1.067108968340484410e+00
8.683620088948937887e-01
9.630987296729129898e-01
8.427520285201447470e-01
1.078286210769628051e+00
9.607280006081234669e-01
1.163656824556976055e+00
1.245756411648219819e+00
1.145616652080916786e+00
9.870900895393716068e-01
9.248891024995272714e-01
1.007083330224129325e+00
9.515000222847520561e-01
9.817853315342641718e-01
9.758814043878309974e-01
1.007445063631287052e+00
9.661562716825772279e-01
9.273814006030900448e-01
8.176547790939516780e-01
1.031287670106935117e+00
9.832704568909945708e-01
1.029520806233160002e+00
9.301790775228400143e-01
8.532758830806280725e-01
1.080736361464053497e+00
9.993859524014329088e-01
1.097120483291160298e+00
9.903708196739932079e-01
8.724923007813081277e-01
1.057208649991482341e+00
1.245458266846244388e+00
1.072237372601758887e+00
1.006004483711079978e+00
8.379325638566837986e-01
9.923300766801406159e-01
1.199749840403706358e+00
1.050173881567785017e+00
1.077115029820126413e+00
1.048395567299947428e+00
1.082959113622826708e+00
9.544751101098685186e-01
1.014806035231210712e+00
1.079001105067989741e+00
7.586665076495419102e-01
7.998353085833544984e-01
9.081529262384612222e-01
8.566227478541285079e-01
1.005427500332964463e+00
9.249391392620467389e-01
8.920388314498690630e-01
1.129940580959382990e+00
9.612857082442178847e-01
1.007527095136994122e+00
9.752898801947378349e-01
1.006068274634193793e+00
9.602440945794079585e-01
9.012848412204881310e-01
1.049058937877217046e+00
1.053370160008685552e+00
9.304696366676137309e-01
1.052092195055796209e+00
9.611989702773716671e-01
9.713576153861668283e-01
1.186101517644429393e+00
8.987428164527591079e-01
9.323125218612782206e-01
1.047255771756896214e+00
1.012540175032318635e+00
1.082294779584292765e+00
1.005046949800314060e+00
1.022022121057616362e+00
8.594975841680055906e-01
1.046387807113593471e+00
9.317566335235347719e-01
1.209921522751271628e+00
9.511638884581342657e-01
1.108844134319720620e+00
9.927638705923808038e-01
9.945581090840125427e-01
1.085519272176299621e+00
7.953043804752403245e-01
9.870777627518487751e-01
9.185245211570710611e-01
8.311121087616929470e-01
1.017178625955418525e+00
1.023158313880917492e+00
1.289909173462346681e+00
9.344570072492929258e-01
1.056613491606039457e+00
1.223739525372152359e+00
1.145501358330222486e+00
1.013117051274355696e+00
7.664594467740357686e-01
9.851095868197226046e-01
9.428744959979817875e-01
9.072303548155244979e-01
8.990814130714134267e-01
1.112976304146200857e+00
1.004199536582919938e+00
8.883912357641923219e-01
1.025362764980042307e+00
9.479942945166091040e-01
9.465844629863009452e-01
1.047430612353950075e+00
1.107755360127530952e+00
9.188013032742120556e-01
9.230242267196708816e-01
1.061635038829878308e+00
9.468402417926520265e-01
1.232902648551492675e+00
9.794112545076822940e-01
7.977462498754432918e-01
9.763652690409969637e-01
9.706599280101986249e-01
1.038854304430929965e+00
8.882767585983387670e-01
1.113714644247560503e+00
1.028873652159783436e+00
1.053213241347308760e+00
8.922331104291849613e-01
8.889980820633903713e-01
9.323406253039588920e-01
1.018157206705466944e+00
1.032563016561558245e+00
9.709830207202707619e-01
1.037734823334522272e+00
1.013196798211047023e+00
1.110238376116202685e+00
1.101935973228049814e+00
8.463997671118583810e-01
1.038466521913777640e+00
9.286657060470145941e-01
9.724264782784780570e-01
1.149178774018754456e+00
9.311692734474654731e-01
9.022090444263904940e-01
9.364223618025045992e-01
9.576312199256189484e-01
9.267477079735103596e-01
9.266279291267737195e-01
1.013828508486506630e+00
1.047848533790396219e+00
8.731491152128375566e-01
1.159288691283407280e+00
1.053138382965268294e+00
8.554921044719274725e-01
1.024924909015896723e+00
1.181136444830643839e+00
9.947649672889340433e-01
9.702507025210336256e-01
9.586860227282985036e-01
9.329916325046208048e-01
9.966037241876454233e-01
1.154253894419288162e+00
1.066499765122362220e+00
1.053898868968310865e+00
1.023310446560951936e+00
9.861846797225832795e-01
1.065643022196623990e+00
9.547825353999563891e-01
1.014787905968593140e+00
1.074387352995994638e+00
9.622653966608407661e-01
8.621563043682098915e-01
9.115128025320702321e-01
9.903382597977762325e-01
9.339336088103489253e-01
9.775259175278904200e-01
1.221485544486766717e+00
1.114626860885718829e+00
9.861878889473716381e-01
1.016197177580206779e+00
1.014840944056963679e+00
8.831491381334114488e-01
1.102594125109973344e+00
1.075037550305238288e+00
1.088642698407098486e+00
1.055205474882067174e+00
1.033305061175200379e+00
9.669011313568274257e-01
1.054352091904212863e+00
7.483978145856722275e-01
1.025880867019962173e+00
1.052294296742882329e+00
9.694151919229876402e-01
1.045663644896265287e+00
1.018256163954030624e+00
1.031157900875359523e+00
1.121010180589746330e+00
9.365485557560477847e-01
1.134558603770035701e+00
9.407800223696980435e-01
9.524519376210616173e-01
1.022524027131457736e+00
8.215749035854251758e-01
8.922392165508106210e-01
1.000559968065371397e+00
9.931781988472071498e-01
1.153734425831294041e+00
8.484129847056722795e-01
9.739891309849072476e-01
9.405290554366348976e-01
1.116702553709170154e+00
1.147703950777606341e+00
1.081183996377753198e+00
1.209604397073712034e+00
1.086745819849197048e+00
9.628626943842439889e-01
8.255847041162683864e-01
1.035052018226192194e+00
1.178235317034153073e+00
9.838990846992727857e-01
8.257467117744894392e-01
8.554087247739137201e-01
8.516110345627478928e-01
9.189748348277578804e-01
1.186320385538497169e+00
9.502536783267233611e-01
8.911682964873545165e-01
1.124969475571008681e+00
9.638720127651227987e-01
1.100388281131934543e+00
8.984569584078119231e-01
1.027985054543310683e+00
1.027909354578422363e+00
9.381652374947648809e-01
1.183460541099257801e+00
9.045490246970808723e-01
9.946823245414324610e-01
9.370701460066860333e-01
1.096336695798829863e+00
9.612283243825833212e-01
8.913224003038611176e-01
9.602445421136006631e-01
8.034003118639004848e-01
1.133207779699521689e+00
9.980006105812981865e-01
9.902543406915383928e-01
8.695225443870320259e-01
9.457982968685477720e-01
1.106346312572545454e+00
1.084422125851713048e+00
1.016792946943252618e+00
8.302289092449773866e-01
7.200210802135267318e-01
1.042964886347559794e+00
1.074603350871276231e+00
8.209951753750920345e-01
9.950493086614096150e-01
1.035035481295556670e+00
9.386156234722821123e-01
1.225811460726245139e+00
1.030780722229126090e+00
9.955873335522777978e-01
9.233845188560969586e-01
9.419473890137006755e-01
8.551162020033725719e-01
7.990526017632201272e-01
9.397538420946277560e-01
1.227571325448778783e+00
1.032293688491361605e+00
9.038467331492481271e-01
8.099815402381577156e-01
1.249288304338293631e+00
9.307612929505166832e-01
9.759399643628398069e-01
1.127253226475066983e+00
9.752135679406377378e-01
1.037349813179995195e+00
9.989840497408738473e-01
9.540296171420470372e-01
8.794158811316080682e-01
9.889509833860191668e-01
1.055631462133035381e+00
9.556036376998642279e-01
9.544407091416857725e-01
9.556334762440271691e-01
1.069689297236686043e+00
1.137159286777389422e+00
9.503874495397848232e-01
1.054515202681863606e+00
1.007376924421481634e+00
1.373939174480863112e+00
8.919155017915023631e-01
1.022511407965042585e+00
1.182259667532969738e+00
1.000865775472694397e+00
9.011235635420498102e-01
9.777455953031736202e-01
9.265216692543462029e-01
1.054895889484977589e+00
1.150561366436841926e+00
1.056764672815116768e+00
1.102382655507146092e+00
1.196172990195776942e+00
1.091284482428780844e+00
1.073477538327899605e+00
1.107243858517820589e+00
1.042537951768276905e+00
9.640224021678658328e-01
1.106786518168938027e+00
9.623202167472982849e-01
1.024053653594309665e+00
1.067449300442382842e+00
9.392203854768585991e-01
1.121894315469095460e+00
1.052886900580684681e+00
9.548652291575889794e-01
9.479213067258785985e-01
9.360169300408370807e-01
9.854716978084168133e-01
9.482213958909897489e-01
1.113015552463259228e+00
9.383858448877026026e-01
9.525357643107534855e-01
1.031010217753830505e+00
9.768915921232971256e-01
1.102235469104361654e+00
1.072041477333768977e+00
8.265878412182958712e-01
1.024375981409219927e+00
1.043314056388139122e+00
1.214899511157790934e+00
1.033575311888281556e+00
9.611705114552430151e-01
8.078471255666034301e-01
1.013757478600216588e+00
1.080659935294084217e+00
1.005396179096113007e+00
1.092786553935912064e+00
9.647073653164847107e-01
8.777568297005406972e-01
1.129796801534247663e+00
8.924802817985678649e-01
1.134483026921584425e+00
1.115218858087144715e+00
1.153278416714609733e+00
9.890288530425859204e-01
9.055054279977542420e-01
8.835629861021986331e-01
9.510573919782083774e-01
9.178052671013539054e-01
9.523472844337671495e-01
9.776949381969309849e-01
9.482871112017459136e-01
1.061111792507503537e+00
9.456833467109569957e-01
8.923679837184199659e-01
9.829348107734652285e-01
1.068676958328901749e+00
7.695067148325586137e-01
9.633242032878210903e-01
1.077929935890511892e+00
1.054946293608435504e+00
9.201305091802758351e-01
1.183748579683711499e+00
9.167455096662029401e-01
9.702594742655500371e-01
1.065870544973823053e+00
1.107221552100462247e+00
8.811420572490279435e-01
1.007611765585693764e+00
1.090201934506084269e+00
9.929401551494615452e-01
9.078380501842477912e-01
1.135796724077193565e+00
1.027618908199002368e+00
1.066363162665625586e+00
1.084671667657552518e+00
9.532385521208499579e-01
9.987893890695841437e-01
8.633935842261873939e-01
1.028521881756083500e+00
1.164029847571137255e+00
9.299492854330907443e-01
9.647017998396282268e-01
1.000643760528403980e+00
1.095538845971059105e+00
9.986286571390289302e-01
1.004538976633563285e+00
9.634272418736798960e-01
9.040933735465007670e-01
1.027378885110035389e+00
9.483321377410147690e-01
8.832664489489679971e-01
9.988072214805784332e-01
1.085018814514719709e+00
8.621236338289236523e-01
1.066109488520012860e+00
9.802479450844077125e-01
8.982724956325450760e-01
9.954587062831946609e-01
1.034337335369661215e+00
9.498535437420931871e-01
1.053401531903124244e+00
8.626570332729307511e-01
9.120918732348173297e-01
8.906105900030276690e-01
1.103096974165976851e+00
1.033332746886628684e+00
1.018931433036649903e+00
1.018363568283718434e+00
9.533847851972357956e-01
9.440538357410780401e-01
8.567863210998909462e-01
1.164583268135796157e+00
7.583369317358271688e-01
9.844856541928178606e-01
1.229722452554736334e+00
1.144948396877785823e+00
1.069699705365189102e+00
1.001150802922561089e+00
8.448061290873631890e-01
9.608343239513145173e-01
1.001935066135617225e+00
1.038960695833399228e+00
1.202902111089585446e+00
9.307782177080482500e-01
9.031261829307594136e-01
1.178948672999550196e+00
1.130513386902727069e+00
1.059542244598071337e+00
8.595217036916777964e-01
9.955566866795255709e-01
6.337694618087157394e-01
1.069455303017980530e+00
9.974512897424956392e-01
9.571081320143964843e-01
1.020095640456130992e+00
9.743667996455689373e-01
9.682200071827337107e-01
9.706573811013520237e-01
1.000801839231387769e+00
1.096094922656942083e+00
1.117335458913677471e+00
9.472483863464233877e-01
1.042877884092879626e+00
1.032891696957088046e+00
9.587546392564947340e-01
1.075019579948181647e+00
1.118487980891144318e+00
1.052716026764074275e+00
9.604326030579389828e-01
9.909246838828890125e-01
8.787396607152859751e-01
8.808250970158535420e-01
1.117952095602174012e+00
7.980456626336256409e-01
9.808680745317468475e-01
9.060921339175818101e-01
1.146310623897406789e+00
8.737534972131222322e-01
1.090618016737461504e+00
9.409041987957063036e-01
7.647020917135173290e-01
9.297931631878916248e-01
9.960711999035259945e-01
8.660532205263892225e-01
1.004049916065778980e+00
1.092318330061633480e+00
1.058375733535002805e+00
1.143616504022336278e+00
9.978844770964898636e-01
8.300864651869032107e-01
9.821654319981871772e-01
1.019298727160530715e+00
1.042975736666509778e+00
9.935985740300929958e-01
1.128200212484799403e+00
1.154126569889753817e+00
9.992716991475245614e-01
9.876104644619275730e-01
9.921143694824219317e-01
9.762155257701780053e-01
8.622281673837867144e-01
8.872849957153509104e-01
1.033009659277553727e+00
9.784828779189855830e-01
8.751161582287632079e-01
9.801632059756910653e-01
1.001183542451692166e+00
7.649666575427489512e-01
8.650613392581585348e-01
9.066712397876930396e-01
9.787263326925532692e-01
9.758494287746108942e-01
9.453764595586303665e-01
9.203494027445344727e-01
1.117834766938570201e+00
1.107054574960606219e+00
1.092243061475849375e+00
1.073685788420687848e+00
9.471167099385228161e-01
9.141069217657500356e-01
1.055320342435867698e+00
1.039366178309292454e+00
1.017500447951534381e+00
9.853183310439846965e-01
1.042596248094570965e+00
9.999636497021267001e-01
1.111043148779147449e+00
1.028194641153564293e+00
9.493656844301255893e-01
9.869192492846642351e-01
9.795959408575759531e-01
1.044088239670278195e+00
8.862621626435505107e-01
8.468566467466704939e-01
1.093356918037368564e+00
1.070535409826790740e+00
1.142045811009325007e+00
9.093640713764691297e-01
8.954558128835448105e-01
9.449333378306816744e-01
1.198376826614875101e+00
9.721985333268881035e-01
8.772634707577273705e-01
9.530867723116960288e-01
9.779754762455432626e-01
1.172609222405006868e+00
9.258204008167770782e-01
1.037379118324040395e+00
9.079494071109315279e-01
1.092246111259172814e+00
1.050101873377701445e+00
9.269581577351387880e-01
1.004959391281768033e+00
1.106526113702239744e+00
9.194220776230036529e-01
1.072336098175747043e+00
1.129569235032194641e+00
1.015678472413111821e+00
1.041997200900685039e+00
1.110985873444484628e+00
1.124910144793577205e+00
8.753216353153152607e-01
9.959413432654395937e-01
1.010299692047557985e+00
1.018063876474489149e+00
9.057301030951607768e-01
1.032987605486394012e+00
1.007767676290087566e+00
9.999157004867299525e-01
9.374194498277640397e-01
1.177293405480827948e+00
1.065428636818115393e+00
9.795943562005701155e-01
8.710735869916343965e-01
9.752958430614628860e-01
1.040279584029963011e+00
9.997131418796383340e-01
1.121611846172876792e+00
1.051260130258460546e+00
9.030495541017434791e-01
1.024244636787242868e+00
9.096501821760301087e-01
1.045318974106023147e+00
9.305154622561503386e-01
9.888984376002316612e-01
8.726236808799734401e-01
9.101368580163231581e-01
1.240452748011100281e+00
9.149324811928649659e-01
9.743922965589159046e-01
1.140761327472596509e+00
9.826835919129679464e-01
1.017091868907531893e+00
9.305542707221352572e-01
9.824290685482106600e-01
1.079792072376339673e+00
8.820885859589084887e-01
1.114585119866444707e+00
1.024250500586393997e+00
7.210285670181102446e-01
9.099358696717831929e-01
9.737740834788078947e-01
9.288822413682568113e-01
9.282845385927737114e-01
8.017932349752742160e-01
1.259853346547060937e+00
9.993353938671354353e-01
8.720332081109720690e-01
9.505751483459697893e-01
1.048951755132424557e+00
1.131264961735803265e+00
7.522886843948639601e-01
8.044532529353766170e-01
1.081035052933102980e+00
8.197685493322259820e-01
1.046699592534348522e+00
9.083342184525978746e-01
9.640818428837000242e-01
9.293208262998786662e-01
1.024634146442252591e+00
1.022173890360181803e+00
9.757175074398989345e-01
9.252513505476648303e-01
1.001487265931670922e+00
8.840109660567821992e-01
1.042668012428824120e+00
1.076669202986668683e+00
1.052875055539646665e+00
1.213157219851996427e+00
9.604879725189715556e-01
9.473415539208822622e-01
8.176031416002746965e-01
9.696576657824952372e-01
1.071976889536172761e+00
8.765707845190622294e-01
9.952620862401129198e-01
1.035498228891192918e+00
1.100317275293747343e+00
9.954641593598441141e-01
9.656271986780154970e-01
1.198717711401516617e+00
9.935420271142340054e-01
8.490386833965763991e-01
8.167496597643065792e-01
9.387733373043589680e-01
8.528289047670571943e-01
9.144444568937795115e-01
9.533477288242360181e-01
8.814960128978456266e-01
1.076198881059814205e+00
9.828047671440859334e-01
1.014176103158227260e+00
8.618902011535770624e-01
1.024282000035300122e+00
1.186751645422059021e+00
8.705489905460851441e-01
8.467567260872365109e-01
1.060118005097687055e+00
1.143610818380649929e+00
1.123451643322386895e+00
9.482202917716202606e-01
9.247444829348399065e-01
1.089223068789335169e+00
1.104797415454656484e+00
8.763198931096022326e-01
1.075190495767348375e+00
1.160047192212601885e+00
1.135075700149264177e+00
9.093943485862326925e-01
9.457705893066357117e-01
1.030125880084186374e+00
8.734683962835511073e-01
1.037278773689780831e+00
1.012091782006929952e+00
8.852181363560784888e-01
8.099229833336578643e-01
9.810454930344655322e-01
1.026894847170622294e+00
8.936815381258464974e-01
1.127936713433017601e+00
9.274618739804146861e-01
1.086635600106859334e+00
1.045840662905482610e+00
1.074796796175452096e+00
8.752448775032355410e-01
8.752800231181675494e-01
8.802510825436362651e-01
9.517821859703156084e-01
8.987622365695984161e-01
1.030721038043837190e+00
9.398294146486202427e-01
1.047054419593093977e+00
9.901389117649916916e-01
9.403919595831529143e-01
9.269377073593794147e-01
1.086755570876780430e+00
1.130853689600403111e+00
1.009140507789664465e+00
1.109801600447998027e+00
9.651994365001848042e-01
1.064416556104612166e+00
1.120856841813478333e+00
8.735632350403282897e-01
1.155105610167562524e+00
8.008068095353890747e-01
1.073380594734064664e+00
1.202421554264611281e+00
1.091290224706413348e+00
9.411414323984345076e-01
1.006611895843969817e+00
9.258641068475392810e-01
1.072485445832423334e+00
1.028232322398199283e+00
9.999636001902978411e-01
1.215794690348593221e+00
9.099830910321495825e-01
9.876693758024519543e-01
9.054017597838387443e-01
9.907347900346274994e-01
1.174698012944338954e+00
1.161380456074001311e+00
8.780070159892857662e-01
8.498923788798651291e-01
1.014109661750565827e+00
1.169617113054063573e+00
1.094164422242795309e+00
9.722524178793706673e-01
1.015328289937457384e+00
1.072522135953721145e+00
9.741397784017149508e-01
9.110032859586756349e-01
9.770707511789044064e-01
1.071126813710159720e+00
1.179984690071149700e+00
1.158263034128598212e+00
9.635161141605634860e-01
9.263991592882017123e-01
9.879650307859990654e-01
1.122425971909112752e+00
1.073732385180122817e+00
7.730848445605298380e-01
9.336320544181000436e-01
9.502695636481290897e-01
9.448206646943630993e-01
9.234233466362335996e-01
8.668724911398550947e-01
1.189286837821562415e+00
1.012822469619197863e+00
1.026262615674573553e+00
1.226372206652963204e+00
1.034564719261720001e+00
1.007191121029934688e+00
9.041989113969659542e-01
9.639425490251584128e-01
1.162162219279497366e+00
1.038459318566856249e+00
9.846796892590470307e-01
1.033724568866749349e+00
8.467905593846757339e-01
9.856703621480025213e-01
1.092869662588368262e+00
1.060371700903353309e+00
1.110487469020148277e+00
1.058502259985200755e+00
9.508059829400290486e-01
1.063026405390693929e+00
1.111621597794668181e+00
1.033704578539912156e+00
9.185799631245854524e-01
1.091457512498442917e+00
9.011044901481808367e-01
1.035669945412011961e+00
1.082224971884803377e+00
1.082581441132928646e+00
9.637804624460389880e-01
1.037853083674426191e+00
1.034414337021696939e+00
9.775942115832000345e-01
1.112128793166245355e+00
9.569220925577511805e-01
9.492636190329628576e-01
1.136156185542285257e+00
1.001887943752126864e+00
8.748739398411651269e-01
9.564885441242807484e-01
8.033122633660323419e-01
1.065773665366453793e+00
1.126850442822638465e+00
9.016755740667805608e-01
8.960278873463990434e-01
1.151256448379563313e+00
9.575909236288359105e-01
9.466394728142636383e-01
9.714696937664002441e-01
9.240937624312882681e-01
1.101314010911953467e+00
1.121639403228438914e+00
1.301777698292331031e+00
1.038994843854725847e+00
1.037760523623202147e+00
8.823332266434048554e-01
1.136448836364539750e+00
9.377195766479038408e-01
8.504975044283809016e-01
8.867615475033742145e-01
1.096098373626240408e+00
1.155356330294077472e+00
1.057732339151410406e+00
1.000310765842066685e+00
8.486778892276249930e-01
1.009838459546180900e+00
9.720196886018075411e-01
1.028622769452784969e+00
1.033740875877714460e+00
9.611836790365211325e-01
1.283804980543054697e+00
9.235691365289657728e-01
1.069754219390852468e+00
8.541300097827806415e-01
1.112576597313930993e+00
9.050847401801118686e-01
1.034155777668415821e+00
8.766054771483310359e-01
1.030715534234499575e+00
9.123135340173210706e-01
9.583127867852274662e-01
9.450058326490667904e-01
1.061295212303835056e+00
1.214838087983023396e+00
1.116414540237337549e+00
9.144074762174998483e-01
1.021003237541008524e+00
9.919920704120703814e-01
9.710111682190620819e-01
1.011201024906850821e+00
8.653788158061885838e-01
1.036566874824536244e+00
1.117082484002223319e+00
9.131258411416557363e-01
1.000102186125957582e+00
1.157913546514428793e+00
1.007151125727608454e+00
1.093210808059928763e+00
8.853589931012246783e-01
9.612312586285232108e-01
9.418482822214789829e-01
1.011700233121231696e+00
1.001794536058552287e+00
9.514499478702643787e-01
1.006604349079513572e+00
1.128756019168377867e+00
8.912515556646958270e-01
8.236461753050651202e-01
8.213643081647219457e-01
9.254054676072253072e-01
1.055372940166725781e+00
1.161034270662971934e+00
9.360671925581167674e-01
9.366521964047312965e-01
9.650391225931916894e-01
1.174754773295735744e+00
8.534505431573256029e-01
9.399165372845710298e-01
1.022340692810328466e+00
1.125754051675128320e+00
9.664908781806650362e-01
9.321465017567696076e-01
9.195179325184523744e-01
9.374299787054806155e-01
1.139441217387327399e+00
1.164505352203280442e+00
1.018775239170656821e+00
9.567710732215153335e-01
1.222693571305233817e+00
8.448856783917111368e-01
1.220184468681661860e+00
1.048840470831698957e+00
9.271796788713577708e-01
7.849533732523104046e-01
1.044361450060272256e+00
9.864242397324343159e-01
9.253398791285154523e-01
7.648566996515847594e-01
1.079773805637644912e+00
9.638502072431029966e-01
9.394377891281655568e-01
9.201172063874543117e-01
1.176699966482700699e+00
9.811324538557570918e-01
1.060042363428209677e+00
1.005130356056992857e+00
9.473503355001237081e-01
8.217865365930153709e-01
1.045828337352705750e+00
9.488987843237938202e-01
9.461111493227137847e-01
1.122682616902109576e+00
1.108237522142556442e+00
9.844079056327665889e-01
8.710567287440286188e-01
1.004863576978041850e+00
7.540559828861402858e-01
8.714490885807399945e-01
9.439237201667765031e-01
1.119403628035880116e+00
1.014771905486314019e+00
8.740422257380419113e-01
1.153818064077558159e+00
1.026964554135507468e+00
9.628765968122062757e-01
8.825004716512957481e-01
1.135604177069687193e+00
9.400172865415794554e-01
1.003792682443618078e+00
1.090067472290762396e+00
9.203804765616250272e-01
9.412267247015904115e-01
1.045094558755835124e+00
9.648073096449258923e-01
1.168396914738677461e+00
9.333745755291968926e-01
1.027616098397813760e+00
1.118768405208344419e+00
8.613596653596822250e-01
8.788408451060373272e-01
8.478665005961050216e-01
1.005577166293219360e+00
1.017763669717209885e+00
9.346524060346667051e-01
9.342107672406271268e-01
1.002454604138450112e+00
9.621381342633337219e-01
9.425815725584069105e-01
1.015771492262493636e+00
1.196386495153012985e+00
9.867420430601276937e-01
1.084310924260234676e+00
1.023904082469426102e+00
9.135733490396208412e-01
9.409927555241511810e-01
1.003008683911829735e+00
9.193997692601941774e-01
9.394488722580586204e-01
1.109949204346543539e+00
9.735607845030500584e-01
8.951866046866264748e-01
1.004268805792147168e+00
9.981434038160665878e-01
9.921702209647549342e-01
1.205832830728598148e+00
9.504166029522875814e-01
9.861881788692793416e-01
1.077196014101886812e+00
1.109897802466530914e+00
9.964493424958623669e-01
9.128510763880364198e-01
9.320929397614484690e-01
1.046170402701879887e+00
1.176536303382705650e+00
9.203121970518226558e-01
9.576281719502137690e-01
1.095521098577653341e+00
8.990301391607161685e-01
1.219908613559537169e+00
9.778866711140479229e-01
9.935252472505018417e-01
1.183026903308628919e+00
9.381713537933064062e-01
9.033214401438175445e-01
8.390282931617704110e-01
9.848907351691654766e-01
1.027990307333700670e+00
1.081067466776201913e+00
9.950614885740114435e-01
1.097329217945112179e+00
1.362483495251913146e+00
9.513975984017880583e-01
9.728720008214356563e-01
9.768039897336845412e-01
7.735909299707691700e-01
1.035552480141642251e+00
1.008228345022217365e+00
9.971565360904560693e-01
1.093049564654172690e+00
1.110777072082194561e+00
1.074980862624798750e+00
9.849299575231618142e-01
9.963715417860161683e-01
1.082495532688968476e+00
9.868160852381593351e-01
9.737954224000548997e-01
9.411111722291536363e-01
1.321824594755131921e+00
1.204187088004647244e+00
9.598261208614000672e-01
1.006685486050284295e+00
8.806241833158231502e-01
1.109769656246846203e+00
1.058149370570228509e+00
9.784081848761196909e-01
1.027475990504148395e+00
1.034445841169797653e+00
8.704320765953710293e-01
9.608503459137367475e-01
1.048172533938739326e+00
9.316256768470714267e-01
8.734342851737448843e-01
1.343546642431879157e+00
1.144154204605121627e+00
7.937088189903983571e-01
1.218926070428248520e+00
9.787722266472241861e-01
1.026614363109064954e+00
1.044774151066164114e+00
9.119513515154287209e-01
1.067651371651121561e+00
1.017794266009715232e+00
8.752496765805363177e-01
1.010350964342544122e+00
9.383202695573592544e-01
9.990457626597748497e-01
8.788605311088789618e-01
1.059899672335484322e+00
9.816140522267687851e-01
1.019301938474138858e+00
9.906820047558274611e-01
8.860932557053100567e-01
9.401052878800991719e-01
9.671377030014151055e-01
9.091217279792199735e-01
8.827579220496097889e-01
9.451186467938151869e-01
9.932348104439303604e-01
1.140869137114536080e+00
8.645586213774234530e-01
1.252940920417825676e+00
1.139677767307518241e+00
8.905940288910801916e-01
1.097111311651263632e+00
1.228323162706359328e+00
1.196808419652828803e+00
1.099104089203412515e+00
9.639470631319336791e-01
9.577904249905515588e-01
1.031747935085091994e+00
8.544478099984780251e-01
9.612837873677506639e-01
9.799592887696700894e-01
1.080699055502767791e+00
1.097083052238873924e+00
1.074977961112720370e+00
1.012486706823580551e+00
1.155207721298111334e+00
9.742119723879273385e-01
9.008615692115387041e-01
1.234278282860445941e+00
1.102170779908059783e+00
8.377639326257884100e-01
1.107876308753136474e+00
1.027320978821385289e+00
9.849717163833113798e-01
1.058444616121201554e+00
9.340346317747915128e-01
1.129614104997532342e+00
8.529924524508180061e-01
8.420617717679916847e-01
1.087870199029916884e+00
1.003824291966277871e+00
1.006611473096917564e+00
9.749644874225885660e-01
9.644059355498769692e-01
1.008990043963330363e+00
8.434653351117243902e-01
1.132094860623832133e+00
1.126139541768106378e+00
8.601935792943403714e-01
9.497941544773140787e-01
1.111711272318930410e+00
1.011506527676138356e+00
8.835861320589343260e-01
9.853431483693327886e-01
8.211278839108080430e-01
9.970357470944357647e-01
1.070995432214582488e+00
8.716240004463868818e-01
8.130823772849820052e-01
1.075863407029944430e+00
9.085313147037287207e-01
8.818616836207852083e-01
9.727261830069562354e-01
9.887884583830810481e-01
1.178640396741363006e+00
1.079369548526448508e+00
1.036605412139523619e+00
1.028335765523657797e+00
1.025779192689070474e+00
1.213210083166093245e+00
1.000595198522050255e+00
1.068249915117008175e+00
8.035311563929039558e-01
1.302720201620681362e+00
1.099524477714677095e+00
8.419374777472614646e-01
1.017077718974453093e+00
6.820639000165786836e-01
1.053196812891243894e+00
9.088250606757509731e-01
1.012289388917138933e+00
1.053852995812939231e+00
1.240271336116741896e+00
1.088216790087215280e+00
9.120457532463919215e-01
9.463107895740608955e-01
9.705747964089747049e-01
9.343867390946916096e-01
8.867194768767824309e-01
8.738604537791589966e-01
7.162473801958690878e-01
9.881252290497206658e-01
9.182068569946629788e-01
1.041971019986390967e+00
9.986732538949869564e-01
1.155748315034318630e+00
1.034654615691875001e+00
9.006359908511755163e-01
9.904808738829743442e-01
9.054711336430250057e-01
1.055518681093381428e+00
1.066457161851028124e+00
8.750369810496421152e-01
1.005075604857756266e+00
8.578521167331729647e-01
1.180371110904189447e+00
1.143955533749485109e+00
1.000520097240676032e+00
1.204425396275956794e+00
9.873931255711461130e-01
9.652404849172376844e-01
1.041655997255928279e+00
8.688697825655455897e-01
1.000605613031836594e+00
9.925226881470263773e-01
9.825723543884476996e-01
9.489412745824226114e-01
9.911071335540488914e-01
1.065335266176399731e+00
1.024743817053342720e+00
7.577701640911413961e-01
9.735519559624860042e-01
1.092227472963078982e+00
1.048907649911360762e+00
9.389816537204233038e-01
8.139340081489435663e-01
1.029012086258029424e+00
1.035924461653117357e+00
1.064363216706103454e+00
9.156230180227190596e-01
9.683345104051278573e-01
1.091333529310455353e+00
8.767363351048231834e-01
1.040971827687371398e+00
8.605641481717722918e-01
9.971592238240629680e-01
1.009890505489080104e+00
9.827807556664422961e-01
1.110514141032211910e+00
9.922538886981847606e-01
1.062513757245852952e+00
8.767719439516703517e-01
1.047743048313059422e+00
1.060528964385512252e+00
9.845035934428084667e-01
8.937776121589628975e-01
8.640944291973776670e-01
9.257344444500866798e-01
8.990317616202955220e-01
1.044898334227379211e+00
1.065342251006897722e+00
1.177584268999739114e+00
1.197029635088756594e+00
9.982996998352867690e-01
9.435058395303551615e-01
9.307051421031177219e-01
1.125179323526520392e+00
8.635149194422374608e-01
1.080165676088265858e+00
9.916501788596724376e-01
1.061415878167484506e+00
1.107120445554366839e+00
1.102625790220197466e+00
1.086203937093755734e+00
1.032567804704454195e+00
9.933748392955966677e-01
1.020710041531884604e+00
1.039511835589695066e+00
1.099938137731783838e+00
1.059093533392128306e+00
9.358063859107021987e-01
1.057942646792410457e+00
1.113052116650924184e+00
1.060342601130795703e+00
1.020313612902992384e+00
9.951622548421641401e-01
1.006867333568592704e+00
9.657890602333077945e-01
1.016384965059882850e+00
9.816227717145673548e-01
7.065635281571835957e-01
8.062737935646815401e-01
1.006527335484724395e+00
1.065626768566212634e+00
1.014075782782742907e+00
8.440951536777906439e-01
1.102315151411104921e+00
8.419569556025915391e-01
8.854203059775621609e-01
1.113095325140479375e+00
1.055452153160273410e+00
1.134860658387383925e+00
9.692976709145285641e-01
1.015883855416951365e+00
9.615742447484899591e-01
1.051130416613335505e+00
1.157192090606303791e+00
1.250419077614107533e+00
1.017754179799783998e+00
7.788933890528071391e-01
1.032756065831741843e+00
8.799287301053393406e-01
9.778444336810581117e-01
9.815502982063671888e-01
1.165905527860205737e+00
9.571542634960413798e-01
9.420255052040723553e-01
1.096740201007653237e+00
1.136592264643526917e+00
9.863701434018362635e-01
9.893363370740768659e-01
1.028560110347837231e+00
8.423370001766130599e-01
1.008204219331878759e+00
9.030339351317403507e-01
1.100207230361579525e+00
1.043503571877699487e+00
1.000200524965099813e+00
1.196215038553946952e+00
8.814091952073832559e-01
1.096221210954604786e+00
1.116459566110937107e+00
8.882106893147229121e-01
9.178903197321708340e-01
9.582242967023399949e-01
9.351407599038763507e-01
9.897312045243148448e-01
1.096015646859487047e+00
1.172863781888266566e+00
8.290896559029158341e-01
1.055764833287185844e+00
9.443863974406987438e-01
1.059850443826947819e+00
1.022017409169867719e+00
1.086476966425300450e+00
1.032901955188459064e+00
1.057756075763060188e+00
1.095622039713501250e+00
1.055109647594954625e+00
1.097034309768086802e+00
1.041805820155986106e+00
1.210028303279216289e+00
7.986083115450659520e-01
1.094818502974721719e+00
9.594639117430870945e-01
1.036953280460185978e+00
1.102902482644918525e+00
1.095475054373914681e+00
1.014541198315792148e+00
1.154996160032292885e+00
9.778718089832101334e-01
1.011624326050966971e+00
1.113680295720932412e+00
1.014429426637634801e+00
1.022061996733377498e+00
8.765583455716821071e-01
1.043360522742514229e+00
1.062631961203631237e+00
1.156704575201503937e+00
9.225137549392079528e-01
9.760139343264582212e-01
9.275522830423035270e-01
1.024165318428187810e+00
1.023679680368487332e+00
1.004764420350805265e+00
9.291060428790337555e-01
1.165419553942041997e+00
9.942098115189935692e-01
8.050603790404097237e-01
1.070178190378499039e+00
1.081727850374281097e+00
1.022647518499102404e+00
1.118803912431243885e+00
9.373296588312266531e-01
8.133699794132888128e-01
1.051985992589035579e+00
1.070834055712602817e+00
1.163609980049022719e+00
9.356178290971760569e-01
9.228882797722903764e-01
1.032017868357165913e+00
1.071511862434203266e+00
1.046104440686253190e+00
1.210833191699075329e+00
1.127196839132260653e+00
1.113424286071175162e+00
9.921762103247987463e-01
9.229257271014983388e-01
9.666561032000769993e-01
9.750101221316698208e-01
1.127586709920744390e+00
9.718845470754111648e-01
8.034463422786461972e-01
1.146772176538683796e+00
1.104136755144551341e+00
1.175495963213324613e+00
9.086220092885273214e-01
9.759482538279378172e-01
1.081170570683722465e+00
1.013947152711285771e+00
9.436446749504576736e-01
9.937725249236701863e-01
8.946692024653715158e-01
9.535649603307675415e-01
9.856049188563245078e-01
1.116539388525430887e+00
1.091056309268012559e+00
1.181299702662140128e+00
9.685658166023000115e-01
1.098355976215030116e+00
1.106537591662611231e+00
8.138826721712504320e-01
9.316844269754810393e-01
1.023132726808248627e+00
1.223937365985555692e+00
9.584482584008546802e-01
8.900022002071121818e-01
1.095982106662698019e+00
9.687450140927973408e-01
9.473000045682168357e-01
1.085227039579468755e+00
1.044850987230088180e+00
9.336138107335415492e-01
1.090596692333070106e+00
9.539258216446585559e-01
8.453681982066810763e-01
1.116912127719703163e+00
1.012160881885233010e+00
1.251233750904116926e+00
9.963576481347191649e-01
1.074986323664594456e+00
9.234827518215638076e-01
9.785134362768297400e-01
9.552970282730544049e-01
9.124778291752855264e-01
1.006878066738561728e+00
9.760020184787727704e-01
9.612896938903663369e-01
1.094841433024022370e+00
9.414819451389865312e-01
9.197019806617903193e-01
1.053937765495567058e+00
1.016624427554323251e+00
9.711204865003024711e-01
1.064453126305580977e+00
9.071663465060904041e-01
1.119847635108231820e+00
1.128805647690561687e+00
9.838376122028583692e-01
1.068200942850245472e+00
8.799699329416793558e-01
1.009426450920324125e+00
1.105331710285230917e+00
7.286477528417395488e-01
1.078391521865539993e+00
1.054149247437155879e+00
1.061338921923746348e+00
1.061674340436099317e+00
1.090979102213129659e+00
1.052576588614351438e+00
9.520636909856473595e-01
1.042096754490972277e+00
1.079111593628580223e+00
9.748544403236606426e-01
1.003046869939260288e+00
8.321761601187975810e-01
9.161002412869532208e-01
8.478313390556897478e-01
8.839828649765351098e-01
1.143434819065099584e+00
1.096790987639711057e+00
1.135129542742944420e+00
9.914203637757851295e-01
1.037859070664892247e+00
1.030121936217888834e+00
9.014660146808476382e-01
1.092559689659932110e+00
1.127807998439720238e+00
1.010405849212266949e+00
1.037306237202794357e+00
1.185829415300391210e+00
1.087234937328418916e+00
1.091327505727487157e+00
9.094500290616701621e-01
9.955187323127419052e-01
1.094693411836614727e+00
1.036703241231998307e+00
9.841008962527926229e-01
9.413895356079007293e-01
9.791414953265354937e-01
1.044313486788295720e+00
1.064988549522725148e+00
1.007107972000165663e+00
9.107366176093072418e-01
1.073853155912370738e+00
1.107933848815725764e+00
1.087393579930770349e+00
9.904014645821928031e-01
1.116458582602444682e+00
9.072152659879200165e-01
1.013137778054103766e+00
9.467154955883769762e-01
9.382151987404709903e-01
1.061043212674078751e+00
1.036654637985636507e+00
8.670121445817452477e-01
9.371811446852693628e-01
1.029658372528603705e+00
8.437596610789691587e-01
1.055804068085646197e+00
1.222869931119667575e+00
1.119548896866628729e+00
1.004513182424364937e+00
1.018747229653509834e+00
1.008726190818256097e+00
1.028557919026412693e+00
1.114065705999522704e+00
1.029369969580764321e+00
1.211025905308208417e+00
1.154637278562083091e+00
9.516839047183549560e-01
1.083402548293818990e+00
8.415181370464726029e-01
1.098268546099649523e+00
8.880343903682502704e-01
8.873627872740448286e-01
1.044425692985010423e+00
1.018091812323125067e+00
1.052189471277766630e+00
9.919937402863278075e-01
9.972694361061422708e-01
8.416400275552453625e-01
1.053344246216067814e+00
8.745459559056680821e-01
1.052224118232296224e+00
1.123938021028065393e+00
1.014575549984493952e+00
1.086963547376687877e+00
1.069199843556178031e+00
1.115597104566099285e+00
1.124091638209067989e+00
9.051626171402059606e-01
8.878683215934290995e-01
9.500768169892153114e-01
1.072888664883163923e+00
1.093507976763609335e+00
8.560555184318213717e-01
1.069545452904415272e+00
9.690669582972529783e-01
9.736168017388621143e-01
9.994448393288949406e-01
1.134936477348033712e+00
1.041932295822548760e+00
8.852707617542430185e-01
1.022923419719874216e+00
1.169893101134052094e+00
9.494362027916063429e-01
1.140820923467869452e+00
9.770281353817906744e-01
9.893320249684779411e-01
9.459031043819434714e-01
1.038008942299729176e+00
9.805173380271763328e-01
9.383678507109792788e-01
9.641611440357715779e-01
9.903711525765892532e-01
1.005987316661268949e+00
9.519113656754886188e-01
8.759468464924077269e-01
1.049439333956822651e+00
1.182620552466344677e+00
8.752950410422160044e-01
9.692640946203937569e-01
1.036957129124317145e+00
1.108183316225998860e+00
1.332976714339847435e+00
1.066553735361546185e+00
9.527900495352986665e-01
1.008508031559123941e+00
1.148400213897973865e+00
1.038600867571333408e+00
1.010894683593164922e+00
1.064346425230909166e+00
9.396510962482281792e-01
9.915103164797891555e-01
1.053879312151912329e+00
1.075390061266589425e+00
1.127422459509124453e+00
9.338927970145183277e-01
9.329693880640571590e-01
9.274551149860771337e-01
1.032701921823902413e+00
1.350549801175846110e+00
1.023266372564416438e+00
9.923861044238673212e-01
1.126557652509122542e+00
1.096269047508567684e+00
1.089102103032133506e+00
1.047364533729840508e+00
1.081974774260919814e+00
1.077196659974464898e+00
7.790676091036395912e-01
1.018162117468367933e+00
9.935778349956707611e-01
8.602624033548961213e-01
1.075058008575330293e+00
1.083286043894175821e+00
1.029319112271063874e+00
9.468974164790183723e-01
1.060897836724601140e+00
1.023372604799684060e+00
1.170484513127942883e+00
1.023398163954960971e+00
1.002641418700586096e+00
1.008477749307329363e+00
9.689402649954600433e-01
7.593472075495730778e-01
9.279890772741007376e-01
1.100980542683332564e+00
9.534592051448772532e-01
9.981779826267463962e-01
1.097387421417814535e+00
9.815970590922772354e-01
8.807722130407868999e-01
1.077389143948206396e+00
8.746302734051950578e-01
9.338859430706365483e-01
9.873942797542946126e-01
9.256940119798111599e-01
1.015474559856057502e+00
1.106709962327002694e+00
1.149837012508842182e+00
1.028121572780936299e+00
9.419599239141877023e-01
1.016252980223018687e+00
8.334551997652287492e-01
1.089790434606709768e+00
9.644961565442278228e-01
1.038592172921694257e+00
9.650553346244913344e-01
9.935320381013197366e-01
1.002308192644670193e+00
9.803199763248883203e-01
8.971642716092105285e-01
1.146670025925152325e+00
9.425436662213618755e-01
9.863128644061927019e-01
8.427839213863126400e-01
8.740535002559597366e-01
1.115387039329560181e+00
1.119994472749743286e+00
9.311923072709618054e-01
9.456587160003266934e-01
1.044391636836206505e+00
9.371172588523213332e-01
8.624032646087830267e-01
1.042691150103997488e+00
1.079876940971878696e+00
1.135042084108203397e+00
7.490282575215603256e-01
9.955391710357056612e-01
9.744240194362958629e-01
7.715380603991942587e-01
9.494459210167845997e-01
9.853131568486365177e-01
1.058136895594915750e+00
1.074903734748027029e+00
9.395690236349806268e-01
9.780582150781841344e-01
1.088670108140248560e+00
1.119834614327171796e+00
8.475210004859106139e-01
9.212749853977199033e-01
9.625065970213451116e-01
1.144785236710539778e+00
9.166297220012146196e-01
8.269237943697621551e-01
1.028517616164485338e+00
9.608813714421005070e-01
9.256791151049922339e-01
1.181020811645646873e+00
1.040841905966652936e+00
1.023267543734827090e+00
1.058571236070535937e+00
1.094076640976581860e+00
1.024979156363425403e+00
8.887604056280545839e-01
1.058097617138450852e+00
1.061490692758373156e+00
8.611956235188941156e-01
8.516204365022723710e-01
9.656663051620089089e-01
9.067965143246413673e-01
1.089841812239200625e+00
1.012602248030866736e+00
1.098679618024043680e+00
9.432165868936820408e-01
9.917569473288460058e-01
1.184143678624685725e+00
8.209764820940597119e-01
8.737656926751682374e-01
9.267227326482493366e-01
9.728559763477571121e-01
1.057577450088496462e+00
1.053583662762212825e+00
1.013057734379670061e+00
1.010912341809186765e+00
9.112161498779752788e-01
8.779732296874291908e-01
9.427549175127061254e-01
9.706211360405641031e-01
1.142962185219807303e+00
1.159057305961694428e+00
9.604342228005411375e-01
9.028318131188276530e-01
1.135920074583755657e+00
9.401827584226889467e-01
1.026175124201422095e+00
1.094507083647042522e+00
9.733736471554138570e-01
9.437692494393418174e-01
1.073580618082074611e+00
9.945505094850026762e-01
1.065612122443909460e+00
9.742365149199019303e-01
1.023731843539676500e+00
9.665714481919833734e-01
9.659894258093030261e-01
8.110430929873421180e-01
1.097716983497605492e+00
9.121428786499702346e-01
9.632693466425233941e-01
1.038575808069297501e+00
9.111851474822230124e-01
9.078661958243440244e-01
1.127585560760169470e+00
9.556517894891773945e-01
9.839026827140735509e-01
1.017720254937633184e+00
8.721939135809453347e-01
1.042593760679780823e+00
9.772591563320667252e-01
1.123628335801684974e+00
1.062026569654223707e+00
1.006317239597114721e+00
9.336439382656421815e-01
1.056871980812004841e+00
1.176233742972766283e+00
9.437176068585704236e-01
1.004396000308093395e+00
9.149648367140521543e-01
1.034224608490464714e+00
9.950102064770366406e-01
9.381778692279914011e-01
1.121681916939904600e+00
8.887698131104790900e-01
9.022437122920086150e-01
