8.610164890584085517e-01
9.639335164299167591e-01
9.930198635062770229e-01
9.714343079971335948e-01
7.313525420275643896e-01
1.019109205406432350e+00
1.065650075197981606e+00
9.434725451294971865e-01
1.207676676532152715e+00
9.409371569798236079e-01
1.093023402581776216e+00
9.812993872804256501e-01
1.113667401786422539e+00
1.206205608118249062e+00
8.886313356841286648e-01
8.288264760193572167e-01
8.975107136253346329e-01
1.251575663101067715e+00
1.187391343187419679e+00
9.761750320830959726e-01
1.067363461322660800e+00
1.063813364671318373e+00
1.124929307585623262e+00
1.008444580645617039e+00
1.050712475909701515e+00
7.351335512652505955e-01
9.702295395804286793e-01
1.108533162811449868e+00
1.042294183805887231e+00
9.306841407952974876e-01
1.085473992564042423e+00
9.651242177304302228e-01
1.087937596000389640e+00
1.031765539428152190e+00
8.962144715802128347e-01
8.454260954602837996e-01
1.146253005598546260e+00
1.163752234129114438e+00
1.073426665826132442e+00
1.058471308164193436e+00
1.018212478142858313e+00
9.209832183143482620e-01
1.103742665275440960e+00
9.492951090079968512e-01
9.670986242573110792e-01
8.683822500132732936e-01
8.210582840615153755e-01
1.028861361982270406e+00
7.754985961695469721e-01
9.269746646510361732e-01
8.557713905620234485e-01
9.638680760100389877e-01
1.103882103031125661e+00
1.045147520431799260e+00
9.632770674060698868e-01
8.725494388918064725e-01
9.258199084020675151e-01
9.278239696898054056e-01
9.403264493485198328e-01
9.210926882643153402e-01
9.423011953933145834e-01
1.014064926366266661e+00
8.782262172527319777e-01
1.017373737875800099e+00
1.044742225459293739e+00
1.007460049078843456e+00
8.734926998364733741e-01
9.175910076057455234e-01
9.822449737269522974e-01
8.788614898131696940e-01
1.001228595768516971e+00
9.346154158596093886e-01
9.699294374611320269e-01
1.045835988887913626e+00
1.220590524242946895e+00
1.004331854163267979e+00
9.472080714174619942e-01
1.048911042826885964e+00
9.885414981644391474e-01
9.409483017744331157e-01
8.677815442855680850e-01
1.008245631448199786e+00
1.159215044303568698e+00
9.902737957048945994e-01
8.043891955801103499e-01
1.003996597701390714e+00
1.022879196733887053e+00
9.045638069338644005e-01
1.209695015578100996e+00
1.136611756615775182e+00
8.961285633610216461e-01
1.110346533143570458e+00
1.099124799971160638e+00
1.012948481254166921e+00
1.062241825232975723e+00
1.142696877816997025e+00
1.101687339093282647e+00
9.368158384835811869e-01
1.042507468260856385e+00
8.287585639897215861e-01
1.158192928868919447e+00
1.120974351072374198e+00
8.832521780805934197e-01
1.062406796045847424e+00
9.018728921931343789e-01
9.985847086068844192e-01
1.181570245839363320e+00
9.530533482541185819e-01
8.537539347980906967e-01
1.070489528184457084e+00
9.310307176384529093e-01
9.504836448007663030e-01
9.108082706166745757e-01
1.092925576837794344e+00
9.795149721015973254e-01
1.108366810555624804e+00
8.701172320497516655e-01
1.068989897504329045e+00
1.116465226349117046e+00
1.005225205975639025e+00
9.451913510835489030e-01
9.153264101382929674e-01
9.225678660704574874e-01
9.015096173505006139e-01
1.117743512398916117e+00
1.112733112541132385e+00
1.031434847555552148e+00
1.099037098295744252e+00
9.538009516871073235e-01
9.520362341135802930e-01
1.123710430282246042e+00
1.032905839504343559e+00
1.021205006550958139e+00
1.218226323469368655e+00
1.028520277253812454e+00
1.050048908288492067e+00
1.095638797996966174e+00
1.222569101573367512e+00
8.797244415086230562e-01
9.950183397494513082e-01
9.793118111069633036e-01
9.176417072405496089e-01
1.162965239477951052e+00
8.665716191547621072e-01
9.587920230885329520e-01
1.047929992515917119e+00
8.517598568696326256e-01
7.949813596101670266e-01
1.134884370387053920e+00
9.038129395796522525e-01
1.009638844219032272e+00
1.139586874441345543e+00
9.502965146865457458e-01
8.444398983901064693e-01
1.058465488690906842e+00
1.072092763842811713e+00
9.547372137070968545e-01
9.154907632779564208e-01
1.005239420116417426e+00
9.697530443661761534e-01
9.305803715632492423e-01
1.035571818822331291e+00
1.023824980762362946e+00
1.085281154340049570e+00
9.379156757777631359e-01
1.024970719861041601e+00
9.993515091668981887e-01
1.105004357851357533e+00
8.757514852173176045e-01
1.028964020326260442e+00
9.859202996028568755e-01
1.062530222113221789e+00
1.094448331591261869e+00
1.098495641680635737e+00
8.233706524252817349e-01
9.453043344956219007e-01
9.537428867126125365e-01
1.242752495220630360e+00
1.037148882282171725e+00
9.048748420225734002e-01
1.137830235384008404e+00
9.360936768296678201e-01
8.313214313340947514e-01
9.903995913498487846e-01
9.729972592072524407e-01
1.144470310413146841e+00
1.037201793449948228e+00
9.866599664844859507e-01
1.108563105143232530e+00
9.770195266822885305e-01
9.662044895090119434e-01
8.173284661583913868e-01
9.645649600225436604e-01
9.370488328341689543e-01
8.086262447610563786e-01
9.751120876918112357e-01
1.209876658753179957e+00
9.614891473207670680e-01
1.121474479880931518e+00
1.112614194595618500e+00
1.038865965325461715e+00
1.165214718542937788e+00
1.055457456135936223e+00
1.063679218864181708e+00
9.745335396560065311e-01
1.082016765149976356e+00
1.107606979210614906e+00
1.076308918168021656e+00
1.104582773353342873e+00
1.112772240244188859e+00
8.534443597825349670e-01
1.098491171611035488e+00
1.096922149021996917e+00
9.654965479621185898e-01
1.023164761648090781e+00
9.058387948705698411e-01
1.091170236450025977e+00
9.557995488102610793e-01
1.015198043248462856e+00
1.079005439202996852e+00
1.058479724154006041e+00
1.236318290853610335e+00
9.288099283240316417e-01
9.062873275803817741e-01
9.873894854959296419e-01
8.889254940105053571e-01
1.123880653361992721e+00
1.004717451339987910e+00
1.103367572988885437e+00
1.179482967568072027e+00
1.101390674507357170e+00
1.147238846032835102e+00
1.049911729770643287e+00
9.449801671014339544e-01
1.147400788808802918e+00
1.031923725084612276e+00
7.836126329160530979e-01
1.013066599229721421e+00
9.702001426136086515e-01
9.736453854782706197e-01
9.322645570682087657e-01
1.018926839400039919e+00
1.152702591621243444e+00
8.476147471912811593e-01
1.087988109115685553e+00
1.078852253217398305e+00
1.108193406774131251e+00
9.889734447968822062e-01
9.045629154215377721e-01
1.003125899349611494e+00
1.245973266179157601e+00
9.334343274762644249e-01
1.007872014322470200e+00
1.087878393318540304e+00
1.027604739173494819e+00
1.077865545851333540e+00
1.140559132345353888e+00
1.057413789862081455e+00
7.824786786640480774e-01
8.601803869688851023e-01
9.046552520431410116e-01
1.086944280700647081e+00
8.322955917578392926e-01
9.177808685234465358e-01
1.064481891523685553e+00
9.355963608943916876e-01
1.038730134591960619e+00
1.138683911228425938e+00
1.060059403629455943e+00
1.035989161687924209e+00
9.968078789436661813e-01
8.077276280041217893e-01
1.058023924646522618e+00
1.003773851435316722e+00
9.705257667725110116e-01
8.977692775585143226e-01
8.194828894541271724e-01
9.358105525384498025e-01
1.055667757066929946e+00
1.173441149739372413e+00
9.013523222052303163e-01
9.719415043056295334e-01
9.140746287500894907e-01
1.034979821355036744e+00
9.047657931933072994e-01
1.002826098008459788e+00
9.716703139594209393e-01
1.048538192257008728e+00
9.468409173576464166e-01
9.789910399383077166e-01
1.065032559223266562e+00
1.035738938943605580e+00
9.180794740268053422e-01
1.095929808010741358e+00
1.051410439373564598e+00
1.058489874867490688e+00
1.021250692512277292e+00
9.429777928509989193e-01
1.121103703889750003e+00
8.193136958269841008e-01
1.260577039996302107e+00
9.856340502015800142e-01
9.636688134763797819e-01
1.046341140938232384e+00
1.026508611269421722e+00
1.033344598831977157e+00
1.181354308679473775e+00
8.568576917621260058e-01
9.144153255828445515e-01
1.103644000249028423e+00
8.060659959571505606e-01
1.116899254840052036e+00
9.908874253004732457e-01
1.025875196373122078e+00
1.142239699498300398e+00
1.051359049151365799e+00
1.080768461620575938e+00
1.142886621228366817e+00
8.051447999334017114e-01
1.049779033230962888e+00
1.075635795150554408e+00
1.081752513571599961e+00
9.144404466498128325e-01
9.129340243035074520e-01
1.057085790630989841e+00
9.848207083358245795e-01
8.862390619008612136e-01
1.044985504279434485e+00
9.709273104421567435e-01
9.894544842132138029e-01
1.052399125401534574e+00
9.367424280927101332e-01
1.102507044744253317e+00
1.012559282195451882e+00
8.933318891302258757e-01
8.924038881015752267e-01
1.094700132186814390e+00
1.064823883413102967e+00
1.190447901856968471e+00
9.662113782442287579e-01
1.071191584321114831e+00
8.799273692729978613e-01
9.582934160903310294e-01
9.585783029716764547e-01
1.106624212605745949e+00
8.686900013771031714e-01
1.115485130894046772e+00
8.558673174965452102e-01
1.056312236962795748e+00
1.058269615632004834e+00
1.186984379476931473e+00
8.526311632172917099e-01
8.212000766584042211e-01
9.637449747627615526e-01
1.004172506708201462e+00
8.556719017223949342e-01
9.808020046114245272e-01
9.755512221748594559e-01
8.803218922862897644e-01
1.043826865221447964e+00
9.605672567053863409e-01
9.939784319775504251e-01
9.957881310122919105e-01
1.044634031802537555e+00
1.025449708008891125e+00
9.720866297201044004e-01
8.113418124686347932e-01
8.764047614518637452e-01
1.163653296289692385e+00
8.277295363932950512e-01
1.199395337460286814e+00
1.049950454248892884e+00
9.700300055027009094e-01
9.376650509409401035e-01
9.993549142741728897e-01
9.422466396901916230e-01
9.812379376237617690e-01
9.861500416233716093e-01
1.118712288230923058e+00
9.921418464987479258e-01
7.815349719146653662e-01
7.821593420708176092e-01
1.168685723128966902e+00
1.089609586016958342e+00
1.124363271464216663e+00
9.041681051552746817e-01
8.124728201539370698e-01
1.096957172406502146e+00
8.685521785444439979e-01
8.682324173206923401e-01
9.917105437207689445e-01
9.746298555588801538e-01
9.137695442050571826e-01
9.679162219854962057e-01
1.091247114309380040e+00
9.947371827324787974e-01
9.660627712604691331e-01
1.088968574561050673e+00
1.022698717240742683e+00
1.090380216971028160e+00
1.178329800983844544e+00
1.028684312641968912e+00
1.001296181536495356e+00
1.136777061734284944e+00
9.639871994695436985e-01
1.062465247482338393e+00
1.010802258462864645e+00
9.170600210745565306e-01
8.978578590187550335e-01
1.105747205928975907e+00
9.199888666483719835e-01
1.045940850055648408e+00
8.578846329973610629e-01
1.167961771697467288e+00
8.811145693080938424e-01
9.847832324140990412e-01
1.069745688697870012e+00
1.091367531345245334e+00
1.170461054818052737e+00
1.069398051522363779e+00
9.944584213592947419e-01
8.517411343041561000e-01
9.350665436360622307e-01
9.691693755655478304e-01
1.109084953713444177e+00
1.093176495941625914e+00
9.821498261757620751e-01
8.373217551172501549e-01
1.084488451188254210e+00
8.997151696135728960e-01
9.499337981180233648e-01
9.815345319490907938e-01
9.009786491844306022e-01
9.632847650710310017e-01
8.665091016684351999e-01
1.110423408178592641e+00
9.210262036733715130e-01
1.008433389395715141e+00
1.087775877499382648e+00
1.060820795421947071e+00
1.002166517305527416e+00
8.281129680288703554e-01
9.583619169421973005e-01
1.154851751493597423e+00
1.088458678155783677e+00
1.056108629502431118e+00
9.783870418640887578e-01
1.025937212416044853e+00
9.889329932102522980e-01
1.032285320110437388e+00
1.022445317242059781e+00
1.077940139138967579e+00
9.746393561524734350e-01
1.010782290482303392e+00
8.420868061725376164e-01
9.081411768409477503e-01
7.816242659150611782e-01
1.032823809100089418e+00
8.412832827641167910e-01
8.683334055452067712e-01
8.785118091463539614e-01
1.049213732890981188e+00
1.042026883102309398e+00
9.413199366683902003e-01
1.068302625143038753e+00
1.004214579539556285e+00
9.577738051460938928e-01
1.117783825389753849e+00
1.046860652188341678e+00
7.791967306054796705e-01
9.655345577568401616e-01
1.060170181097364717e+00
9.555497541613583445e-01
8.747428904418056428e-01
8.781391255730418566e-01
1.064583177274907699e+00
1.083019050754807866e+00
1.074424881355747763e+00
9.815532224465641775e-01
1.088601532952665485e+00
1.025776691017299624e+00
1.164996821328791787e+00
9.814802058757914338e-01
9.598646085029253205e-01
8.378974222356297963e-01
7.524912506675864865e-01
9.101056156127595997e-01
1.193253327467815650e+00
1.044452073984170282e+00
9.031507693200486742e-01
8.985986387416331489e-01
9.457224483340505028e-01
1.017158879427214613e+00
1.033003260942451762e+00
9.977742279544972170e-01
7.793723316261692569e-01
1.134845340548805925e+00
1.048267554504628496e+00
8.760559200991597795e-01
1.026533381130793288e+00
9.301758533016670771e-01
1.167551029540611074e+00
1.107078748146664182e+00
9.332191896216411875e-01
1.008004681101161593e+00
9.554165884824746824e-01
1.018367425676326876e+00
1.007954783311514113e+00
1.043567986644446721e+00
1.129388866762377930e+00
1.002459679874632581e+00
1.051222393165471614e+00
1.014028193830497138e+00
9.705689277985672936e-01
8.366087434539675183e-01
8.588373041457380008e-01
8.551910106429307934e-01
8.869262894754170734e-01
1.027085389640883140e+00
9.799060104416903449e-01
1.106768798940850562e+00
8.155699623863319481e-01
1.069750993988218823e+00
7.703150565294848429e-01
1.207362256942707379e+00
9.313931947121560917e-01
1.147572598301713098e+00
1.046275067820518156e+00
9.402583591608220104e-01
9.630725578538501530e-01
9.651652934493933911e-01
9.381075264628108146e-01
1.165573871865162037e+00
1.014474912351405189e+00
9.687310302300420339e-01
8.344252121892006269e-01
9.937060479938801816e-01
1.139812740946620551e+00
7.783257713706462910e-01
1.024735498957614510e+00
9.973937903826686213e-01
1.083544696835737842e+00
9.863458210601039333e-01
1.034477220768961203e+00
1.055464837043963433e+00
1.132672245443376413e+00
8.196807628392845935e-01
1.059157783502341132e+00
1.024204508589069640e+00
9.674859714349886008e-01
9.994343822327019788e-01
1.130974404377995679e+00
1.035531173483328571e+00
1.038451150377984966e+00
9.505842568140545623e-01
9.588432262191525224e-01
9.694115853903370050e-01
8.633370104000227530e-01
8.964281335209101087e-01
1.245944546881417425e+00
9.669368725900309158e-01
9.339250096691511516e-01
1.098960551885673542e+00
9.954931188945722598e-01
9.517699912113404270e-01
1.039697334563558284e+00
1.042058788993605933e+00
1.000865345804451634e+00
8.875257235471305517e-01
1.218437451192641463e+00
1.027509530739256327e+00
1.102832316109787270e+00
8.743676276968339600e-01
9.596248104495004316e-01
9.857810680405829640e-01
9.939325308252333624e-01
1.046836545262388007e+00
8.991150455324706803e-01
9.261915750453524332e-01
9.722864958000797531e-01
1.046540089725573441e+00
1.062250877895472012e+00
1.023815496639526756e+00
1.099990524469610875e+00
8.103172512497319735e-01
8.567466530437978234e-01
1.124425465362842047e+00
1.067442823318519585e+00
9.758515017266761182e-01
1.103180468090105615e+00
9.752736137106081671e-01
1.178373916547983846e+00
9.638793229746207558e-01
1.037954998697787623e+00
1.085020676114431870e+00
9.399646188135328817e-01
8.880835193214752232e-01
1.005525560037423993e+00
1.121518379968472701e+00
8.286317202425665940e-01
8.922672055541489566e-01
8.963304635846304214e-01
1.167343821346219723e+00
9.721004051787733857e-01
9.509132628941687759e-01
1.164240186278804989e+00
9.595004754641256461e-01
9.553218334350248586e-01
8.864383638076667182e-01
9.934993558662347235e-01
8.872946086017151623e-01
8.472928919034965478e-01
9.964832154310102608e-01
8.529176328903348425e-01
7.205045464569714841e-01
1.072184928574861695e+00
1.024153217462830723e+00
1.222736676696985825e+00
7.273942323163314905e-01
1.067869812916115491e+00
1.059894038845610398e+00
9.218581685436340045e-01
8.777114981806046767e-01
8.177918039674193507e-01
9.511990914569888877e-01
1.033209104260807143e+00
8.794122104210035928e-01
1.087538264647587960e+00
8.570527233858294958e-01
1.005088943714638638e+00
1.133697112740098989e+00
9.488141916277684773e-01
1.129484391747988203e+00
8.912346254350711483e-01
8.979312848417029258e-01
8.940966605295430636e-01
1.163854065702777829e+00
1.005635871611329613e+00
9.330933766566276155e-01
9.786758911920847570e-01
9.622398639399527553e-01
1.118406577523568979e+00
1.028216010889140719e+00
9.360825465171405124e-01
9.000368920589754129e-01
1.055768143184408370e+00
9.704013267967100953e-01
9.975019364261552557e-01
8.732538362334926196e-01
1.004564179790989886e+00
1.119444601529354655e+00
1.051857088436705778e+00
9.023678301106992095e-01
1.000671731287187116e+00
9.109897553489854083e-01
9.525261474700095210e-01
9.592681390857253909e-01
1.177388237584159336e+00
1.101973724238822117e+00
8.881569645500613230e-01
9.585504573159631114e-01
9.243486457223387687e-01
1.096298790501299747e+00
9.647280690142134851e-01
9.588370817389472167e-01
7.457334933690320522e-01
1.155132869552101038e+00
1.013177415696564498e+00
1.070248860411040503e+00
1.119324129244368971e+00
1.011389059109408128e+00
9.876659355803478757e-01
1.029906258664139429e+00
1.013591296672079478e+00
9.737562331165684482e-01
1.063982470005318648e+00
1.027605553354414170e+00
8.858989651213096117e-01
1.025677845815086364e+00
9.840910336947458203e-01
9.348385103034940746e-01
7.919601964278849549e-01
9.940579700281729769e-01
7.549981831806342747e-01
9.658519289889645476e-01
1.028835797719317879e+00
8.432473704992843322e-01
1.056213359336145796e+00
8.782413855877060360e-01
9.950447319182327277e-01
1.214859044796559484e+00
9.723906686466093907e-01
9.036048029598288123e-01
8.546582714893087296e-01
1.201819250707802489e+00
8.947026897735022022e-01
9.252021705365811588e-01
1.108484283103195800e+00
9.361930016852109127e-01
1.024174309451461928e+00
1.096041601123374232e+00
8.094253002149945919e-01
9.783241212724674840e-01
1.203264441790929062e+00
1.073955956813919421e+00
1.106238700049926527e+00
1.124077681229210590e+00
9.637759624209183418e-01
1.082543518265586258e+00
1.055393298830889837e+00
1.014586112512459337e+00
1.137485032191304146e+00
8.474878549237233605e-01
9.708410454172698989e-01
8.660665365685402683e-01
1.149866899726341485e+00
1.002677223545857643e+00
8.095696213952708886e-01
9.294670855538249565e-01
9.858543234320925608e-01
7.949615582436994066e-01
1.064422141706151681e+00
7.186741885426570775e-01
1.169569014554296738e+00
1.105643432953617111e+00
1.220337439196469198e+00
1.079326400193483471e+00
1.051309108261939240e+00
1.149726683479447509e+00
1.118879862789295965e+00
9.035583262662943982e-01
1.023149861560718188e+00
7.844243825925381053e-01
9.103542818837134787e-01
9.781628783106376401e-01
9.487638616594005203e-01
1.073641949148527175e+00
9.096587876025559183e-01
8.875207069278028271e-01
9.851883772507957771e-01
1.020063828846388576e+00
1.121104541976726487e+00
9.810753709495290131e-01
9.847585148714046444e-01
1.140342950368289587e+00
1.123958588109456702e+00
9.840874068120707419e-01
1.071117646503375598e+00
8.629419305789822747e-01
8.884146113498530006e-01
1.034512965505266502e+00
1.105560987151154029e+00
9.801736732366346239e-01
9.714346413815231340e-01
9.578251596322997496e-01
9.014147214550765064e-01
8.418840003146619289e-01
1.009004551964711505e+00
1.073068136473517953e+00
9.056317561640221392e-01
9.936930563854678988e-01
1.092639705006733353e+00
7.818754045138012199e-01
8.593528122452479545e-01
9.323244301234332454e-01
1.181065471598847116e+00
8.867160110466020262e-01
9.054672829368478615e-01
1.000561873835299487e+00
9.504407584679877008e-01
1.067405561608532283e+00
9.750852911364564779e-01
8.887039112215627812e-01
9.882496475374853429e-01
1.097404730995703126e+00
9.334608777871630236e-01
9.526378054473689794e-01
1.006688523169576799e+00
9.150417928611335183e-01
9.538532614704303692e-01
1.078706585619914060e+00
8.562664667991625178e-01
9.275261359643074410e-01
1.198703283737204695e+00
1.058562628430713470e+00
9.629943927176159990e-01
1.041913543676039167e+00
1.191964740527413191e+00
9.720264367357066559e-01
1.124536724326148374e+00
1.164919575916265160e+00
9.424853473266046056e-01
1.081298775115769661e+00
9.686060855064458908e-01
1.001667674981004286e+00
1.005133068122249895e+00
1.102365653058131389e+00
7.636323956261138468e-01
9.933788380446163524e-01
8.557190585135939775e-01
9.503975173130873033e-01
9.241073950453164709e-01
1.038924292076122358e+00
9.506832756307620480e-01
1.055273256320631292e+00
9.720382317687782381e-01
9.868628796569504091e-01
1.013824482509702918e+00
9.893012583473818067e-01
9.650698162196358343e-01
1.009867767609491596e+00
9.055367775286388143e-01
1.012330640750009669e+00
1.226728280238200020e+00
9.846274773882222053e-01
9.257793313958220249e-01
9.154271972069014662e-01
8.478160636132199279e-01
9.891835454255072380e-01
1.141330579680828183e+00
1.062262826566880092e+00
8.789163805363944260e-01
1.027807109125931984e+00
9.483660804949350931e-01
1.018723500426566009e+00
1.012141165867780357e+00
9.221667138897345906e-01
1.013710007767506527e+00
1.053562909652660418e+00
1.047436250302455463e+00
1.079436741178395165e+00
1.114783623444234761e+00
1.184790500098748645e+00
9.906719625522093509e-01
8.824511759315473158e-01
1.022777421737923076e+00
1.033991923495008569e+00
1.133463248796640510e+00
1.083312129882052943e+00
9.288191098110170074e-01
9.684897129284649742e-01
1.043177770643172408e+00
9.743613702009643607e-01
9.987665093371499436e-01
8.857393309355260369e-01
9.971468533721289385e-01
1.039232788498442472e+00
1.045920579735781120e+00
1.013249956849991973e+00
9.329654172603187856e-01
8.017599935805268530e-01
9.662495839334979131e-01
9.096018301135635475e-01
9.971302059844316945e-01
9.437394542904032901e-01
9.174813714795572173e-01
8.744623760384921951e-01
8.963026373281294257e-01
1.103540836337302267e+00
1.007965174675253150e+00
1.045951558704097506e+00
1.115443369392889350e+00
1.045189078502327895e+00
1.014379088313737354e+00
9.212999522055552726e-01
7.995404333239972683e-01
9.156474521072253125e-01
1.304490701702629707e+00
1.042485479797738979e+00
1.150082034438621115e+00
1.127890998129842171e+00
9.380022943139448843e-01
1.020090527427390592e+00
1.030236316171626365e+00
9.256333480635996480e-01
9.979512031100048475e-01
1.008374441928056253e+00
1.237937614715882928e+00
8.593162547721864275e-01
8.293645484716337668e-01
1.031518950460303952e+00
1.144622363186571068e+00
1.008894821305054146e+00
8.806440605798658838e-01
9.802188841227560401e-01
9.673817759471488031e-01
9.048743729897258392e-01
1.030809836960900450e+00
9.970247148903368384e-01
7.842300159246432534e-01
1.137647063146965509e+00
1.042320791187054896e+00
9.173196557174899679e-01
1.008946253735109710e+00
1.118657560168118570e+00
1.153808557350227471e+00
8.222043821546823894e-01
9.142100637082841708e-01
8.078322037515730525e-01
1.133273063039529127e+00
1.016385746525447331e+00
9.329977840441237014e-01
1.007886030310798597e+00
1.020790681990563664e+00
1.131822998632140864e+00
9.571380750741556032e-01
8.554408158113778748e-01
1.024240079182903163e+00
9.853905610055149200e-01
1.041330942609262733e+00
1.027122003154219199e+00
1.064747228874885154e+00
8.280466053603759979e-01
1.021811447191845801e+00
9.308217870625671297e-01
1.142474234578719772e+00
1.154109074501263876e+00
7.624201531438468127e-01
9.437634459678995169e-01
1.094400789399003981e+00
9.103488717573595679e-01
1.035727133076324913e+00
9.746314571369876223e-01
1.070507687868720970e+00
1.114717420360276989e+00
1.058575797639309313e+00
9.012955328825854595e-01
1.050488924275891023e+00
9.661463933242557811e-01
1.085718520305828383e+00
9.360432222732194552e-01
1.149868675764906811e+00
9.196008548448655340e-01
1.060638867566030541e+00
1.010326754484720313e+00
1.201488858704299334e+00
1.136185731697192169e+00
9.541247726268995422e-01
1.005441347585826373e+00
9.778079749019501499e-01
1.088713633820256543e+00
9.453262910960488208e-01
9.824612847812355110e-01
9.626042133686839586e-01
1.171726031625008879e+00
1.217042698033167669e+00
1.063605106085066865e+00
9.437264920063317408e-01
1.007836701152053038e+00
9.060183354357934649e-01
1.033487823074232592e+00
1.062266216350562731e+00
8.660712942333457232e-01
1.039312130325016792e+00
1.031808907360939553e+00
8.663784230482290960e-01
9.349089691487862952e-01
1.006474553090844770e+00
8.940023299286874447e-01
9.974358230188062890e-01
8.613612637212815226e-01
1.085208085829606039e+00
9.644163407757274653e-01
9.834449871965935674e-01
9.218877388736432810e-01
1.033103738352336043e+00
9.244208520363509374e-01
8.838800344796036157e-01
1.039654605214646033e+00
1.054288411194771902e+00
9.169963909737616214e-01
8.791699482308875657e-01
1.037540240528979751e+00
8.292670208359349537e-01
8.220956835604018575e-01
8.901103978689703933e-01
1.069417117748325152e+00
7.406985141649093940e-01
9.849644714820204872e-01
9.920534914480770849e-01
1.065841578529636235e+00
9.620418352716126886e-01
9.395191450447720749e-01
9.967406428554285158e-01
9.765941379464566641e-01
9.967005827175791088e-01
9.477477478577425174e-01
8.812191751847171517e-01
1.084375044707255986e+00
9.956872979737003693e-01
9.380952698321034511e-01
9.947184381790475927e-01
1.100805350051738518e+00
1.016115628732569887e+00
9.294096606624662193e-01
1.043543204966716154e+00
1.003573953065212354e+00
9.448689350935721709e-01
9.252369972903567996e-01
1.084888325274014909e+00
7.741609962375058940e-01
1.019731869096517585e+00
1.140126849297749656e+00
9.341443664669351055e-01
1.068334538873532136e+00
9.938301099513949799e-01
9.177171962515027204e-01
9.362764072657429049e-01
1.002114703091122383e+00
1.061711623234449897e+00
1.149877026691428217e+00
1.053394084105119255e+00
9.555606704579681088e-01
1.071312766831847396e+00
1.052166828405674881e+00
9.451424973979856148e-01
9.407662795882778539e-01
8.633314530949732779e-01
9.606992190262545472e-01
1.237757376057053271e+00
1.038202475896084165e+00
1.002629457302040450e+00
1.083353939429166690e+00
8.617943347424806833e-01
8.461191457013875761e-01
9.498714469504363489e-01
1.125036786571330216e+00
9.016150021596447406e-01
8.488294578621622399e-01
1.107313641270000204e+00
9.556124127035064975e-01
8.930271880872220347e-01
8.796859481914389711e-01
1.175834675057172429e+00
1.002542045418694849e+00
8.843188614276060733e-01
9.973544852959811413e-01
1.183142335221703645e+00
1.170365621592422745e+00
8.843760846619809213e-01
9.585862808230989351e-01
9.684528476468214908e-01
7.448162393717032703e-01
1.151097189390795306e+00
8.971280857540946396e-01
8.209232983996006539e-01
1.066078719942597619e+00
9.519512919155145303e-01
9.583509698981423908e-01
1.031949048503487898e+00
9.769541154974012986e-01
9.627474053865900938e-01
1.113715116086125168e+00
1.031213983472214490e+00
9.016955449323942329e-01
1.127884676688657661e+00
1.205175599015194887e+00
8.383103017073779695e-01
9.430080997770382556e-01
9.777165433982343279e-01
8.919884333065499771e-01
1.037255898978299840e+00
1.002684662910589664e+00
1.110936986035357510e+00
1.101473421886442372e+00
1.019902016338556150e+00
9.373927613082628785e-01
8.653813174789398710e-01
1.030233698844698509e+00
9.517243774815127288e-01
1.111465621178842289e+00
7.413897391050312535e-01
9.791808590251899203e-01
1.198213775592898989e+00
9.689512668969911813e-01
9.112670641798197302e-01
8.558387787334453822e-01
1.024492730012231512e+00
1.037710411839708025e+00
1.087203130346869440e+00
9.868655818952295489e-01
9.328512199582295050e-01
1.020780108942611397e+00
7.775030970195192515e-01
9.454127405180873245e-01
1.189082673556980163e+00
1.077605120298231967e+00
1.084799520255552485e+00
8.988742830751401680e-01
9.996294289019074242e-01
1.017179334871753715e+00
1.150268065317365807e+00
1.033798094707685022e+00
9.705838314170551762e-01
1.005829148117763472e+00
8.975686144019706658e-01
1.053070015818761362e+00
1.112151465339764611e+00
9.790187512474536335e-01
9.009693572568500120e-01
9.809642921005703453e-01
9.371864376760101756e-01
1.018388778573039000e+00
1.179867530754070915e+00
1.076210073495618147e+00
8.883953423267463290e-01
9.016822510587589878e-01
1.157032378895532343e+00
8.937011627461532992e-01
8.882348627463423352e-01
7.924209368941759202e-01
9.355082941351482440e-01
9.825119906072415921e-01
8.824129079456944913e-01
1.023482704682979749e+00
1.094782663476209228e+00
1.107532935926589746e+00
9.202831739713949188e-01
1.130260368163031659e+00
8.411038335382248210e-01
9.024334896684387264e-01
1.046637300571998441e+00
9.512413755816959693e-01
1.083217071190083036e+00
1.054578049127546047e+00
1.098411471497336089e+00
1.033244650521375707e+00
9.943065411042191215e-01
9.815982178963480465e-01
1.031962192382515964e+00
9.403288413918802213e-01
9.805039462142687290e-01
8.873321693325216808e-01
8.691188859331366867e-01
9.036688279449177630e-01
9.784731700285947964e-01
9.756152335785482910e-01
1.078273407044665344e+00
1.071716969974624512e+00
9.697335719413717747e-01
9.708066079139678894e-01
1.000873828527118814e+00
1.096950204870292378e+00
9.926060217225811666e-01
1.058113079008049517e+00
1.069253087224511845e+00
1.103268926425841734e+00
1.006860280544811914e+00
7.919552623567989169e-01
1.002386440152218894e+00
9.169783748344418894e-01
1.048046490468443892e+00
8.934793201316026945e-01
1.072139796811438561e+00
7.916691162259088532e-01
1.008319226385598677e+00
9.657507032065689723e-01
9.917035511734341169e-01
1.021509855211502948e+00
1.045263659169365145e+00
1.004508068582795399e+00
8.797435499239876222e-01
8.666541836789165565e-01
9.461282593046153044e-01
1.126853240940342005e+00
1.035544047532747314e+00
1.025469089849409654e+00
7.796935515998529853e-01
1.141784476531389814e+00
1.014096103995481890e+00
9.996584393485383746e-01
9.827177073350158443e-01
1.143561207355017428e+00
8.519808555057392097e-01
1.150291928469541647e+00
9.707181119411066872e-01
1.031658159359102322e+00
1.085870348865737967e+00
1.184337182735399008e+00
1.300636288965873799e+00
1.013822229216114978e+00
1.186606126496047020e+00
1.211268124935169332e+00
1.121209443264185701e+00
1.064502463993767911e+00
9.255300348994690562e-01
9.876403047039558070e-01
9.649872905012156776e-01
1.034288496436072124e+00
9.399570163482675600e-01
9.495611342644501018e-01
1.008155904641958589e+00
1.107444987563116712e+00
9.324411283784778126e-01
1.060796326660597311e+00
1.043628211311693033e+00
1.152176091799392177e+00
1.050050247882958310e+00
1.036545466906378277e+00
1.025879202215832953e+00
9.916271465703060395e-01
1.132298565620111885e+00
1.030231969625736044e+00
8.690864042614424578e-01
1.215484818594751770e+00
1.116986038046831498e+00
1.008468264138644654e+00
9.230415822672815018e-01
9.074457435508218595e-01
9.981855103875744151e-01
1.178148769273361207e+00
7.620977684036439603e-01
1.004770434539726809e+00
1.228813652280891677e+00
1.023955973852398227e+00
1.177385685356421519e+00
9.450429363255163917e-01
7.957711319748732581e-01
1.146648823646993165e+00
1.085761744792389294e+00
8.302046417695716496e-01
9.684916390349699311e-01
1.147174541969798955e+00
1.095123319584441424e+00
9.880922049079664538e-01
1.306589552309345370e+00
7.603827353498632258e-01
9.915487689764932444e-01
1.145502723999473504e+00
1.035942274105770000e+00
1.219716507674093675e+00
9.451380597649912119e-01
1.065510494683235443e+00
1.049683020376725562e+00
9.247297932687706945e-01
1.151657436740723295e+00
1.060521925064543680e+00
1.039576480722483431e+00
9.154108316950281266e-01
9.405457406942372423e-01
1.043616361628648459e+00
8.237276664756366662e-01
1.193657022357360376e+00
9.608007734052719240e-01
8.542458093014725362e-01
1.053030796873935637e+00
1.067987639124989618e+00
8.978118372899240862e-01
1.176059301188782547e+00
9.007667090638548091e-01
8.262933550090567625e-01
9.439659281366187260e-01
1.041668342960280880e+00
1.009682951708389620e+00
9.249739772961068640e-01
1.074653325587857422e+00
8.210498124032981071e-01
9.542112848095913868e-01
1.069764266501055161e+00
8.905359943718329507e-01
1.124361322308610189e+00
9.628551019458527760e-01
9.748293794362370424e-01
9.065290935473764300e-01
9.995308232430110129e-01
1.081610128716040675e+00
9.561317245762305239e-01
8.917020477763090147e-01
1.092495695758780805e+00
8.989880342966827254e-01
1.031150299389596015e+00
7.707938571886638890e-01
9.970297294915149156e-01
9.611772034934592535e-01
1.000534674702192817e+00
1.040381895315504401e+00
1.054477386302352215e+00
1.013532116957785112e+00
9.865141759732257709e-01
9.217351160489468676e-01
1.208593970006583307e+00
1.136970640111565567e+00
1.085480955640371725e+00
8.718343412563247519e-01
1.005575730533244894e+00
9.174358485036698818e-01
8.622849243398766905e-01
9.182409092628578406e-01
1.074507576931382324e+00
8.416123869959230008e-01
1.090454445006731721e+00
9.184582453306494587e-01
1.109632165386650771e+00
9.887789547213502450e-01
1.125891253551105198e+00
1.092341794033821589e+00
1.015766951042904820e+00
9.913341215858310074e-01
1.097470366218843640e+00
8.377919171508556584e-01
9.782366252239258486e-01
8.807725272162222341e-01
8.835537590055855262e-01
1.060556945648303939e+00
9.706011364116038376e-01
1.126484646627462283e+00
8.715370266869409965e-01
1.104166077951912683e+00
9.653436580362495523e-01
9.360826786947363809e-01
8.031974658496935371e-01
1.154416748241261059e+00
7.406781799321655591e-01
8.968128712775513822e-01
9.661628277054589153e-01
1.068528444732128602e+00
1.004791359221551827e+00
9.801204273668160383e-01
8.401177989661238188e-01
9.707991782012704851e-01
9.531631512250769989e-01
1.076659686849865460e+00
9.826593660605110747e-01
9.490720276609441175e-01
8.891073774889137749e-01
1.019230554954362766e+00
9.092068215175418411e-01
9.611469582273741707e-01
8.684382813024172920e-01
1.025965193830023381e+00
1.112508827573937875e+00
1.022570136418142983e+00
9.249888888251623920e-01
8.151563055534408742e-01
1.022138667064203199e+00
9.545364639904676540e-01
1.123427111008036050e+00
1.070032403783717223e+00
9.409504640639746453e-01
1.272937229785871427e+00
1.013675625247414835e+00
1.000527079264747821e+00
1.011306986283309950e+00
1.114371126019788605e+00
9.547729055929595754e-01
9.584902354040257810e-01
1.049368436352393408e+00
1.216332505742514059e+00
9.810356847125483171e-01
1.028254228646217294e+00
1.074696522030762269e+00
1.121380215569429017e+00
9.978442177079241970e-01
9.268472979896515973e-01
9.467399648663752387e-01
8.495787421241361992e-01
1.031547334429045115e+00
9.104327760229434796e-01
1.007445736797188518e+00
9.325210830955170671e-01
9.402099253294072811e-01
9.964311253058629747e-01
1.043371582188443725e+00
9.495452182358324889e-01
9.675177515765446268e-01
1.073702977848387086e+00
9.475009880703155751e-01
1.093773351665123350e+00
1.064939141521130006e+00
1.188578981873180451e+00
8.695147080057876732e-01
9.730110893951401385e-01
8.934292047074658960e-01
1.031403918780358087e+00
1.181087749283582733e+00
9.326467090602594823e-01
8.401661723310857033e-01
9.849398894357143108e-01
9.341073246956669296e-01
1.158593935889299154e+00
9.830334052461676686e-01
1.063389320087895218e+00
9.537977365653447226e-01
9.126114322478460217e-01
1.115163959577468722e+00
9.993886210256175406e-01
9.195563655639626965e-01
9.996662464711026930e-01
9.692787662060300402e-01
1.108146281734132321e+00
1.019110848722935891e+00
1.030681263802310399e+00
1.005086876315705924e+00
9.480499283905715613e-01
9.879021142738154682e-01
9.573804991848157142e-01
9.404902641133556784e-01
9.039948876255929910e-01
1.007468028633417889e+00
1.174709642720492830e+00
9.062753712146794927e-01
9.297670590137233626e-01
1.029176896244642370e+00
9.435277059861685300e-01
8.710982642696517564e-01
9.408692227757406989e-01
9.712064996388550808e-01
1.183888158967387527e+00
9.051472065881784879e-01
9.719938709461389825e-01
8.176312544849212438e-01
1.059384461258072951e+00
9.799029735230945226e-01
1.080331495344321269e+00
9.618891333419000711e-01
1.004998641322641717e+00
9.109643995598832866e-01
1.244571386287300907e+00
1.003852546013821234e+00
1.167819379511036537e+00
8.812904151531701924e-01
9.940818846265923048e-01
1.002389561100033522e+00
8.979417129723793467e-01
9.819628595718745689e-01
1.016522499983016470e+00
8.952148028729172147e-01
9.196471417922834624e-01
8.920495099704912612e-01
1.265829678369938316e+00
1.086569218668688608e+00
1.126493955384597179e+00
8.912795106915485377e-01
1.003838050288035078e+00
1.080233613042088203e+00
8.464671909962849794e-01
1.199348502478873257e+00
9.954916947754440804e-01
1.042546601970172349e+00
9.238576390165789132e-01
9.890352057228879445e-01
9.746993754441964919e-01
8.323998717167496730e-01
7.703988613455304835e-01
1.035222545020932694e+00
1.072815338645476846e+00
1.168862904237885303e+00
1.022472964857258360e+00
1.054668254998748944e+00
9.596432828081877808e-01
7.726651007622842293e-01
9.958741781976151453e-01
1.002410852692235510e+00
1.065723163172231036e+00
1.157807501827931462e+00
8.984296882482969426e-01
8.961511549428889944e-01
9.176720725816520652e-01
1.067396377904826554e+00
9.083801479244657529e-01
8.364549886759908848e-01
9.855774892557347400e-01
1.049444008243056947e+00
1.012078550981942326e+00
9.415698206822206151e-01
9.478070712992797686e-01
1.037365853033714425e+00
9.728022561277449576e-01
8.380311580589381304e-01
1.036762275649997456e+00
1.134912406250735417e+00
1.100722133256621493e+00
1.000520924371550935e+00
1.094744829020804389e+00
9.875706858448626280e-01
7.534688022671935936e-01
9.139817491304841335e-01
1.000794373821541905e+00
1.155285076565775615e+00
8.802668582604286085e-01
1.112175860949627948e+00
1.007598144717623434e+00
1.025819679228561432e+00
9.127101741980162553e-01
9.441105451389890657e-01
9.586071513840189739e-01
1.070814987618941450e+00
1.097562054007875210e+00
1.026921618532746550e+00
1.156402903005945948e+00
9.779572985832893917e-01
1.154738967410662065e+00
1.069841165909694025e+00
7.924696710941273592e-01
9.849554476880888476e-01
8.870519228565709735e-01
1.086155988365368197e+00
9.118943972896823569e-01
9.001274219307056068e-01
1.003146405995771540e+00
8.419973283327608637e-01
1.228794307690297405e+00
1.007315753587415985e+00
1.041705534478383210e+00
1.023214329920405730e+00
1.065516348705363603e+00
1.108632022645256399e+00
1.110409446592843352e+00
8.394103795891639797e-01
1.065941471490065240e+00
1.153905416724351873e+00
1.219949771245744330e+00
9.314928377553925998e-01
9.464524189566653201e-01
9.190438524588019353e-01
1.155659433453849250e+00
1.072713495523589966e+00
1.038741337853826607e+00
1.084095483588139341e+00
1.031349804498449929e+00
9.740974660107568628e-01
1.065415083326533008e+00
9.401212760981481065e-01
1.119375681723593807e+00
1.148589399894385021e+00
1.063204371284973249e+00
8.258002630339118522e-01
1.073055827977535071e+00
1.024992739209966697e+00
1.004940886667980982e+00
9.638910038527751523e-01
1.071813910375000178e+00
8.922644226286527980e-01
7.931701160601554168e-01
1.006454063667722609e+00
1.156400060143701891e+00
9.451376561388644681e-01
7.671531609358577253e-01
8.351043018087684899e-01
1.006417400818748975e+00
1.000246881797736354e+00
8.953996360344160799e-01
9.314816669679759631e-01
1.172553638993636627e+00
8.776772360929770977e-01
9.414113694438872582e-01
1.064856966742723010e+00
1.074622558941425776e+00
9.411002805159996987e-01
1.202510749487486930e+00
9.944102417844155051e-01
1.169732059006695746e+00
1.002983261419064132e+00
9.958300532108715908e-01
1.031087465496661970e+00
9.883689558595142310e-01
1.182316149808930739e+00
9.404833871006175183e-01
1.054302237316389057e+00
1.161387996490502728e+00
1.066761333828048608e+00
1.079464128495028152e+00
9.135555885322261815e-01
1.054247985124044273e+00
1.242979947444762923e+00
1.150788416075739784e+00
8.887069896717668671e-01
1.068444351876966625e+00
1.079616755610225631e+00
1.062353914809194722e+00
9.884701676974239071e-01
8.746502795993735813e-01
1.219470902446987637e+00
9.529991473231333998e-01
9.369998499354065258e-01
1.017391388221690951e+00
9.948439254202717796e-01
1.015106092692467765e+00
8.260952740596430033e-01
1.048091375109224677e+00
1.068390671244334067e+00
8.644204503212610247e-01
9.975074694518660801e-01
9.925354106348401872e-01
1.010488573866526574e+00
9.031452923021759949e-01
9.738744501610016036e-01
9.130530579256168622e-01
1.096427399462870600e+00
1.032636385223037578e+00
8.201165623379409464e-01
1.060645804185710084e+00
1.075234146975314387e+00
9.162539868642733953e-01
9.025722226454816477e-01
8.485776663470984138e-01
8.604844624040685064e-01
1.029867383834828676e+00
1.029707853747792390e+00
1.094741118403686375e+00
9.064553858733932490e-01
8.722431888061811245e-01
1.046529655851383689e+00
9.742998810534750920e-01
1.031987838943628555e+00
9.975228934800063341e-01
1.005063665670804518e+00
8.985938289869001006e-01
9.125198406219019454e-01
7.715599183048711396e-01
8.950551271856639346e-01
1.019104418866152217e+00
1.005140786210949821e+00
9.356301034921821191e-01
1.068125075832811577e+00
1.095700762214453450e+00
1.014564092461128109e+00
1.135080877312455883e+00
9.906680272013428379e-01
1.108933903190286951e+00
1.049427583945265807e+00
8.908305892563568307e-01
1.105544285140796168e+00
1.069218131240591507e+00
1.028724230916988835e+00
9.318165748790785408e-01
8.277298417015724885e-01
1.139627137620581987e+00
9.463484559975497978e-01
1.064243352940313692e+00
1.052120691196556601e+00
1.214776256530773590e+00
7.911637695172034634e-01
9.937080069956099049e-01
8.782569416945564811e-01
9.919529637477655371e-01
9.899221368560632284e-01
1.118348752823622672e+00
9.644924455854104739e-01
7.763214925605412819e-01
9.250628093018717912e-01
1.161769192537321249e+00
1.083812435573561661e+00
8.554751977858776613e-01
1.003234875423580696e+00
9.558710555189032787e-01
1.105703221425629046e+00
9.577880571608392568e-01
9.626702725900331270e-01
9.473316357738246207e-01
8.977975146983111498e-01
9.685944812395060888e-01
1.011064132706121388e+00
1.135169136127151868e+00
1.048117749529548837e+00
1.164635704511249648e+00
1.094652522307394849e+00
1.083439579086681093e+00
1.116351048408684044e+00
1.106851397921801095e+00
9.533176763376074447e-01
9.606411178067946199e-01
1.075994175124685981e+00
1.004953420529591579e+00
9.530753164563606772e-01
1.137286307184206757e+00
1.013043804182206520e+00
9.585980000012955804e-01
1.018322496091167206e+00
1.074308483783016355e+00
1.029523454725073783e+00
9.088908826971304755e-01
1.045226813293498314e+00
1.164315932583671831e+00
9.670578861356997624e-01
1.027677679907479380e+00
9.628002381080676964e-01
1.027297617926285822e+00
1.050469288493579789e+00
9.928441338347656631e-01
1.110286187487342646e+00
1.001291104277970856e+00
8.458908136295871794e-01
1.033537320534379189e+00
7.814494432929954826e-01
1.004254452448131163e+00
1.102647966773611099e+00
1.016257814062222486e+00
1.170637889466463299e+00
9.379409897062561674e-01
9.692973679277498977e-01
9.570043841390510897e-01
1.094119020693412603e+00
1.059422089330700922e+00
1.052581007041535344e+00
9.993733767603981688e-01
9.927734429835194385e-01
1.071715092247841561e+00
9.792661162215786641e-01
9.554319252712728527e-01
1.070840241258008030e+00
1.056742006693945024e+00
1.037871160505651646e+00
8.553767151059016305e-01
9.666341889239655760e-01
9.868021032442667595e-01
8.235398372762199326e-01
1.064813355243807491e+00
1.055474777368185846e+00
1.137230041529838642e+00
9.983260804034413960e-01
9.153014604612578209e-01
8.070347391322537645e-01
8.796357031364498980e-01
9.097730988052602497e-01
1.153291069439323469e+00
1.042809315477678300e+00
1.036418245409436834e+00
7.974410302195453770e-01
1.093763256693574659e+00
1.068364173090194491e+00
1.148038510850318161e+00
1.085250649010092605e+00
9.743780316357604221e-01
1.014694894496059874e+00
9.991321755068224286e-01
9.082674798970785668e-01
1.036946050702606703e+00
1.025821200949160517e+00
1.136137308627683140e+00
1.121405980475801201e+00
1.001035984056241501e+00
1.108863266446685980e+00
1.049446332486462019e+00
8.765614968482433600e-01
1.116332923344147021e+00
9.929955313282312623e-01
9.869606204915737369e-01
1.039921760887961844e+00
9.874318841540988823e-01
1.073672564433817200e+00
1.082890423775377586e+00
7.749656736508431232e-01
8.482274334701072060e-01
1.031446583988796073e+00
1.024801068390855052e+00
7.897564916213644093e-01
1.016028867168478955e+00
1.051608024591648816e+00
9.990375530457904496e-01
1.068288634912454738e+00
1.015271750987045030e+00
1.162183840071891350e+00
8.837088970715719638e-01
9.527273711637722631e-01
9.599281450595193999e-01
9.424229142410894822e-01
8.135430861390000601e-01
1.058228833456431595e+00
8.475303350551142145e-01
1.066744484717385477e+00
1.108118099133335033e+00
1.079906044760855277e+00
8.731673568897738713e-01
8.960086221804173245e-01
1.212195328184171306e+00
1.056732143435354487e+00
8.896337572226442614e-01
9.653221855100433402e-01
1.183839666920856848e+00
8.986239405026306137e-01
9.713298181599634429e-01
1.071092803375122138e+00
9.549878118035187713e-01
9.614466863384513173e-01
9.465443908083778224e-01
8.527126602491498231e-01
9.283484408541414767e-01
8.721692715018930508e-01
1.103879805308615403e+00
9.032890175252586973e-01
9.379966183848201799e-01
9.933296740438688488e-01
8.868841445697797088e-01
8.677249643391591327e-01
9.005312817917880963e-01
9.046847858401720899e-01
8.537981622494361655e-01
8.550459689798508567e-01
1.099023852103562904e+00
1.026463794885025038e+00
1.044678585571346741e+00
1.038080669662466482e+00
9.401665014888428429e-01
1.130403483440776125e+00
8.675023510605111010e-01
1.133022431705362765e+00
1.015276826034890556e+00
1.040585048420775038e+00
1.227760207440539375e+00
