9.789858657662418029e-01
9.836972240820084368e-01
9.924566021237084534e-01
9.911248420120732927e-01
9.839010536033417909e-01
1.010225457980761687e+00
9.904723171674884030e-01
9.966194854381095203e-01
9.941983897304044193e-01
9.786123356152519603e-01
9.954258855718834953e-01
1.007701619739853838e+00
1.007780901284031971e+00
1.000609792880929216e+00
9.773662070830538839e-01
1.010489537642748958e+00
9.896231596605082892e-01
9.968764092001349830e-01
1.008859882498260196e+00
1.006545784484328854e+00
1.009265109261658466e+00
1.013485538924078666e+00
9.952502741031240552e-01
9.755469479918199571e-01
1.006374933773293234e+00
9.918752805497936809e-01
1.004054132943810407e+00
9.882788315594216444e-01
9.962258528331643381e-01
1.001020872197122991e+00
9.891861816432842014e-01
1.010442541287494889e+00
9.971270065637111157e-01
9.880735180196901224e-01
1.026690913056847787e+00
9.958668758432780432e-01
1.003692166192069912e+00
9.909741545146024677e-01
1.000349472307392906e+00
9.979185860953670995e-01
9.958602183668976426e-01
1.006063385507038443e+00
1.008539337633290955e+00
9.961968855456816430e-01
1.012649330273406756e+00
9.965850282406807370e-01
1.007321039561465348e+00
1.010030172913378044e+00
9.937746765481313416e-01
9.989107754241964843e-01
1.004247463141382690e+00
9.857563464187847346e-01
9.953793741160882336e-01
1.016575317880242579e+00
9.946643308033925601e-01
9.960713172923538750e-01
9.864874727703858426e-01
1.001496579896647976e+00
9.905129106685424123e-01
9.882179271476291271e-01
1.008841079376106231e+00
9.894463568457581015e-01
1.012633183238305978e+00
1.010615177282355504e+00
1.006216994073997562e+00
1.001604013375621216e+00
1.012753597625026147e+00
1.005459395386921084e+00
1.012141834753349290e+00
9.817646783710211045e-01
9.936231744279153677e-01
9.964738125052672313e-01
1.000291005508566311e+00
1.010737645932188178e+00
1.012483977849757633e+00
1.003480932600802733e+00
1.007942620506063314e+00
1.006787117667721221e+00
9.999602208174210860e-01
9.919940271545354404e-01
1.023570023761873005e+00
1.002519184200098445e+00
9.929584429890381259e-01
1.004157535553871439e+00
1.001328240279664383e+00
1.016182290364268770e+00
9.968071998692077385e-01
1.006769568011065097e+00
1.003530579300608849e+00
9.908278430032748663e-01
1.001045068201743105e+00
1.008405303381357809e+00
9.985912139428015921e-01
1.001484706825158444e+00
1.003699065171377747e+00
1.009040953158885534e+00
1.010911946882567136e+00
1.004374707358800300e+00
1.001397100631113757e+00
1.015233279249344589e+00
9.941620946342497600e-01
1.012717955226635214e+00
9.976300789469493280e-01
9.783160795532119813e-01
9.939705496316807443e-01
1.003121139399959061e+00
1.003340951914200696e+00
1.004813015918305963e+00
1.008136062623414597e+00
9.871955600819531940e-01
1.003451241949696371e+00
9.953373032157860623e-01
1.000626287498766587e+00
9.949589921824883998e-01
1.003202356472494117e+00
9.874597487659140249e-01
9.812969938673513637e-01
1.008194887434465503e+00
1.004082280859329712e+00
9.953002249887308306e-01
9.985552431974370480e-01
9.892107270294091537e-01
1.004963653930072143e+00
1.005627662810236300e+00
1.002123866380165262e+00
1.002929367919614956e+00
1.002392781796075383e+00
9.923912623730828386e-01
9.789745013410640073e-01
1.023340512770076094e+00
1.004105001675080544e+00
9.883372252858938500e-01
1.003056725044649156e+00
1.013784793407329188e+00
9.999759536527096371e-01
9.938112514548206322e-01
1.025447379362176781e+00
9.976808220589427068e-01
1.002403208941104573e+00
9.945610289931325898e-01
9.900028741695154899e-01
9.980675111519275999e-01
1.019653254045731261e+00
1.014607515000747195e+00
9.899186324085845756e-01
9.938474919966089338e-01
9.917564885849083911e-01
9.974933418504424720e-01
9.960700050861620580e-01
1.014036000555786465e+00
9.905769454023399812e-01
9.947536344682257337e-01
1.005861547570427783e+00
1.003104191578440885e+00
1.002386750721590669e+00
9.971234978799523585e-01
1.007175614282357579e+00
1.007687563482632553e+00
1.000191281861776416e+00
1.008303586656124073e+00
1.003533769753073512e+00
9.818133234523381825e-01
9.967714529636095833e-01
9.823633761482480908e-01
1.004374331058228043e+00
1.018144394865596158e+00
1.004850445812653259e+00
1.003824383916514407e+00
9.982737167710051818e-01
1.007727915209460035e+00
9.895215870008172709e-01
9.996526038014182935e-01
9.983229216579250220e-01
9.932423787349393685e-01
1.010023463205528493e+00
1.015511556292285622e+00
1.002242925614829083e+00
9.947086238173684647e-01
9.928784253602014331e-01
1.003201326764636026e+00
9.952510090474682158e-01
9.783711858653517668e-01
1.001547738055453385e+00
1.022952202819251255e+00
9.904124227767150401e-01
1.006827387019650244e+00
1.009681863857508466e+00
1.005396870147858612e+00
1.009959371458104993e+00
9.897792527799665896e-01
9.821608027513843986e-01
9.958933413956936320e-01
9.925740085189708184e-01
1.004469893987970597e+00
9.853772086773351369e-01
1.008830847124420282e+00
1.009701346757566620e+00
9.999080818866591391e-01
9.996484894498457452e-01
9.829661272498053659e-01
1.018772858686986416e+00
9.784293957521223994e-01
1.004878944283622122e+00
1.006048128167760014e+00
1.003833008488180800e+00
1.008608708532541698e+00
1.010719019860737644e+00
1.004081155134385117e+00
9.929779325006533597e-01
1.017882548240248930e+00
1.008694006062219817e+00
9.875058804951802882e-01
1.017807438105868156e+00
1.000716131775401418e+00
1.018964198401599353e+00
1.011205700931864682e+00
1.002927979821458981e+00
1.019554010624572848e+00
1.003442732387466840e+00
1.000455169756350626e+00
1.005018362701795676e+00
1.000155964009701748e+00
1.008736500880837328e+00
1.005910359305561386e+00
1.003918617942251235e+00
1.011216159217168453e+00
1.004176749849566619e+00
1.008842725848846378e+00
9.911410574646376537e-01
9.961996164650265273e-01
9.830696554174089830e-01
1.001860023474795414e+00
9.918252429918764657e-01
1.005492227841234154e+00
9.993162447076289201e-01
1.007746324662444071e+00
1.010392678567251457e+00
9.923772970858428799e-01
1.005979814231328984e+00
1.015105739332187174e+00
1.002161757038914525e+00
1.004346948460771438e+00
1.006896146570018136e+00
1.010851335262150208e+00
1.000321883242540455e+00
1.009879403027563516e+00
1.008548836219640643e+00
1.002338000304724197e+00
9.981210732364339533e-01
1.018121567007929329e+00
9.707030135430604334e-01
1.013181053648158914e+00
1.016587452098315580e+00
1.008887846274508782e+00
9.996969675701203872e-01
1.003602558163945169e+00
1.012220387341896233e+00
1.012419778526787217e+00
9.955155689459393997e-01
9.928128568747983662e-01
1.029141107914089082e+00
9.959454948775983141e-01
9.978741922052203339e-01
9.883637615523505060e-01
1.026686018686554069e+00
9.927712738288125838e-01
1.004081518564934106e+00
1.008923543714963733e+00
9.944753466022950850e-01
1.005835788431836519e+00
9.903238484759906424e-01
1.009310970583548572e+00
9.974571094648101433e-01
1.010208567798825507e+00
1.003509890065272803e+00
9.873152193048575498e-01
1.019441259168196501e+00
9.946573823038121764e-01
9.939424194316488492e-01
9.986413852331491592e-01
1.021381359274892375e+00
1.003634996613988584e+00
1.006297782928810003e+00
1.007270260157128616e+00
9.876883035572121550e-01
9.970143841137741880e-01
1.006030845232408488e+00
1.000445745913105533e+00
1.007787983520991082e+00
1.003138670161104695e+00
1.003127492564717338e+00
1.007617838884754535e+00
9.999884157313287947e-01
9.947500492520486848e-01
1.006627226430121258e+00
1.015446099290357562e+00
9.956641498739744467e-01
1.022917047365252685e+00
1.001304098853710522e+00
1.009204005520191183e+00
1.008736445583065633e+00
9.836507152177337288e-01
9.954157254611638583e-01
9.784206493846072661e-01
1.006535467698231434e+00
9.892992151298827253e-01
9.930101420211623342e-01
9.930481158844309819e-01
1.007616256065169358e+00
9.991163721748255178e-01
9.876216643658048966e-01
1.007249910760269707e+00
1.004304381235515464e+00
1.003575218639822131e+00
9.916247251745803348e-01
9.985521496001878994e-01
9.993882063511723146e-01
9.876113202944108993e-01
9.985118136979731496e-01
9.893960006286809383e-01
9.949898162440280469e-01
9.992886521365458297e-01
9.857659994274818871e-01
1.011799709182354512e+00
9.970002784998729384e-01
9.948777503066071892e-01
1.005417524507004723e+00
1.005649663366499302e+00
9.961633157995691823e-01
1.014132661105641153e+00
9.849973264562996711e-01
9.818332204088519033e-01
1.001554588593585038e+00
9.961144614472402514e-01
9.839817383865201439e-01
9.908017372506459086e-01
9.926606200136037783e-01
1.003569596365923244e+00
1.006119514447037400e+00
1.007304568842151804e+00
1.003074328065748588e+00
1.011045338604653399e+00
1.001993895693326975e+00
9.930428860242158651e-01
1.007318900903455772e+00
9.814390150866840745e-01
9.906495596965526618e-01
9.969587610940467970e-01
9.936741460923693703e-01
9.908060054764341595e-01
1.001199163542613624e+00
9.694237789331638933e-01
1.008844053530212337e+00
9.909164889354310501e-01
9.901677451394901297e-01
1.014453227500321297e+00
9.896265181520587095e-01
1.011534566253128098e+00
9.957161227186801522e-01
9.805700724074801755e-01
1.009290570365039219e+00
1.019082438130468837e+00
1.000214090035414616e+00
9.913606155809920883e-01
1.003264266413208317e+00
1.001959825492362288e+00
1.006759558135241983e+00
1.005742610215621502e+00
1.012369807185141912e+00
1.007159937691273877e+00
9.973305677257510160e-01
1.010566330874245189e+00
9.881966726590729611e-01
1.007681488143705062e+00
9.910007298363467942e-01
9.942991375406649013e-01
1.017153474959596071e+00
9.812554759102596336e-01
1.012717670814020643e+00
1.010563653160823749e+00
9.878422439256481224e-01
9.795980774829233795e-01
9.791594165620896018e-01
1.000793342238812667e+00
1.005399436680908476e+00
1.005308347483250486e+00
1.014351027951748696e+00
1.008310067357706785e+00
1.001632794915141567e+00
9.930752759129432006e-01
9.863485801931237695e-01
1.010450032586939217e+00
1.002162124228261453e+00
1.002156347074253606e+00
9.973185460740292552e-01
1.010194700195250928e+00
1.010435931367995366e+00
9.869197094133647097e-01
1.011905008472242518e+00
9.719104526975159697e-01
1.000294180884643724e+00
1.010995777829285291e+00
1.002843441171009653e+00
9.918656837933502723e-01
1.025265379985749847e+00
9.985393490882834566e-01
1.007182891393579416e+00
1.006986201794899394e+00
9.951603934644963623e-01
9.862808962564978410e-01
1.005182471463762717e+00
1.007390455926214567e+00
1.006110897208144062e+00
9.812064581635974170e-01
9.884401573783052619e-01
9.982283794169650726e-01
1.003862865247398428e+00
1.004657481118950813e+00
9.977200888722727035e-01
9.982078905172623307e-01
1.015930078453313179e+00
1.010093952277920870e+00
1.005502772250063126e+00
1.007697501987082411e+00
1.001146788422434764e+00
9.757077512641061379e-01
9.871324897162990775e-01
1.016554020516653223e+00
1.003081477960860113e+00
1.000659798936142320e+00
1.004724387759768689e+00
9.928244925240099494e-01
1.015754724877003801e+00
1.005837603059781760e+00
1.002160199676969121e+00
1.014363757730127658e+00
9.863938419564153293e-01
1.000319825728548828e+00
9.833234589750357024e-01
9.698467585150444270e-01
9.915884056921024925e-01
1.005337793038713290e+00
1.009317571421617599e+00
9.805948391761505345e-01
9.981900237081243743e-01
1.005987411595594905e+00
9.991120500108940927e-01
9.894117315623862652e-01
1.004140694125252198e+00
9.822486953776458085e-01
9.980494249271469887e-01
9.824255017906171616e-01
1.023541006038026113e+00
1.012790880990734887e+00
9.984213483996425831e-01
1.004273237653431794e+00
1.017661053177907338e+00
1.003716420181359315e+00
9.820276963095926348e-01
9.910703807286703748e-01
1.005143505547762661e+00
9.966706079089086012e-01
1.017862290646992296e+00
1.012205677496943457e+00
1.003729811930509586e+00
1.001074043789951240e+00
9.960600214086966497e-01
1.002694204293328006e+00
1.009280054940557836e+00
9.929202810946510249e-01
9.943737847643995265e-01
9.932530155496289703e-01
9.997374548706322583e-01
9.978785609093999698e-01
1.000150672152768649e+00
9.896141339454326280e-01
9.992545160956806116e-01
1.006254295973991741e+00
1.001539772483361901e+00
1.001353711715445183e+00
1.013240429678271770e+00
9.865186031581835158e-01
1.006477868060356551e+00
9.980575091663654863e-01
9.892580519983917853e-01
1.018436592424293075e+00
1.001685607247132292e+00
9.902833332468183869e-01
9.983894523789567099e-01
1.003822655101513694e+00
1.007251220757577448e+00
9.860549748298522710e-01
1.010446667536165632e+00
1.001957339071890996e+00
9.785545492426017677e-01
1.004566866467514030e+00
1.005200116357471973e+00
9.842078751683240867e-01
9.952185135718166764e-01
1.012457979249431705e+00
1.004248320465937372e+00
1.000942863012264539e+00
1.003383194090436081e+00
1.015626846919480464e+00
1.002246959254127878e+00
9.937516701001778419e-01
9.966340990541554534e-01
1.013573620344397463e+00
1.000427699780146895e+00
9.882749036491795813e-01
9.982287115211909700e-01
1.015886542432999695e+00
1.006433274020184898e+00
1.010908940162821068e+00
1.004634310052747059e+00
1.004546074554943713e+00
9.782720777228032238e-01
1.001547687305433865e+00
1.000783229564322863e+00
9.974311469569886457e-01
1.001333135950786435e+00
9.744083355997962270e-01
1.014566091129771586e+00
9.932122926486655068e-01
1.014380189256814946e+00
1.001688985682883448e+00
1.001463612504899015e+00
1.010641941153261003e+00
9.851848653312019755e-01
9.981253064604139746e-01
9.794598359741439886e-01
9.953869204294466533e-01
1.007854604158486156e+00
9.977461299830652219e-01
9.934863813898676677e-01
1.025309734092470615e+00
1.012944625340475469e+00
9.814741402546707238e-01
9.996817941614263292e-01
9.978858876541226719e-01
1.023927282139553085e+00
9.952524934548827584e-01
9.905797831102833850e-01
9.918863774125009636e-01
1.001347840839077241e+00
1.009981150115655923e+00
9.893966074569323643e-01
9.943106391831990631e-01
1.003787264353752873e+00
9.988830770714373086e-01
9.841346887621419404e-01
9.812515422590406544e-01
1.008094242117781647e+00
9.961571871919269183e-01
1.001129587219371508e+00
1.004266826112263589e+00
1.015872773211475844e+00
9.961143664284720645e-01
1.019921621498356856e+00
9.820481799922123889e-01
1.001710020580259819e+00
9.944114613748612497e-01
1.006096192410287138e+00
1.007945825533557604e+00
9.927519867832300671e-01
9.947631771439612303e-01
9.919891433185736851e-01
9.993027803766038053e-01
1.013428603675225803e+00
1.002947939188639337e+00
9.919206234769196717e-01
9.964273300199824046e-01
1.003967455669264153e+00
1.012573825608410472e+00
1.008882406926494779e+00
1.018054252988517927e+00
1.014689880847316594e+00
1.011761868830618694e+00
1.008560181394614119e+00
9.845461015516828729e-01
1.001307701855845389e+00
1.011768673538917529e+00
9.955460454474640564e-01
1.014977896301547444e+00
1.004503802085308761e+00
1.008598629060782237e+00
9.960450495317534347e-01
1.007397550493886795e+00
9.849250513644689509e-01
9.985452133576805389e-01
9.907513106600973618e-01
1.009433006732110893e+00
1.010067930930480973e+00
1.012608135813242605e+00
1.008869092500737086e+00
1.007037813624263922e+00
1.004594914230076741e+00
9.955008269893650397e-01
9.991431030583483031e-01
9.932868752860913864e-01
1.017642830207853732e+00
9.861357529667894584e-01
9.907817791822782771e-01
1.005013298786542109e+00
9.950140122742064941e-01
1.003228476508780664e+00
1.012223013748156042e+00
9.880289082493465269e-01
9.804908904685164517e-01
1.001847526938509647e+00
1.008715504521948469e+00
1.007352589335603676e+00
9.786931796957182295e-01
9.939973162172778265e-01
9.937806616241746660e-01
1.022389195320372313e+00
1.016548461734557041e+00
9.978705468292720093e-01
1.000793364285223808e+00
1.000788842656667121e+00
1.000172869962081545e+00
1.016208630894239073e+00
9.863444138956398710e-01
9.941443605187919585e-01
1.001441133384723736e+00
9.932467571846597121e-01
9.944396512748396866e-01
1.004301665213160222e+00
9.841564615222873069e-01
9.987596326079354325e-01
9.945411808351071192e-01
9.930484081170771749e-01
9.782909396325715212e-01
9.925740451672951936e-01
9.993079709842636049e-01
1.019012710152671586e+00
9.908015388765872844e-01
9.879071110457680049e-01
9.876609488897575284e-01
9.880965784586744904e-01
1.010645056516564333e+00
9.753314282954661518e-01
9.855756509960031941e-01
9.994126823667065507e-01
9.988586282488123302e-01
1.006625273381318353e+00
1.009908297698805857e+00
9.914445421850494045e-01
9.871226421550235441e-01
9.917826842412801325e-01
9.895952663858103016e-01
1.012673751859161531e+00
9.952970783374484043e-01
1.010914314444101292e+00
9.976457525754269806e-01
1.014697307574395024e+00
9.954874333018205457e-01
9.946779314418167095e-01
9.862720962753211973e-01
9.929820382105725152e-01
9.939135713963829222e-01
9.877757860637055298e-01
9.918411015365233840e-01
9.989949350490486824e-01
9.964230291989147892e-01
9.969135058284244177e-01
9.996070143586378576e-01
1.004127231827940392e+00
1.004387872097940893e+00
1.020142124895226710e+00
9.986300196852194722e-01
1.018602631097933697e+00
9.911492484093200606e-01
1.004318296337502581e+00
9.869240654348769848e-01
9.955747080434376173e-01
1.000159287151434429e+00
9.770519799444903342e-01
1.006746178314836593e+00
1.002553671788352530e+00
1.011898608083862117e+00
9.910427205483690605e-01
9.942429404854643549e-01
9.769132407293648068e-01
1.002541523392729950e+00
9.820315544927998852e-01
9.976969178573802388e-01
1.001136096079631610e+00
1.004379488459174796e+00
9.947580796064054987e-01
1.002074996864685152e+00
1.001705697282385676e+00
9.978008556247618399e-01
9.864520012169819552e-01
9.963917016344457922e-01
9.966753114568210892e-01
9.893896139943918477e-01
9.985007267200725067e-01
1.010562331380867152e+00
9.982834795553635621e-01
9.983592858775586221e-01
9.932524622345915155e-01
9.952447873456847782e-01
1.000103704453595643e+00
1.017362806536298736e+00
9.976679735926943238e-01
1.001624412167883005e+00
9.996270674891216679e-01
1.004298480850655206e+00
1.004096373852265467e+00
1.000414559672978543e+00
9.881183006821744330e-01
1.003685819405409463e+00
9.932623660915037567e-01
9.983255723983354146e-01
9.984912833536579990e-01
9.926115482481918662e-01
9.877463543372111410e-01
9.994776272115855065e-01
1.011546305576022320e+00
9.884310675375918009e-01
1.010367355702984860e+00
9.993853828493137748e-01
9.940929072924142851e-01
9.983937454137538081e-01
1.010528400053419151e+00
1.013811040720139944e+00
9.938869588409521283e-01
1.008569813660993297e+00
1.012934335173171219e+00
9.923788814466634189e-01
1.009731829488826449e+00
9.978551810735112326e-01
1.008163478243009781e+00
1.026472946610041070e+00
1.003981221853099459e+00
1.004466794116089412e+00
9.818833475079085105e-01
9.909700395070863976e-01
1.008202195203685037e+00
1.000961768532405261e+00
1.010832747266630527e+00
9.928020921591000914e-01
9.903496137813326827e-01
9.890478466660214130e-01
9.921210432274497615e-01
9.926634371541763757e-01
1.006865460980924665e+00
9.770857984354180958e-01
1.011670139779804023e+00
9.934792740615314699e-01
1.005019728622839947e+00
9.856167166913170075e-01
9.968562218017075205e-01
9.959777812448817880e-01
9.964245112577075902e-01
9.932290199765619887e-01
1.009686319531489795e+00
1.003397797270069391e+00
9.882095596097801860e-01
9.990600106502679489e-01
9.939538316362275250e-01
9.954568554077160014e-01
9.926404310282946897e-01
9.879673148487236878e-01
9.892994705883031425e-01
9.908976850050851271e-01
9.903182069561632384e-01
9.991199455622227221e-01
9.858748480161609873e-01
9.656496802380032385e-01
1.007160979115031774e+00
9.867151504063512713e-01
1.002022600977156230e+00
9.630840628609518284e-01
9.777076174592062019e-01
9.975841331420570723e-01
9.992283063644926688e-01
9.792183030469909788e-01
9.959989375630035058e-01
1.009369660624897191e+00
9.923744044332302172e-01
9.837325612778281547e-01
9.963381893062153161e-01
9.982300024989656517e-01
9.903000846796192747e-01
9.681181424014569936e-01
1.005423009742038021e+00
9.770078397882960841e-01
9.906794699624099643e-01
9.923310959453370828e-01
9.798519411775300503e-01
9.822068247910709093e-01
1.005077189882193300e+00
9.685785184349982035e-01
9.808732143570406681e-01
1.014105274747887142e+00
9.954273718267874216e-01
9.883072343155968609e-01
9.896378324818573269e-01
1.005415746959247736e+00
9.779753444367593751e-01
9.891116185318080678e-01
1.006406287068783989e+00
9.963307267764914821e-01
9.767085510077417876e-01
9.881919483682075622e-01
9.784108495964164431e-01
9.760925341598701843e-01
9.983788565859210706e-01
9.662170428209723161e-01
9.995138618151911958e-01
9.867390357627262576e-01
9.807192649779138405e-01
9.884379319697221833e-01
9.691914060065810466e-01
9.908614897008005684e-01
9.735977887948856768e-01
1.004363511383375984e+00
9.735711252838499252e-01
1.004381416231967306e+00
1.000154147736773691e+00
9.980785609243385537e-01
9.813759287637684459e-01
9.942216052863216413e-01
9.934682638832953439e-01
9.775150192544884709e-01
9.863315029330137484e-01
9.929582798662732745e-01
9.905996414962453533e-01
9.814271274798090916e-01
9.774761158917031345e-01
9.971003425751009397e-01
9.887907482891270528e-01
9.818549455558464034e-01
9.976802349720895746e-01
9.846643935073680076e-01
9.815702474663108301e-01
9.698156297115694269e-01
9.819595622087697873e-01
9.773345572660546710e-01
9.940106760522164908e-01
9.894104705178191628e-01
9.995521191750522672e-01
9.768038246989135809e-01
9.706834116406658497e-01
9.814961189502904304e-01
9.867405124915306081e-01
9.718456785902190864e-01
9.835636698710642500e-01
9.862374041636076116e-01
9.898962888230589119e-01
9.856503257903658222e-01
1.016687834490904052e+00
9.867083068221131903e-01
1.017103829046897889e+00
9.814321879266353355e-01
9.829725887614739754e-01
9.834425721610642324e-01
9.857154426932187574e-01
9.926205351862972259e-01
9.909382467548131235e-01
9.889522334618893185e-01
9.711920861208165334e-01
9.966203297040869824e-01
9.754523616900694361e-01
1.003441644552827583e+00
9.874091279226346884e-01
9.692067179405751132e-01
9.815563258853187145e-01
9.845411890638899877e-01
9.980899821366803204e-01
1.004748565811790062e+00
9.942856277434531931e-01
9.888570498623108218e-01
1.001513088804609541e+00
9.884187418210967913e-01
9.775872494706869809e-01
9.987316308115488095e-01
9.807915148619688051e-01
9.793339660015497605e-01
9.921952117011506589e-01
9.763730402547091680e-01
9.948759106055738988e-01
9.841426053825613751e-01
9.840925419579791278e-01
9.962857447125478272e-01
9.914435507145143989e-01
9.912483484735366002e-01
9.974178515619350760e-01
9.869968394539766487e-01
9.810150712271389351e-01
1.000530187375535007e+00
9.759882867333726786e-01
9.806688153689270271e-01
9.881977207075015590e-01
9.929096666237103852e-01
9.947006789806458471e-01
9.908465863636204407e-01
9.880024706952446056e-01
1.002485412107362306e+00
9.799158872775702855e-01
9.923505902378951804e-01
9.916378118701432154e-01
1.003516122401707289e+00
9.848301049099019711e-01
9.857146016473670169e-01
9.613664067237031041e-01
1.005695839977771122e+00
9.874866860064189789e-01
9.842307032747099615e-01
9.892134482325050104e-01
9.912598552435868404e-01
9.875997021008205978e-01
9.825080908812877656e-01
1.004528096354224243e+00
9.730716471090118391e-01
1.000077026181959150e+00
1.002882655092760089e+00
9.799163742176900671e-01
1.001173866238548538e+00
9.881921004169543776e-01
9.807395206677177457e-01
9.806561032755978236e-01
1.002163853729729492e+00
9.879099921958072184e-01
9.826804678094401835e-01
9.810050100578786569e-01
9.894739468019031481e-01
9.786540877214422451e-01
9.794074517925299705e-01
9.841722228764181457e-01
9.820754924590587853e-01
9.916330553309784523e-01
9.945914972625540251e-01
9.771799867812509532e-01
9.907652254064054365e-01
9.944700195373534779e-01
9.905045974382786778e-01
9.801422482166007866e-01
9.972699623244590805e-01
9.785648094591687940e-01
1.007031187497741787e+00
9.791544085242992468e-01
9.913477423767941277e-01
9.630238944918489974e-01
9.834043510450960479e-01
9.952786705696202718e-01
9.887334858371062962e-01
9.702811669326748545e-01
9.967343240019280737e-01
9.822699108674187718e-01
9.821134256865041712e-01
9.868019495286994847e-01
9.984084612553210114e-01
9.976954709718020009e-01
9.887459384025393261e-01
1.011764970411697329e+00
9.987581385840405002e-01
9.790766914781010577e-01
9.915033294847398482e-01
9.985024496429869556e-01
9.801757662822488948e-01
9.688938156683590819e-01
1.001756269509569419e+00
9.751422589373428540e-01
9.804984531830868155e-01
9.869581115650062353e-01
9.925979447824714308e-01
9.990119714189517053e-01
1.002816666338648632e+00
9.932872891483178757e-01
9.730132832153132183e-01
9.798093134654468628e-01
9.854473228796879480e-01
9.978857316586082771e-01
9.921272258708005998e-01
9.689011378689085241e-01
9.861253067177138121e-01
9.920871507014601409e-01
9.810708597121432506e-01
1.000547338366263084e+00
9.763843962741841631e-01
9.982904987213419012e-01
1.000889403231927099e+00
9.920679171659280149e-01
9.831641580355398036e-01
9.778542153619210753e-01
9.787775410993208025e-01
9.818408096220699877e-01
9.962353563315826666e-01
9.862856662406408459e-01
9.904330368441558452e-01
9.811420480594235105e-01
9.831480265759492410e-01
1.005332341365026139e+00
9.891451847782605222e-01
9.664920267549095279e-01
9.917943352891109843e-01
1.013865269730112706e+00
9.848764679500390251e-01
9.942564344514730479e-01
9.868733468505569428e-01
9.959964799999527774e-01
9.956823581385985111e-01
9.932456786653105496e-01
9.755506310850008411e-01
1.000757602464352303e+00
9.929137481524495934e-01
9.768381200842681800e-01
9.759384477635549837e-01
1.005915170661405789e+00
9.832961389835683796e-01
1.000751634749481811e+00
9.661662756461645296e-01
9.934134505659767411e-01
9.888249427125038737e-01
9.901250004331216825e-01
9.887590806312295255e-01
9.995967763670129402e-01
1.005461959353243673e+00
9.973370112006942900e-01
1.005778495288562002e+00
9.960559778305609901e-01
9.960839405743018293e-01
9.988172308081247897e-01
1.003799773672284346e+00
9.879751643260178406e-01
1.009019838616624032e+00
9.946548804001111854e-01
1.005671042481635746e+00
9.984615817515728464e-01
9.918818624544983864e-01
1.000799782114335512e+00
9.834711545341098260e-01
9.939900900251097404e-01
9.722244053628226190e-01
1.001752635764232791e+00
9.900086318094850624e-01
9.805782308268224945e-01
9.946067487232829185e-01
9.945078166163732192e-01
9.833669772624566985e-01
1.001565011490533896e+00
9.936480453705294202e-01
9.900129837065243521e-01
9.846719483677769391e-01
9.957877040633548171e-01
9.919558344256154125e-01
9.929377109716966965e-01
9.883686810550835755e-01
9.975339394075524169e-01
1.009160995781687165e+00
9.913518049307868951e-01
9.960587691627595941e-01
1.018117422343518319e+00
9.874439499502378759e-01
9.910343122385050219e-01
1.000586143904438341e+00
9.969426819931609396e-01
9.921186085036368674e-01
9.945945451844202534e-01
9.699891718316853151e-01
1.003798569166451049e+00
1.003521115917218376e+00
9.880809959695293632e-01
1.018585436055380544e+00
9.914747500002671909e-01
1.002552990541564215e+00
9.934013694625961621e-01
1.006750318561500324e+00
1.001502584263842754e+00
9.801253232745533728e-01
1.016570578289975213e+00
9.922775816186639730e-01
9.975798719480524213e-01
9.859170877043360592e-01
9.910399980737302217e-01
1.000946709829038550e+00
1.008044320062124966e+00
9.949064018451015956e-01
9.827448201736113109e-01
1.000769901290722297e+00
9.991710564322138222e-01
1.013859462283739798e+00
1.007767279419759410e+00
9.910108310847653978e-01
9.982432796740516867e-01
1.008018732209309709e+00
9.949020265515796657e-01
9.970742520833959510e-01
9.989748393272503968e-01
9.864779826013474473e-01
1.009213109760504157e+00
9.950954638874299762e-01
1.006947863670967225e+00
1.000026337831008361e+00
9.914781850429392751e-01
1.003387983598948097e+00
9.798519053024443703e-01
1.009459991353258257e+00
9.921290534948821183e-01
9.897878203057809410e-01
9.829003575571877427e-01
1.005537435246580902e+00
1.011601063829455471e+00
1.003443864892897608e+00
1.018243077008631259e+00
9.852206855779849226e-01
9.948539095310651170e-01
1.003698192988196958e+00
1.001949611665742701e+00
1.009354899900074765e+00
1.014376153959617222e+00
1.006928094257283135e+00
1.010185054467700239e+00
9.971562794599510005e-01
9.848319961123043198e-01
9.933680550420372901e-01
1.023327435991456147e+00
9.947704863547982557e-01
1.009723616551002401e+00
1.001139868600833260e+00
1.004029761016760114e+00
1.003179373277758080e+00
9.929488225898462916e-01
1.014452908792057295e+00
9.785134974779833295e-01
1.008837831083680747e+00
1.006977546807387158e+00
9.868505712387651840e-01
1.000903274715688740e+00
9.848098731080309198e-01
9.836580152600331584e-01
1.022964696468155354e+00
1.001837112578681799e+00
1.000065107573594014e+00
9.999448740172645067e-01
1.016452607133824682e+00
1.002761985681456469e+00
1.016298253339597002e+00
9.936727664328179888e-01
9.996002625050196544e-01
9.974674217272301302e-01
9.876638906281537400e-01
1.003954595155083229e+00
9.954639835941029302e-01
9.959265302803734787e-01
1.007278301464184400e+00
1.011023362488375765e+00
9.936242441219007571e-01
1.004432411852155926e+00
1.026401624143363556e+00
9.878823512902861204e-01
9.926674089207823126e-01
1.000238588425040653e+00
9.876736173474904845e-01
1.016533607651889826e+00
9.934026383229794810e-01
1.001129191843203481e+00
1.004989177337460848e+00
9.888134343388660374e-01
1.009803808526542168e+00
1.001281387938808054e+00
1.010428545317401339e+00
9.777553415634511191e-01
9.900205342758916505e-01
9.874322716300700797e-01
9.990433312622256645e-01
1.014128335722724428e+00
1.009134150550140996e+00
1.000199520440788525e+00
9.982081839304348669e-01
1.007191930852348927e+00
9.978783892679128353e-01
9.923966948722289239e-01
1.002637415390930542e+00
9.986642915792491859e-01
9.858398350881948380e-01
9.810606316031722507e-01
1.004092653970929394e+00
1.012236841767381712e+00
9.985504482886453648e-01
1.011320850939612992e+00
1.001880651125816257e+00
1.004891417354133010e+00
1.009408168871145373e+00
1.011346893512357070e+00
1.017096499368992379e+00
1.009194644662380735e+00
1.002788944281138628e+00
1.001502970813045179e+00
1.008205241478644654e+00
9.996163071452638382e-01
1.010635994945730864e+00
1.000797678098244159e+00
1.008392508940014531e+00
1.009396191204255722e+00
9.900734277765345093e-01
1.012859812424134143e+00
1.015449460562714457e+00
9.958060875692982261e-01
1.019815059251639733e+00
1.000542986087786579e+00
1.002765974900444945e+00
1.024658443270293873e+00
1.010359457608538403e+00
1.005168818563800581e+00
1.009648744838237411e+00
1.002411902986146686e+00
9.935840057704030670e-01
1.005612061900345022e+00
9.858497310959262183e-01
1.008847634126355253e+00
1.005896538211322744e+00
9.940585613364897322e-01
9.895811021968102805e-01
1.007455027970061145e+00
9.994681589189987614e-01
9.885700432313622166e-01
1.004451139669059412e+00
9.825383100642323120e-01
9.869737104640025072e-01
9.933248489017388883e-01
1.004083588610713784e+00
9.907277962175051744e-01
9.993714774636386355e-01
9.912382213741975923e-01
9.893878808584074536e-01
1.002213022085131522e+00
9.944942153435117893e-01
9.864826406067631615e-01
1.006054928686076044e+00
9.997844757168118379e-01
1.003537888161175395e+00
9.947041809355042785e-01
1.004046453292744667e+00
1.002505737967347210e+00
1.005036485178939287e+00
9.972863952957985445e-01
1.008410584669243049e+00
9.947597331223148043e-01
1.013303799094212199e+00
1.005510785060653500e+00
1.005573595811043441e+00
9.927270721081917770e-01
1.013538124907587434e+00
1.001018950305159860e+00
9.915413895623049756e-01
9.982308055257018697e-01
1.007891742458345119e+00
1.009047483787304911e+00
9.957136976843105058e-01
9.971782945044609381e-01
1.002348935935010177e+00
1.006932442936691707e+00
1.001737559165912783e+00
9.973186181928108685e-01
9.800134806062004156e-01
9.938780004833229764e-01
1.007818453607678855e+00
9.855423245771299801e-01
9.863721453309620690e-01
1.000608934339676903e+00
9.894967720983463000e-01
1.003728531253459622e+00
9.762166346295215735e-01
9.937115522227364384e-01
9.992071030583823399e-01
9.952928898678888858e-01
9.938325502274846235e-01
9.887488248165605675e-01
9.944610403322180492e-01
9.830671646151368792e-01
9.983965179541449686e-01
1.021296126427600592e+00
9.953626043251595501e-01
1.025994701979825008e+00
1.001297527403479215e+00
9.899384369250799898e-01
9.958792753668178621e-01
1.008546740550883891e+00
9.991388499409443735e-01
9.940037587904090310e-01
9.976265653904974329e-01
9.874548959549160898e-01
1.002065235243199348e+00
1.000340102495727246e+00
9.966601899214546645e-01
9.954563390642957588e-01
1.004689431092597562e+00
1.001669984542907343e+00
9.840824475432793372e-01
9.997852864806625606e-01
9.860691836635621099e-01
9.971617107157022541e-01
1.015324512889809627e+00
1.008579938195086401e+00
9.903160593879087870e-01
9.943958363598887074e-01
9.999100362327449920e-01
1.003970211456279626e+00
9.849111251192198546e-01
9.933972234808264856e-01
1.011370320689056301e+00
1.008631388044525234e+00
9.906615218482827112e-01
9.896342876975515734e-01
1.005098060692898754e+00
9.930235490235413964e-01
1.007512132520740789e+00
9.927398561176721259e-01
9.983458657783405021e-01
9.833227916879129227e-01
9.939910493330604835e-01
9.948847269035373531e-01
9.999879227257739700e-01
1.016035296405964239e+00
9.881907749776799310e-01
9.768318518664662609e-01
1.000276032921477265e+00
1.000832086566577850e+00
1.005094507512632962e+00
1.009836344284545495e+00
9.990332339705843001e-01
1.008268762522763318e+00
1.018676137971900708e+00
1.000466869541459802e+00
9.983419696202191496e-01
1.014836569430902058e+00
1.008654916002492241e+00
9.855327568646490288e-01
9.974918934205568855e-01
9.891574637697851946e-01
9.961730459600327547e-01
1.010329728830010376e+00
1.024356453889796459e+00
9.995335017074192807e-01
9.825725799740303579e-01
9.992877818937067058e-01
1.001784434113988764e+00
9.956586860430272079e-01
1.004929191861509086e+00
9.895283339248318599e-01
9.866822063889074679e-01
9.987425257498849795e-01
9.968368571547834289e-01
1.010049014025760972e+00
1.004296873497374065e+00
9.999026811534532655e-01
9.965003288116827118e-01
9.998245961272029803e-01
1.007619179198974146e+00
1.005979033019658742e+00
1.007162980332019453e+00
9.818298272195171705e-01
1.001397402985931606e+00
1.008024110061373824e+00
1.005181010907721939e+00
9.838095253651729655e-01
1.002373624998370127e+00
1.004352613828079388e+00
9.942689127301310714e-01
9.932769453776917334e-01
1.004275127669548295e+00
1.018980285273792807e+00
1.000561946911194822e+00
9.899883756907688070e-01
1.014704970322500621e+00
1.001501626256039224e+00
1.000343182630334837e+00
9.998557328557615698e-01
9.930166976745534724e-01
1.000330634115573103e+00
9.909691527643167408e-01
9.990309266819789036e-01
9.902063293952826362e-01
1.010510874149371574e+00
1.016259603263408140e+00
1.006713495088590538e+00
1.017414354562817591e+00
9.788635547349839872e-01
1.002972853304686662e+00
1.002767357873252552e+00
9.922392274178208904e-01
9.755078101686457392e-01
9.997374110886969589e-01
1.002092143679538472e+00
9.789113903390775917e-01
1.011355150770897993e+00
9.950826917394073323e-01
1.009053058958701454e+00
9.900346481654932473e-01
9.989431196592903905e-01
1.000496511532773303e+00
1.024761501521056939e+00
9.959619028455989342e-01
1.001904261521661565e+00
9.950767450731520247e-01
9.977351421892040051e-01
1.002834206610565548e+00
9.995153187960807983e-01
9.981133675789144455e-01
1.000774113060829196e+00
1.011306673585297577e+00
1.008367025731105038e+00
1.011119273323970225e+00
9.979490327721867171e-01
1.001528881848296582e+00
1.001363384735660667e+00
9.952590976493322916e-01
1.005359199968124839e+00
9.997734226115949641e-01
9.947546671315851130e-01
9.830747620472807258e-01
1.017157267263366194e+00
1.000119632554364868e+00
9.953041958465962402e-01
1.010378342474657964e+00
1.010577366315630332e+00
9.968003003610493851e-01
1.000001261520004681e+00
1.012939390585537724e+00
1.003821668658929189e+00
1.011936708238712068e+00
9.999559080234469155e-01
1.009890131641166588e+00
9.966103229312734957e-01
1.002469549146741468e+00
9.960443713270688004e-01
1.002485077816264170e+00
9.853872793810909414e-01
9.999766817731170487e-01
1.008339677107199739e+00
1.016290370671378174e+00
9.857749424258502868e-01
1.012668341667334326e+00
1.004895557152584384e+00
1.003464348264218042e+00
1.000099340759060373e+00
9.887777045846516399e-01
1.006105731597424002e+00
1.006742159993115004e+00
1.007526532136334696e+00
9.857643253998477073e-01
9.909913070469429375e-01
1.003031406248779511e+00
9.979839187955021895e-01
1.019111896909868920e+00
1.001561789976332939e+00
1.021040418901220548e+00
9.909129725489614904e-01
1.002466047404258820e+00
9.920671221109881310e-01
1.005554602626368199e+00
9.945987340135314936e-01
9.809530806105410949e-01
1.006318193872528965e+00
1.006247534550311684e+00
1.022556495102849849e+00
9.816137984726568400e-01
1.009660382430838999e+00
9.887104628646752325e-01
1.005309710075978691e+00
9.908257194836944670e-01
1.013070107339409942e+00
9.992979832117468986e-01
9.987901870245444735e-01
9.764629400337923038e-01
9.877086683668599987e-01
9.807888630528329710e-01
1.012744495460777827e+00
9.953340963302856892e-01
1.009346269982061006e+00
9.870710860962887967e-01
1.008177505217289438e+00
9.999671180210248922e-01
9.854337234397114731e-01
9.916281381725391419e-01
1.000573275929005135e+00
9.977329253768512096e-01
9.968895449245043228e-01
1.002142874726651645e+00
9.864672075454199440e-01
9.927078386081102934e-01
9.945154295860710869e-01
1.009134137306505918e+00
9.874436390714677048e-01
1.002438832711444849e+00
9.950919262247290842e-01
9.931281235671184371e-01
1.006861425239020003e+00
1.002623367425959255e+00
1.014579236098158921e+00
9.973299660928079957e-01
1.004355792548773829e+00
1.011510074199756914e+00
9.883300211550585246e-01
9.972806674477578959e-01
1.001078442523042344e+00
1.005517376287497600e+00
9.986311998029192560e-01
1.011831295868506730e+00
9.945332856337539829e-01
1.002773415297399495e+00
9.990840655652858393e-01
9.788169665121217999e-01
9.953325328818818374e-01
1.004659508824737424e+00
9.857045099117458520e-01
9.875061009813113078e-01
9.895907563786598971e-01
9.955329431159800624e-01
9.983513951809086517e-01
1.004529243192855414e+00
1.020663183399421747e+00
1.015756666244783224e+00
1.005880838214190609e+00
9.855244204776321126e-01
1.017220347489801169e+00
1.008482469909315560e+00
1.009438782723996564e+00
1.016357706733191035e+00
9.987518424787021898e-01
9.870449717208479301e-01
1.001221315776358534e+00
1.007449172451159614e+00
1.000143590657230241e+00
1.009131978888226477e+00
1.002729805212790870e+00
1.006032163873028074e+00
9.882669278852478367e-01
9.865137378091637377e-01
1.000861389693180170e+00
1.005439124138244544e+00
9.915560715701953187e-01
1.010789401532508958e+00
9.839851749139840731e-01
9.980921062117372733e-01
1.016684932799708063e+00
1.003217152108437205e+00
1.006190062762633008e+00
1.005567108925003561e+00
9.860719562588300402e-01
1.003501739446802654e+00
1.006008706545684417e+00
1.007619075504032624e+00
1.000436174865976025e+00
1.036029602169005637e+00
9.882622249467916120e-01
1.007852041343392235e+00
9.928345741574005068e-01
9.755743207201549305e-01
9.962970592048477902e-01
9.853618602603428922e-01
1.007946344387249615e+00
1.001046326335304215e+00
1.009098917298149267e+00
9.818149249608676410e-01
1.020853164304603711e+00
1.012388148678692312e+00
9.996130319526087549e-01
9.914884202900782206e-01
1.010382207174909563e+00
9.884524423227460943e-01
9.949940027403540999e-01
9.800566758705588910e-01
9.995686302372334131e-01
9.906562073105464883e-01
1.004695756148684671e+00
1.003470152154337880e+00
9.939210534804548969e-01
9.981864162477704916e-01
1.004256441338058803e+00
1.019138630393781053e+00
9.978318994357097127e-01
9.975421487579149149e-01
9.772473074670455784e-01
9.990823136326688614e-01
1.001651010399897013e+00
9.910735787630668980e-01
9.955808755012565125e-01
9.993703396823581109e-01
9.960018019352118168e-01
1.002508797777222904e+00
1.013353108533215252e+00
9.895631226116335943e-01
1.000223817749300359e+00
9.905662014235167012e-01
9.894472390054196431e-01
1.008846122906480680e+00
1.005465306286845939e+00
1.000237465246575530e+00
9.904254093010248505e-01
1.013110706491227475e+00
1.001225294841821212e+00
1.000965704799261724e+00
9.992195619100229242e-01
9.951082464833475028e-01
9.958891093653443605e-01
1.003932679625080038e+00
1.004931450728700160e+00
9.931775573188523776e-01
9.881828870463588155e-01
9.940016241827199783e-01
9.969817296202205803e-01
9.932594773085602347e-01
9.887219435417805569e-01
9.960446978829675668e-01
1.001488767024737658e+00
9.982139965966538853e-01
1.016869222276187257e+00
9.765655141948602624e-01
1.000474014039673065e+00
9.948930709430225949e-01
9.846567855578683970e-01
9.898249990310096225e-01
1.004450789725726878e+00
9.973732009419248312e-01
1.019749749972430619e+00
1.020015007154535081e+00
1.006871638422751847e+00
1.004170748763502319e+00
1.013777114462095508e+00
9.865986227177397927e-01
9.872844918353586019e-01
1.018588603365889300e+00
1.008102813187524260e+00
9.993973203377403136e-01
9.921091471689253982e-01
1.012593901214307035e+00
9.940070595761076877e-01
1.002624568301723862e+00
9.944389569844099830e-01
1.011164283663266161e+00
9.990372667116390604e-01
1.009838753463853323e+00
1.005595253247935750e+00
9.857340408494325024e-01
1.001486461024831964e+00
1.006323442347436981e+00
9.931414505836079210e-01
1.008503372715464863e+00
1.008299809633557587e+00
9.964043588695608022e-01
9.995979473496011680e-01
9.907505589941364432e-01
1.000309133416652063e+00
9.954329875998061405e-01
9.870785104391152087e-01
1.009423593248971684e+00
1.013765615355646910e+00
1.001872108961673558e+00
1.002669410976646525e+00
1.010596918348169559e+00
9.864931883659884271e-01
1.002669587093232506e+00
1.019282725625437314e+00
1.002433063788117362e+00
1.003773956596007322e+00
1.008862172009971525e+00
9.949084885054076954e-01
9.999445841404068780e-01
1.009071528492391900e+00
9.955900009007619955e-01
9.916706389030087720e-01
9.934504138705326781e-01
9.985121535683425531e-01
1.004963596346968968e+00
9.835709233638265658e-01
9.964855595993367121e-01
9.982285078554461455e-01
1.015516131322682369e+00
1.006053242640873924e+00
9.959175966182369777e-01
9.933867718748075060e-01
1.001504919610282984e+00
1.014056815841073211e+00
1.001124629142916334e+00
9.998728918939475685e-01
9.893762837991896264e-01
1.004134117656783953e+00
9.951677973186676684e-01
9.899102877975867187e-01
1.009218915089358681e+00
9.882232344989639872e-01
1.000442442617963668e+00
9.956091275059635315e-01
1.012088081358141878e+00
1.007413268047092414e+00
9.941823337517584624e-01
9.946028472221314365e-01
1.002189971502611909e+00
9.992262132732597779e-01
9.942786260430206413e-01
1.010339943803956420e+00
1.012364053912467199e+00
1.014532692829269722e+00
1.008192835686572364e+00
9.939342624394916781e-01
1.002556686362576555e+00
9.936495229659383366e-01
9.919246770450762529e-01
1.014162825697665582e+00
9.865231586592180246e-01
9.973683386735182621e-01
9.908555716917368805e-01
1.003516164054494064e+00
1.016878119443608286e+00
9.815353216209964371e-01
9.940451226125319728e-01
9.950405826597353842e-01
9.975822305478402319e-01
9.919480716064881243e-01
9.931001617710357721e-01
1.002694629604566234e+00
9.994917521446530229e-01
1.006461675009411527e+00
9.958733669066541783e-01
9.987058332190035248e-01
1.005813011273944291e+00
1.007410403542307709e+00
1.006133176075830749e+00
9.934897911429633188e-01
9.958108543410467695e-01
9.909811840011756301e-01
1.011439151716658991e+00
1.010592677215474966e+00
9.887068141736481408e-01
1.013508258451087940e+00
1.001961523171122304e+00
1.011656227476201764e+00
9.963124425323871547e-01
9.994695115592489021e-01
9.998573924230711452e-01
1.023811310397261254e+00
1.022888141760932124e+00
9.943720015642529830e-01
9.954393461740126403e-01
1.013594155306902334e+00
1.001766885560998466e+00
9.901062846231555303e-01
1.017531433301394950e+00
1.007225564132066209e+00
1.017915758216151101e+00
1.005223568073825069e+00
1.007200959890609315e+00
1.001156135024582117e+00
1.000269415388224559e+00
9.946547195768346006e-01
1.007896320278332647e+00
1.005506943842572554e+00
9.947218169411913280e-01
9.937427438001023017e-01
1.002841455874406762e+00
9.873110088975047827e-01
1.010855766575093240e+00
9.981890890814041351e-01
9.956837623645000690e-01
1.007771134451920458e+00
9.905045210412734003e-01
1.001089502949396692e+00
9.978744125144066723e-01
9.972082604191920829e-01
9.965896755226818504e-01
1.002111176722906283e+00
9.835422996246786509e-01
1.003834953752096748e+00
9.931054891759197867e-01
1.000779543277887429e+00
1.003754518598650058e+00
1.014810983287140811e+00
1.004954846498677501e+00
9.768585467807044953e-01
1.004089233000094783e+00
9.928060637520406129e-01
1.007753926787235077e+00
1.013343506611813494e+00
1.000056115138666657e+00
1.006097033764263182e+00
9.985456930856936308e-01
9.857418140968031706e-01
9.814754975399537784e-01
9.920153899704460265e-01
1.006415062950226424e+00
9.983512296119321228e-01
1.017727733404490298e+00
1.011036568478899556e+00
1.000033310400507913e+00
1.007951618206354372e+00
1.004358556968111715e+00
9.998580769242989552e-01
9.932320060217127988e-01
9.995810120688046752e-01
1.000398593698837102e+00
1.000491884980860835e+00
1.016260106136570140e+00
1.011254276165809651e+00
1.002804352356675421e+00
9.946533904101602097e-01
