# signal periods in days
3.114777255330182015e+00
3.476440795454515182e+02
2.960727412324924046e+01
8.953509435072625422e+00
1.126922460353394229e+01
3.695338705054431330e+02
8.850070892806282785e+00
2.614909914852622563e+01
4.998714148189083772e+00
3.674322813302836721e+02
2.382932510721271058e+01
2.548262329551114291e+01
2.640468618229516196e+01
3.557040518889710370e+02
5.405599223838629896e+00
2.744915460325313816e+01
1.633048189705881370e+01
2.996566326603284551e+02
2.179065290507115549e+01
1.154587128053915102e+01
