# data in one-minute intervals
1.025521378779517878e+00
9.855703217561002649e-01
1.013469162761285736e+00
1.011646130382097608e+00
9.928108226472551756e-01
1.019154116234482155e+00
1.017252921982693570e+00
1.017823321829328664e+00
1.018187075098975658e+00
1.006188961169439677e+00
1.001671600477217261e+00
9.640466424371570975e-01
9.921294907511767347e-01
1.015863938180594506e+00
1.007597873531152821e+00
1.026306487466110751e+00
9.969963209946853810e-01
9.972849156666081516e-01
1.009049062365777072e+00
9.571077560561017661e-01
1.037057630453624757e+00
9.950117236735428472e-01
9.868618599160601246e-01
9.896237941422529882e-01
1.014191242359917311e+00
9.829586983932171451e-01
9.927981888880276218e-01
9.614735792737016951e-01
1.009725833772160852e+00
1.012635146260537633e+00
9.685395554632052484e-01
9.925906995285392886e-01
1.009918614884157684e+00
1.006169206529152982e+00
1.022040359816908106e+00
9.997839040914483499e-01
1.006542468564052495e+00
9.955807618419036942e-01
9.711949530641614814e-01
1.027519874111403331e+00
1.008464013539721371e+00
1.000257274613917335e+00
1.007107621689091292e+00
1.000771097873773607e+00
9.915890763342759540e-01
1.024140993995296123e+00
1.037180617371786573e+00
9.955662093268049517e-01
1.000658019677750366e+00
1.030975838585812543e+00
1.007053236075242220e+00
1.012470270449464138e+00
1.012749804204786219e+00
9.961123064645973635e-01
9.710339790833950602e-01
9.551664314386311139e-01
1.015346905177925141e+00
9.940537694415774173e-01
1.009876744418722883e+00
9.919959949513820208e-01
1.006475717186784191e+00
9.800087950527188729e-01
9.834255029423064620e-01
1.006649459657498413e+00
9.866206541583935063e-01
9.918679645921876231e-01
1.022676141232406355e+00
1.029066284034372725e+00
1.029254550746178110e+00
9.437165425013995801e-01
9.921170621556242297e-01
1.022887881594421788e+00
1.018368943049590580e+00
1.011787246469005863e+00
1.009144518501250198e+00
9.920438113145937375e-01
9.914330456133331193e-01
1.033269830221428931e+00
1.022034040404180333e+00
9.492380418824880595e-01
9.995735714709976794e-01
1.005792619723073766e+00
1.018695020048834943e+00
9.589721675226687836e-01
9.942763550898869873e-01
1.011537566222217910e+00
1.012451364723565561e+00
9.786614530426273051e-01
9.795523615350072433e-01
1.031960627548320630e+00
9.591136832757629627e-01
9.871478983319151856e-01
1.032009561411814325e+00
9.927687183170147422e-01
9.905908527798674701e-01
9.894419560351332965e-01
9.748150040271887917e-01
1.006313905386855501e+00
9.829315707671942848e-01
9.757606840458172837e-01
1.005519744771373736e+00
1.032056753189125375e+00
9.962748036476245517e-01
9.998132625189375400e-01
9.840938326016139825e-01
9.424293798647603859e-01
9.486408214718423659e-01
9.845078231415317349e-01
1.004098968001540637e+00
1.002903919024782597e+00
9.998294058498379266e-01
1.015099825561419422e+00
1.019426087655682878e+00
1.018061931290134448e+00
9.871514550262390220e-01
9.712042737662230918e-01
1.018487503137959882e+00
9.954625535676706605e-01
1.003892248824583167e+00
1.009899139211184682e+00
9.986066218924957161e-01
1.024345687762017176e+00
9.835554523954668227e-01
1.001177026246162116e+00
9.655379133309399675e-01
9.802341466408982518e-01
1.033273597793662457e+00
9.913758953008937613e-01
9.988114745708160935e-01
1.001288337609585355e+00
1.010336468485911743e+00
9.951540822961695287e-01
9.938559618331175294e-01
9.813046341307911646e-01
9.956133485352635093e-01
9.956581087487075266e-01
9.896051986385925314e-01
9.633632367854199074e-01
9.824424559562983106e-01
1.020265699174257135e+00
1.027662438804588962e+00
9.665150408491397505e-01
1.018824798143387556e+00
9.827220496304156505e-01
9.890775545213204012e-01
9.913406699341528183e-01
9.734373894753475254e-01
1.011506478863026137e+00
9.772732392612051289e-01
1.000305446659703446e+00
9.908915598180282336e-01
1.032009511600113338e+00
1.021719600672206907e+00
9.613358670783644921e-01
9.991886486008512147e-01
9.922789879345468300e-01
9.971199956418463906e-01
9.964410318903555996e-01
9.969160057471526670e-01
9.784820152363867818e-01
1.000115859170894073e+00
9.998531205800489374e-01
9.787878132869939352e-01
9.957301834186604861e-01
1.007187577649889532e+00
9.915996649680520747e-01
1.019251239202197512e+00
1.023559787556029166e+00
9.840980953342218784e-01
9.970479339197590996e-01
9.912611563634421419e-01
9.932605480867940928e-01
1.007753292089351715e+00
1.010666521595924294e+00
1.010858817483630157e+00
9.700528264862507966e-01
1.006316352206644282e+00
9.766530120733876164e-01
9.744868377282259742e-01
1.020438995841311147e+00
9.937480182357416592e-01
9.830518158181750232e-01
9.918329296286286789e-01
1.012360846170998530e+00
9.588268572489091479e-01
9.730089425539989456e-01
1.023643928560979965e+00
9.873972817127651957e-01
1.001397056536615482e+00
1.030362838354824007e+00
1.019935655810569219e+00
9.989254505265731110e-01
1.021285449680566781e+00
1.011061008629468017e+00
1.009192265987164161e+00
1.026951444427298021e+00
9.951218466576837729e-01
9.894700538941654244e-01
9.939956331292285618e-01
1.000415046582788348e+00
9.867932814795088436e-01
9.760341989064162949e-01
9.712463925100701667e-01
1.015634056417175080e+00
1.029893554071276363e+00
1.035672315736611226e+00
1.032301145703354406e+00
1.012260229697194758e+00
1.014859092381427352e+00
9.593309709296301557e-01
1.014832864197556805e+00
1.006296602998366430e+00
9.797931511483778388e-01
9.738999151794839326e-01
1.014188147170700827e+00
1.029919635026903313e+00
1.011292031369582345e+00
1.026486749345665750e+00
9.983268509789026135e-01
9.927279791725011071e-01
9.904943092025096929e-01
1.006499270376155941e+00
9.673989395191848750e-01
1.012614356177197861e+00
1.046626538305148069e+00
1.013868236199046091e+00
1.013243624272165855e+00
1.025799813954092254e+00
9.840152652390766752e-01
1.002718747353892548e+00
1.008406658933335143e+00
9.611126920280832486e-01
9.815077629051207619e-01
9.999825385662025612e-01
9.745262851432132667e-01
1.005990626342132543e+00
1.005344075184891217e+00
1.048319681803797421e+00
9.564391962794170921e-01
1.000521230690940566e+00
1.004028824757271288e+00
1.025294595187867142e+00
9.604448378842480594e-01
9.740865105889251474e-01
1.024185043699781028e+00
1.023397748405079799e+00
1.025853433756990007e+00
1.006824479937369787e+00
9.985372646274124353e-01
1.027809038231414673e+00
1.001704715991584171e+00
1.000749854776571857e+00
9.950524509738424284e-01
9.922559404287849549e-01
9.924100084296579860e-01
1.009144999902234607e+00
1.004572102176816584e+00
1.058138690089976297e+00
1.011913207514381075e+00
9.845981588562273679e-01
9.802520246434537343e-01
1.040558448363494426e+00
1.018559472620370610e+00
1.036080300656418318e+00
9.858333108645651599e-01
9.688796845533826918e-01
9.949422333655806305e-01
9.697470157308164529e-01
1.010935794929174181e+00
1.029527610926821879e+00
1.006579598998690539e+00
1.007490816903900299e+00
9.972759121260230675e-01
9.770413828279257418e-01
9.756016022330854520e-01
9.687488442168369351e-01
9.761211731883382425e-01
9.835846657447727681e-01
1.016990966496400306e+00
1.004553987987371499e+00
9.987661172647691599e-01
9.795709981429369106e-01
1.017511772022887451e+00
9.933942892317459972e-01
9.844181965380321975e-01
9.931758216680185436e-01
9.783536033997964898e-01
1.023947804465037192e+00
9.972997903405664832e-01
1.010150714002521655e+00
1.009094777894420369e+00
9.868434567613714181e-01
9.970400865522205391e-01
1.014612449954469753e+00
1.002037392453373199e+00
9.879971262902629281e-01
9.890523640657739035e-01
1.003169659065061392e+00
1.005052826504776231e+00
9.794147176538371413e-01
9.876543540524291842e-01
1.013452558723661134e+00
9.778077940861339412e-01
1.014900048716035563e+00
1.004730290491379963e+00
9.748266470472485290e-01
1.010091384955598581e+00
9.888050719301996194e-01
1.009139631266152914e+00
9.969025075072673880e-01
1.006265819049743993e+00
9.984975062767628140e-01
9.914839499774987797e-01
9.687992424147862103e-01
9.883395042022699029e-01
9.726720798867924955e-01
1.003014989778511001e+00
1.012772222865797822e+00
1.008233607551255906e+00
1.017781753794121613e+00
1.008279599637454504e+00
9.972302816095715006e-01
1.051829048936208100e+00
9.745209824522744757e-01
1.001943069594785740e+00
1.009675959844463122e+00
1.009040358319523323e+00
1.001931994318163488e+00
9.507599547536994544e-01
9.606032895879910161e-01
9.767227777366551678e-01
9.882618173922205207e-01
9.823261283118890352e-01
9.865120739146716611e-01
9.946553922587643148e-01
9.867657487166557884e-01
9.837616488602094478e-01
9.907294337214805902e-01
1.020450852283353527e+00
1.010359743484339656e+00
9.840911520966042492e-01
9.823358286673052886e-01
9.748667430029875902e-01
9.981829921739432399e-01
1.017114710593907345e+00
9.803318763256425594e-01
1.042467148361329476e+00
9.531697651370283353e-01
1.008081780052179299e+00
1.012003248651730303e+00
1.011822975234447641e+00
1.010935098808099397e+00
9.907532939101807434e-01
9.707964163975485450e-01
9.851606609268881432e-01
9.487692173942661178e-01
9.982585052308664553e-01
9.735838117798811808e-01
1.002369893770061804e+00
1.006660118728906594e+00
1.017687165862551701e+00
9.969501906027904425e-01
9.652028625004679396e-01
9.668555741475395315e-01
1.039420690408326742e+00
1.016628136623338285e+00
1.037481946694359891e+00
1.004878171845799084e+00
1.023883482591818828e+00
9.935467322725425321e-01
9.995725823889255457e-01
1.019955010896724135e+00
1.028373412700666956e+00
9.887669486357753001e-01
1.039140138126726454e+00
9.904777766012548001e-01
9.812575183569766102e-01
1.028758803255639398e+00
1.000205263538839207e+00
1.012308534417210248e+00
1.001568392452280687e+00
9.815999245174445997e-01
9.927859607969492517e-01
1.004714083194839125e+00
1.041217891012338193e+00
9.804374187268495300e-01
1.019597033894966920e+00
1.014376469426828686e+00
9.953426432797545242e-01
9.834614042217385554e-01
9.710221683687177974e-01
1.020537663806809103e+00
1.015115379970513709e+00
9.354510685176720131e-01
1.012673166688378590e+00
9.791938644338404885e-01
9.808203715737728867e-01
9.778171612459640727e-01
1.026733509503575004e+00
1.002859624618530399e+00
9.870081221799635873e-01
9.879151338168151719e-01
1.014391184707392979e+00
1.008352266377213535e+00
1.016866213360352544e+00
1.059423067953603415e+00
9.896018302896014696e-01
9.957505194538150972e-01
1.001832666649057568e+00
1.006758796533751221e+00
9.886292352018970497e-01
1.015243988516767226e+00
9.980525036257201776e-01
1.007466869079527649e+00
9.522268053565625667e-01
9.796501245193248719e-01
1.003421600656131174e+00
9.845145898983974631e-01
1.003916835583623435e+00
1.027066263778011024e+00
1.012313430673789094e+00
9.674859757461841125e-01
1.037402495038529215e+00
1.026262153272974986e+00
1.017766859137512414e+00
9.953831549359041242e-01
9.643403006024585666e-01
1.002705900600925348e+00
1.028632023075196189e+00
9.922113643116520221e-01
9.875761929115357551e-01
9.866364694130790314e-01
1.016252765047191309e+00
9.721612476322983865e-01
9.918371986182740185e-01
1.007794792937882766e+00
9.906839529917673692e-01
9.801721436363549644e-01
9.707506473853589890e-01
1.006897656402430119e+00
1.002933989601336506e+00
1.009007690929040191e+00
1.015088506060016993e+00
1.006360401897440360e+00
9.778787244728724959e-01
9.888982239344321634e-01
1.020100901625974110e+00
1.012334804127573928e+00
9.954170833590350043e-01
1.036879833392563288e+00
1.005047308943612938e+00
9.850573415521233223e-01
1.009767319484642378e+00
9.764166724831404576e-01
1.024843281386903948e+00
1.001949717861916334e+00
1.015686805860496200e+00
1.015245431239545582e+00
9.963026264070280469e-01
1.019402320505176318e+00
9.797957910941756943e-01
9.944015352202978386e-01
1.015942639310330131e+00
1.014410069533055569e+00
9.996205457982335618e-01
9.842894273598447041e-01
9.943724694504720851e-01
9.900164138391884805e-01
1.004406531291960558e+00
1.025372932541372073e+00
9.943138584645537792e-01
1.016180864172624654e+00
9.818852351937674694e-01
1.016574965818345611e+00
1.007103296328681008e+00
9.644204416711251726e-01
9.854108430470158719e-01
1.001022363156134132e+00
1.005715985988233863e+00
1.017548229133689919e+00
1.002475987607650332e+00
1.001471672639308919e+00
1.004069437826538014e+00
1.001709702261975643e+00
1.014392067689658061e+00
1.000712331256734533e+00
1.011426845216069514e+00
1.016778906750973821e+00
9.984399209433130196e-01
9.879808486539690682e-01
1.009214006378781336e+00
9.972231703877526554e-01
1.005496189665082252e+00
9.876064669957957953e-01
1.035226924098390233e+00
9.957251447828028290e-01
9.992187861065108256e-01
9.904225505209737213e-01
1.007495926880639825e+00
9.935487236341629114e-01
1.015341061732549344e+00
9.799071349009764731e-01
1.018185073342356084e+00
1.014215032423940954e+00
9.887155480074363290e-01
1.008361954331089105e+00
9.900552846006829277e-01
9.960538778744977284e-01
1.000511422283138385e+00
9.968113472488607796e-01
9.959368928321041814e-01
9.966888488394786139e-01
9.744400855531113459e-01
9.856940520834532871e-01
9.644587749131381393e-01
1.008519523131559570e+00
9.929158230168432242e-01
9.845578767665278397e-01
9.782702452862040987e-01
9.710927206185497873e-01
9.731676932748164477e-01
9.979223641019218105e-01
1.002381301814192049e+00
1.025226444271540416e+00
9.737952903634105040e-01
9.491248219895747074e-01
9.907059503947907020e-01
9.885304539321723150e-01
1.003772506393231012e+00
9.987320568568323065e-01
1.002157128135953368e+00
9.836229133559643012e-01
9.961509615401138440e-01
1.030291340662106592e+00
1.004307908592736442e+00
9.951655007537935083e-01
9.900470137100225720e-01
1.023942954163415742e+00
1.011565764152266622e+00
1.001775244695701117e+00
1.016322805703740340e+00
9.740640570736928128e-01
1.015694438061721216e+00
9.878539922580812371e-01
9.816637659212585909e-01
1.033625507453099335e+00
9.818013127925386829e-01
9.807236131276108049e-01
1.042735314636344945e+00
9.817225540890682778e-01
9.825677572651355662e-01
9.771791063306539682e-01
1.036119483382638151e+00
1.022206125830255052e+00
9.614783663027512972e-01
1.027708772118383296e+00
9.804305647831598192e-01
1.000440684875543385e+00
1.006763083833389860e+00
1.011626794247477479e+00
9.904942303729843411e-01
1.005448525798891213e+00
9.802710216064546289e-01
9.967984129704656748e-01
9.687159959544839882e-01
1.016138820247463048e+00
1.025631846071193953e+00
1.026380362226462228e+00
1.013423723540117338e+00
9.902905361179857868e-01
9.685746952047555869e-01
9.945199546974956561e-01
9.840537769240707000e-01
9.852192568926082528e-01
1.026685609581324377e+00
1.013063420579650931e+00
1.038579409249539287e+00
1.039272419552796478e+00
1.027561104491305111e+00
1.011429054908439706e+00
9.805172372374008072e-01
1.010948065101967108e+00
9.877932909723725619e-01
9.828836067947842592e-01
9.708559975220771854e-01
1.009211195744623701e+00
9.995504280897905547e-01
9.973752122130775666e-01
1.027812216803975165e+00
9.961316191198957837e-01
9.909803491315530843e-01
9.949021458501273729e-01
1.033681301695915655e+00
9.740441879620429511e-01
9.728510584610964296e-01
1.000111299297653966e+00
1.009329645768403561e+00
1.008032242777896936e+00
1.018821134435315079e+00
9.583120554166832950e-01
1.057586303317777698e+00
1.009555056157055652e+00
9.806909030704883401e-01
9.815446680073609542e-01
9.864998529275188499e-01
1.016575857851627518e+00
9.724985928553396830e-01
1.008603703639217253e+00
1.029648666706430626e+00
9.843499650416156488e-01
1.020722156569724870e+00
9.907843348662741523e-01
1.024074052733685347e+00
9.900747062801157350e-01
9.912780284132878261e-01
9.885616552797723555e-01
1.014250728928104639e+00
9.808992850871840474e-01
1.006230672721317720e+00
9.865815578264923724e-01
1.017745024926286268e+00
9.763140154131452197e-01
9.960880763036532581e-01
9.663892642805107513e-01
1.030276615500067772e+00
9.915477052339797259e-01
1.007985466759980131e+00
1.022780676546724221e+00
9.543488643629283175e-01
1.018375385590206905e+00
1.015990508268474146e+00
1.003050938980892370e+00
1.027303305078552054e+00
9.883802965610807290e-01
1.015029696975665807e+00
1.004548735180462060e+00
9.828389990738335413e-01
1.008515909208921979e+00
9.921046258948686969e-01
1.046564038377526096e+00
1.015771543803455357e+00
9.829262612279291433e-01
1.016821659091773355e+00
9.795108464991302277e-01
1.027304613710468217e+00
1.004481754037038321e+00
9.851219603269687486e-01
1.022334535582273718e+00
1.003298311556605871e+00
1.010359718139898666e+00
9.180308752204549005e-01
9.943572756279902558e-01
1.007528536416386622e+00
9.947544215059069828e-01
9.997631562791217119e-01
9.781281515420547912e-01
9.941546831471216317e-01
1.021948937832045434e+00
9.894037444003901394e-01
1.011658380771804921e+00
1.013137805667411406e+00
9.805698582437221145e-01
1.031143449387654343e+00
1.027241910308616113e+00
1.008126580337198375e+00
9.875656874384880490e-01
1.024355701370478933e+00
1.016639399233723484e+00
9.922637440792121399e-01
9.969858237731291650e-01
1.001754744466108571e+00
1.018098319420218001e+00
1.015089018670467524e+00
9.631209670623263053e-01
9.987924192047502592e-01
1.004212716126039018e+00
1.000305836271343729e+00
9.684102933340538177e-01
1.019923911698690677e+00
9.913423262311288342e-01
9.854552247757565331e-01
9.833656788958056172e-01
1.019082385284486136e+00
1.012336155280189276e+00
9.477069496540380111e-01
1.000784366069757070e+00
1.037848226386412387e+00
9.858769464306907926e-01
1.019019412470260511e+00
1.026919786142322932e+00
1.001320594957182397e+00
9.920257262662202091e-01
9.816399877344680336e-01
9.845269370666015485e-01
9.902001898622634357e-01
1.006164357453384284e+00
1.011305402527895358e+00
9.812377181857150354e-01
9.900218587052748154e-01
1.013874307477808046e+00
1.012417314287852754e+00
9.966915444864149487e-01
9.850007674902470090e-01
9.928401860285557268e-01
1.006883642524672773e+00
9.920031661598114336e-01
1.005675880483513085e+00
9.699739725518835565e-01
1.012585381338201751e+00
1.002158246903565475e+00
1.012805793801359266e+00
9.937312276287290080e-01
1.005555867979022189e+00
9.724062686683363488e-01
1.010770777157373068e+00
9.707456695411297298e-01
1.005372894695285790e+00
1.007579592985453187e+00
9.914896585047351385e-01
9.866473353834946947e-01
9.941721253279341974e-01
9.735536905494004412e-01
1.006753574976540166e+00
1.001549366236513361e+00
1.012241875214511033e+00
1.002901487082331844e+00
9.661338714407233796e-01
9.977837827308408958e-01
1.008779680701944459e+00
9.642841045392455124e-01
1.005565209514845515e+00
1.000955297286923784e+00
1.025676627631614490e+00
1.021243495478460162e+00
1.042506459790059958e+00
9.989679242087737832e-01
9.787222460621763931e-01
1.014718777347083822e+00
1.048015790529661206e+00
1.008308583174746698e+00
1.010495605781801309e+00
1.009687729453369709e+00
1.033556689993022415e+00
9.810023731162135219e-01
1.002622348044364786e+00
1.015344556400228360e+00
9.946523559946077730e-01
9.957674691886541085e-01
9.789733099906285929e-01
1.003460879244062909e+00
1.023393973446649063e+00
9.883558030913058845e-01
1.014285726990890035e+00
9.926146488467935125e-01
9.694790759392102331e-01
1.012354994113073170e+00
1.025892487576071987e+00
1.003117126544062598e+00
1.006436382504654503e+00
9.986588127997101383e-01
1.034969644436319669e+00
1.018583496491172635e+00
9.789810442181750005e-01
9.495632343368985984e-01
9.937397619455438091e-01
1.013767024404466310e+00
9.912546629507851259e-01
9.710397878866247057e-01
9.939762893049373105e-01
1.023502141008276300e+00
9.806724066677876550e-01
1.007631439048323863e+00
1.038018668923882615e+00
1.046637934849877771e+00
1.021903628298604261e+00
1.002457960661940373e+00
1.023897089062321353e+00
1.003685135001463058e+00
9.882579049955173556e-01
9.985615619945594768e-01
9.743545982144690143e-01
1.033828600635788852e+00
9.940286789902589293e-01
9.835640304682794488e-01
1.011818153610662074e+00
1.003964658166220936e+00
9.742622888982402918e-01
1.009160266532087569e+00
1.030485287037856912e+00
9.712253155372270186e-01
1.003531655895854469e+00
1.015979381331801878e+00
9.880989106763582441e-01
9.978648290724735359e-01
9.847173767144919987e-01
9.896028366245477326e-01
9.795391195641667270e-01
9.938796836483438923e-01
9.962187682470972083e-01
1.008890675751268784e+00
1.012148241203759014e+00
1.014639529566845777e+00
9.886638857567051630e-01
9.988413808027277740e-01
9.748102443202815159e-01
9.818110299344385838e-01
1.004623577080138386e+00
9.838658281056090749e-01
9.860225388311256722e-01
1.011932475738105186e+00
9.807685025814895097e-01
9.781389561055393589e-01
9.944659335140972889e-01
9.633659908505325387e-01
9.757307774951607948e-01
1.024830635146948277e+00
1.016419429451308254e+00
1.023685469599043607e+00
9.935419191569614394e-01
9.950776612070069138e-01
9.707480431022401657e-01
9.941726109876377615e-01
1.038779460235750296e+00
1.005806413275962097e+00
9.796618912011360036e-01
9.963304195887571213e-01
9.887911949407153234e-01
1.021989371970297045e+00
9.998229033314462999e-01
9.879334420233146785e-01
9.638020804576543643e-01
1.044971393944999605e+00
9.972430697606882166e-01
9.971489036949210405e-01
1.021783217701547564e+00
9.843868810521461121e-01
9.608901780766020417e-01
9.646055552101344688e-01
9.746877289841224812e-01
9.965983408203229477e-01
1.004616527352798494e+00
1.018095870268455716e+00
1.029173093632657299e+00
1.008637285305788334e+00
9.517354002805047397e-01
1.017400090127856815e+00
1.014348745094492132e+00
9.954320504801454916e-01
1.010057910528428637e+00
1.007455283040706195e+00
1.024270943461596417e+00
1.003159120688798644e+00
1.001389445618900753e+00
1.003790474221425200e+00
9.964187444867992349e-01
9.723220985288290041e-01
1.031867481691535415e+00
1.030562014651886127e+00
9.969592480886181329e-01
9.728859323077928556e-01
1.012206438332510894e+00
1.016456216780304400e+00
1.009609486960432623e+00
9.826910549701899367e-01
1.012585765245845648e+00
1.002720400498998021e+00
1.002830159601655780e+00
1.000344569748283341e+00
9.607202915908579222e-01
1.006618207452671943e+00
1.002132464948346957e+00
9.802437028955285347e-01
9.958342945000260293e-01
1.020508817654294242e+00
1.016261799026907831e+00
1.007702666167685779e+00
9.812233260035059246e-01
9.991991663324064632e-01
9.966082826934370420e-01
1.005121910352280157e+00
1.015627382202381801e+00
1.017797989708959960e+00
9.775147069624006146e-01
1.003725767608977248e+00
9.979749828446572435e-01
1.033099300623688599e+00
1.008075395223033466e+00
9.998654587014320638e-01
1.042144000900005807e+00
9.755363952115925219e-01
9.535820066584864696e-01
9.571191884700004371e-01
9.878974053290130453e-01
9.967245108081671523e-01
9.691012780469555610e-01
1.017154350162824183e+00
1.006746265207858038e+00
9.770691184299971077e-01
9.916537454397980067e-01
9.701084740231810111e-01
9.731045490063109371e-01
9.909831165764508842e-01
1.007265820693491021e+00
1.057852354757297997e+00
9.826776026353112314e-01
9.962561823998635768e-01
9.863004834763444695e-01
9.613442208152909174e-01
1.020770095426139834e+00
9.741993110871195460e-01
1.005801970691064584e+00
9.720595519868564516e-01
9.969006244897159474e-01
9.792509272182178259e-01
9.986154021472739561e-01
9.969761690891469907e-01
1.018973024214450573e+00
1.038573894943500830e+00
9.879395330096073513e-01
1.006378322938554115e+00
1.004690656342864807e+00
9.918732016717584088e-01
9.890291362906512562e-01
1.000789138259779776e+00
1.003699898661519541e+00
9.817120497776612442e-01
1.021713078873641267e+00
9.636094043983338686e-01
9.628002328912187435e-01
1.004426605019256513e+00
9.927411194693893659e-01
1.046211933335366107e+00
1.004936633636114962e+00
9.629965598898229118e-01
1.010626403684889763e+00
1.012608948985985080e+00
1.007389868244304321e+00
1.009748555652060453e+00
9.746921875738362440e-01
9.963800776542725002e-01
1.031962027191862141e+00
1.005111444202976267e+00
1.010237745768437279e+00
9.916582859237187408e-01
1.016431420407744035e+00
1.039798012353098322e+00
1.016773914301896342e+00
9.837713092977423690e-01
9.760488129593632989e-01
9.866174301609105246e-01
9.925156470940620368e-01
9.814135483044560404e-01
9.841598387375412038e-01
9.779808534540342935e-01
9.965731760406010276e-01
1.015531709459726928e+00
9.848896979016592557e-01
9.784570982322811084e-01
9.817993819944389466e-01
9.828810156601700543e-01
1.007977930673925826e+00
1.034232622541954250e+00
1.027451078479291180e+00
1.015904018028314537e+00
1.000447779521146829e+00
1.013695743372462488e+00
9.848022596695852338e-01
9.835358148099477837e-01
1.013975234000470182e+00
1.018472231433066755e+00
1.023338901043952198e+00
1.008944388891352073e+00
9.701936856353031713e-01
1.003316684386353463e+00
9.969800671305673045e-01
9.993301449761421429e-01
1.016328495500236295e+00
1.034847729218775436e+00
1.001968458529824302e+00
9.947706148367829737e-01
1.013174288916795618e+00
9.891746433982731013e-01
1.019608219285728756e+00
1.006996097135839374e+00
9.787094408159221492e-01
9.789040464058953450e-01
1.053770214862453702e+00
1.025033973018262268e+00
1.002232265076950180e+00
9.797529293815309126e-01
1.004407650800038576e+00
9.903842761497411162e-01
9.994653960458286246e-01
9.957966422884603208e-01
9.999614759457488011e-01
1.033113997750391366e+00
9.747843651703236301e-01
9.701403067636048538e-01
9.981606667723622595e-01
9.839551362289129521e-01
9.750977815044054031e-01
9.607584679240430692e-01
9.602260592095739344e-01
1.008795694204726479e+00
1.006515833727056553e+00
1.022549905426567429e+00
1.026783432534932317e+00
9.742756547556270519e-01
9.809495228993885263e-01
1.033589135256529623e+00
1.011827575766955700e+00
1.019545592298213732e+00
1.029856748334243566e+00
9.798682930537940816e-01
1.014712854694554744e+00
9.936586138190757200e-01
1.009978714645669573e+00
9.814686212861786219e-01
9.699749213742265841e-01
1.001028350748523144e+00
9.819599448066123060e-01
9.927445879429130926e-01
1.005171154106323739e+00
9.735659663529236951e-01
1.016326577521551089e+00
1.002791127508017466e+00
9.918844997797247043e-01
9.690972378184525837e-01
1.009042598757405651e+00
9.778925479962901068e-01
1.009011494567315648e+00
9.915848556045900875e-01
1.009576732298189228e+00
1.014543565921405932e+00
9.696702117395952225e-01
9.808944846763457681e-01
9.910519792611687251e-01
1.018176429605365474e+00
9.949424091004769322e-01
1.007673579042259293e+00
1.020099339749735545e+00
1.023395082156576708e+00
9.877187756202644442e-01
9.986809577683862793e-01
9.804942606710226327e-01
1.000227723466420970e+00
9.947381628280189680e-01
9.860261528744386217e-01
1.020217692407652033e+00
1.006390379812098113e+00
9.826448780679279960e-01
1.023737559361203031e+00
9.961174107747481354e-01
9.825736846993895490e-01
1.003000674777608348e+00
1.010652759677346912e+00
1.007365924055548811e+00
1.008632786632645439e+00
1.029255516483856381e+00
9.664962896718807261e-01
9.937158582207179514e-01
9.506800485818229784e-01
1.035080821122862593e+00
1.046786769857096289e+00
9.813462635539743628e-01
9.834033729670282886e-01
1.044066395358276944e+00
1.005284484750737395e+00
9.631720920091925153e-01
1.007535076573113253e+00
9.696558047857667395e-01
9.981275403117316758e-01
9.991379361288997840e-01
9.904301025897698230e-01
1.012258788058125969e+00
9.803919124347546532e-01
1.002120497809995348e+00
1.002957335547708162e+00
1.038375015685642611e+00
9.890059867934787308e-01
1.039916572488856383e+00
1.012881256802584673e+00
9.766670488863635757e-01
1.004794298682323284e+00
1.021525510330603348e+00
9.866261585181017590e-01
1.006159286992853730e+00
9.918731900748349872e-01
9.852162091292856472e-01
9.925919856133418318e-01
9.906914723043712678e-01
9.588702790946403987e-01
9.932304682792898465e-01
1.004770785959431256e+00
9.833091535660323235e-01
1.010200735568212105e+00
9.822887526787655865e-01
1.017604051189171077e+00
9.921317169350032383e-01
9.915899322657865111e-01
1.053125608056714402e+00
9.943685374962081269e-01
1.016456527262225240e+00
9.783926360961170410e-01
1.017522350121839558e+00
1.014542480076994213e+00
1.009966816844244386e+00
9.759341187327376099e-01
9.748514716892637821e-01
1.048104582670841056e+00
9.940830033406894417e-01
1.016559946170002116e+00
1.000693150248552321e+00
9.999069660353905320e-01
9.617773808194562957e-01
1.001927678360805096e+00
9.881080219730251635e-01
1.007721326509708470e+00
9.775037976625065017e-01
9.915278644438695332e-01
1.018639611426933378e+00
9.800047533933528010e-01
9.996736474692848873e-01
1.002938206706282864e+00
9.965758033676455074e-01
1.003241012942927002e+00
1.033473501257978544e+00
9.911994247188394835e-01
9.925310886546322431e-01
9.853864567538140884e-01
1.008464803767347817e+00
1.023009014973633501e+00
9.909828363967903009e-01
9.920377438352107058e-01
9.955923261317658479e-01
1.012704998536188450e+00
9.946787923880848759e-01
9.992226294524488850e-01
1.002851141330495022e+00
1.011552566936825936e+00
1.025274086209050362e+00
1.013413951811019009e+00
1.023097616614953020e+00
1.004260429981571168e+00
1.002003751592725589e+00
9.913049523942737418e-01
9.878818491472952656e-01
9.892504372969480597e-01
9.963504944430088273e-01
9.991281552528507026e-01
9.694975125235087976e-01
9.680794424645596807e-01
9.953263842056484512e-01
9.926043759035356739e-01
9.874873475704658565e-01
9.839404238059503705e-01
9.992039927061927562e-01
1.018587165521024129e+00
1.019972903583690638e+00
9.779754223885289699e-01
9.926901475477394321e-01
1.034775818186691954e+00
9.774818755522191038e-01
9.977351954956844571e-01
9.553101033142924470e-01
1.039291556236910052e+00
1.003486355860274681e+00
1.010274030675046175e+00
1.027678881230759345e+00
1.047866152424925756e+00
9.818889688799627979e-01
1.001623764773210912e+00
1.010521130814623358e+00
1.008771501213485910e+00
1.017155094884257593e+00
9.514273411798447322e-01
1.024972224451036196e+00
1.013681665732845349e+00
9.893848641866077598e-01
9.751521776988901768e-01
9.968031708971594185e-01
1.016814342108954605e+00
1.010305222054127317e+00
9.965119368709965952e-01
1.036606152839086636e+00
9.976977027785122187e-01
9.604788947863988069e-01
1.025912245174469994e+00
1.016343949481975706e+00
9.948381917233645177e-01
9.919254417158592796e-01
9.645720845648294572e-01
9.976333580069793872e-01
9.964822296158047932e-01
9.162588446791769536e-01
1.034637711486709799e+00
9.959119815541594978e-01
1.007547969940478128e+00
1.019563823441331563e+00
1.004671271895249740e+00
9.963914581594418562e-01
1.002410135716616191e+00
9.795169855923934188e-01
9.972475568104024468e-01
1.025322929528485805e+00
1.016807279083028259e+00
1.004923496563186358e+00
9.890305304082920301e-01
1.000137021624202482e+00
1.043165324054784460e+00
9.503703502047798901e-01
9.916339444540415160e-01
1.002709108181820685e+00
9.783779233022567023e-01
1.033246188829196832e+00
1.000175808841674563e+00
1.003470044851791032e+00
1.016525839137905951e+00
1.012492746115495779e+00
1.053814984830661494e+00
1.020726556025217002e+00
9.930114225900660285e-01
1.032770923040987610e+00
9.988908514391303672e-01
9.875975082766221824e-01
9.886238108623267573e-01
1.004860063221950872e+00
1.015863589523555266e+00
9.936362771119102710e-01
9.945922561703695042e-01
9.910678352435027261e-01
1.010996582854534642e+00
9.770904376144953218e-01
9.759508935176340882e-01
9.844694576726760182e-01
9.720627586642252016e-01
1.019296427697440111e+00
9.727538472729455599e-01
9.629977598828888263e-01
9.911014433009439628e-01
9.709102318721312130e-01
1.002244522139579042e+00
9.863496520637242693e-01
1.021999279500626967e+00
1.020108814233730010e+00
9.792331108076729462e-01
1.002103546865688255e+00
9.999228366856407479e-01
9.976311103111267231e-01
1.005155666578894769e+00
1.008367909543718355e+00
9.994546659488401374e-01
9.892345001253506354e-01
1.010598564473470296e+00
9.983860571239538961e-01
1.025299313008523283e+00
9.764025081151230800e-01
9.841148020001518892e-01
1.000065188245275349e+00
9.974840223868266520e-01
9.930315282951450717e-01
9.985133853443691754e-01
9.789205424926937793e-01
1.017026332118734500e+00
1.000093859442398481e+00
9.981830241293698780e-01
9.876594724861873509e-01
9.784614787636055633e-01
1.014332086999768290e+00
1.016141909771199225e+00
9.839042309790049234e-01
9.519361652752532654e-01
1.013036137134928572e+00
9.534771687462832990e-01
9.867890011355200386e-01
9.989410109144108985e-01
9.815229547796768816e-01
9.972075171295378127e-01
9.891233765409036538e-01
9.811164012366386800e-01
1.022770382576652537e+00
9.864753515759348002e-01
1.030985058358302897e+00
9.909935542204182379e-01
9.985650605102331934e-01
9.917276831006580640e-01
1.019963313397634019e+00
9.360323486384256597e-01
1.013564353631655646e+00
1.004186982873860545e+00
1.012904675986534331e+00
9.952732345096659827e-01
9.605134690734825620e-01
9.983018147109045115e-01
1.021752396716536948e+00
9.643817852745930619e-01
9.928250867021128911e-01
1.010019017139015540e+00
1.028520881969548606e+00
9.874127472570624064e-01
9.919652153490751134e-01
1.022616174086074192e+00
9.998037880593007021e-01
9.785075276147199297e-01
1.024205361322708008e+00
1.020382167452857480e+00
1.001220228826915859e+00
9.859816874346126747e-01
9.988372783318925086e-01
9.912929585972396485e-01
1.017099723947569645e+00
9.836209958970323353e-01
9.922621503784898600e-01
9.967078118950517540e-01
9.897314845115432469e-01
9.830952342391635623e-01
1.002217793176415572e+00
1.033993604049669557e+00
9.919850882524132718e-01
1.002367521881837087e+00
9.974351517893623731e-01
9.889481056668317782e-01
1.017793389419906713e+00
9.889895947368730900e-01
1.010861472394834593e+00
1.011003395075125821e+00
9.982810362356182576e-01
9.762893416244942113e-01
1.029333067186080308e+00
1.025133582214018624e+00
9.885569158038092219e-01
9.949591872940937165e-01
1.001470641928217109e+00
1.026816820090554527e+00
9.592180114393779045e-01
1.037776115440760538e+00
9.863802277520038464e-01
9.840184739079667064e-01
1.013628023173712478e+00
9.819162063839796950e-01
1.025682330112224205e+00
1.027828642384384317e+00
1.021783722809298522e+00
1.010286412973648851e+00
1.010415271451756913e+00
9.947458152283858990e-01
9.946540593332834357e-01
1.015136224634942241e+00
1.012891713440037256e+00
9.778871530767996312e-01
1.028621864999355040e+00
1.007018115554866089e+00
1.010325050317321782e+00
1.000856675842991095e+00
1.010500309053427692e+00
9.981646642357208110e-01
9.914526573225517225e-01
9.962923878789633481e-01
9.840211961920054540e-01
9.930685091290207822e-01
9.736358000726886841e-01
9.789439450014635336e-01
9.381209227112482507e-01
9.769362068766661578e-01
9.974127992302947998e-01
1.024869236584501797e+00
1.004516042154950162e+00
9.828312827898268988e-01
9.511003255070040741e-01
1.005011783526709612e+00
1.018356526700202380e+00
9.849855507478083583e-01
9.605599464885465899e-01
9.917571823037105716e-01
1.016032690253348747e+00
1.001096496416151949e+00
1.035222816827861880e+00
9.720995016358151553e-01
1.033628751280958546e+00
9.921894126957597759e-01
1.021091448280177172e+00
9.849290748855336064e-01
1.006990284734263774e+00
1.016352465591884524e+00
9.784167791280853343e-01
9.720761751731474831e-01
1.001575624424890787e+00
9.989289613788694400e-01
9.931769011090140209e-01
1.000135793349159918e+00
9.863516523474666897e-01
9.851493441371539372e-01
1.017384813766759821e+00
1.004318380828850943e+00
9.852898597714070394e-01
9.936956074508983550e-01
1.036618916816244074e+00
1.015537241894121312e+00
9.959290568448753156e-01
9.926345343882919670e-01
9.885343661980040553e-01
1.031579154640265061e+00
9.635871222961170934e-01
1.017715242111836282e+00
1.037026028336691663e+00
9.846653280035605471e-01
9.508767855392948887e-01
9.825374928908765515e-01
1.042092601622695236e+00
9.851873379331282932e-01
9.692465723377479137e-01
9.785322362586837963e-01
1.013183971159298702e+00
9.995903612500322000e-01
9.943021691122766459e-01
9.486703679698040848e-01
9.950504302925053945e-01
1.001797175022361763e+00
9.644815765665774032e-01
9.497712459014838737e-01
1.002782994618947709e+00
1.011446367788401579e+00
9.754809667500924375e-01
1.009457582194127401e+00
1.016702620864148754e+00
9.934625229764962873e-01
1.012713400394973373e+00
1.018621988396235745e+00
1.012270784016914726e+00
9.836143710957433450e-01
1.003343401294785053e+00
1.000684379007180658e+00
1.012696768870570141e+00
9.542596694520202316e-01
9.788776285067184446e-01
1.023611210132474136e+00
9.908143849345991683e-01
9.821126111195273012e-01
9.907178637898100826e-01
9.962936036899640024e-01
9.711064640111718438e-01
9.827989390036483419e-01
9.728747817068668091e-01
1.012734305806732626e+00
1.019233074434725994e+00
1.001493659397374669e+00
1.013580237291181518e+00
9.751278697546007512e-01
1.017481201455424866e+00
9.540162234594525836e-01
9.868477649752681602e-01
9.963529693363917250e-01
1.013667061931988522e+00
9.930788154999216077e-01
1.000416253133861177e+00
9.933122598448711482e-01
1.024602303100001111e+00
1.018746032901641341e+00
1.014851643662261882e+00
1.014191857126311991e+00
1.005231377987129138e+00
9.717446198189746420e-01
9.889079301078917972e-01
9.983206110829626612e-01
9.984236839488538351e-01
9.967243068570040831e-01
1.012623724882502740e+00
1.018345852286764552e+00
1.031319671796903092e+00
1.002043364153357707e+00
1.022742987019198635e+00
1.008142480990213530e+00
1.006299365860787276e+00
1.013059506522154596e+00
9.982745939235400101e-01
1.002834963252778211e+00
9.735125518424722069e-01
9.935973604263510506e-01
9.904146231474514339e-01
1.022484603457158414e+00
1.024789558820237589e+00
9.858184561010819857e-01
9.964240609851189312e-01
9.704447040117988310e-01
1.005383010699620439e+00
1.023957572420105988e+00
1.009763534110971195e+00
1.023264930952581864e+00
9.926121238181936368e-01
9.593260784138719632e-01
9.968492700910421833e-01
9.688864794090130683e-01
1.020096909728320123e+00
9.928008337651520465e-01
9.982867041128541397e-01
1.003403758488209174e+00
1.029162612249894915e+00
9.837466437727563351e-01
1.013660466258859971e+00
1.022754638656905524e+00
9.927242615446724150e-01
1.005897471709629842e+00
1.000061356674886603e+00
9.831869843072721382e-01
1.002529106233174039e+00
9.813343047940898956e-01
1.034353203744654559e+00
9.853876510929714394e-01
9.919880685138552368e-01
9.677128348021247772e-01
1.034514523290528398e+00
1.036866008902275427e+00
1.012074678546438289e+00
1.013439490405533050e+00
9.924292868124889866e-01
1.013685127675455933e+00
1.058525444612176569e+00
1.015554812281708852e+00
1.028140527556248962e+00
9.875889469545938715e-01
9.693665468726367918e-01
9.574483636669999242e-01
9.807241046081214275e-01
1.032355418570875427e+00
1.012518605769187952e+00
1.002626081003849645e+00
9.782813314910473457e-01
1.018498688155504261e+00
1.008404431823625380e+00
1.007388955572005473e+00
9.774457462211213477e-01
1.001075549489295557e+00
1.002709232718207444e+00
9.871975055929858023e-01
9.933738217119685299e-01
1.045003890104986066e+00
9.781016238673292396e-01
9.932497085749565358e-01
9.929778518646200647e-01
9.711495106253092979e-01
9.680759972461758789e-01
9.941449192679242541e-01
1.010961978971923303e+00
1.004524327384070936e+00
9.649818101779412682e-01
9.741555092437103047e-01
9.972223244266995579e-01
1.021561068310664178e+00
9.940733690051729576e-01
9.954436364652130553e-01
1.001642502857152950e+00
1.022829427828562343e+00
9.515201032593197938e-01
1.003871484845736850e+00
1.018982016936347934e+00
1.005001352075969301e+00
9.808394028243698770e-01
1.020093945791103129e+00
1.003371820816230331e+00
9.544137645172208195e-01
9.769192912211230873e-01
9.843972086670035315e-01
9.854185508017098138e-01
1.021884215919982797e+00
1.024948181932579194e+00
9.885100708516058043e-01
9.735484784492113297e-01
1.003745935418027591e+00
1.014144253526909845e+00
1.032916388189723200e+00
1.019884451511232415e+00
1.030588645834903616e+00
9.980651271768004040e-01
9.934371641726502666e-01
9.758970921720410141e-01
1.004582524256706133e+00
9.929952435923121712e-01
9.766044923056624860e-01
1.022956734480245045e+00
1.002594759616032061e+00
1.014083097594342231e+00
1.006099381280841198e+00
9.979233605122107553e-01
1.003915100249921144e+00
1.005176069277273987e+00
1.001940802030539590e+00
9.987096070013165017e-01
1.047815680033968855e+00
9.994140806062736804e-01
1.023105539679269205e+00
9.904928036573950045e-01
1.000291275046981010e+00
1.014426654910331793e+00
9.983278828076380673e-01
1.003950624990884277e+00
9.981441103484065547e-01
1.007249747528048855e+00
1.007799175291348881e+00
9.942063431159382514e-01
1.038979941020730546e+00
1.020144656258372695e+00
9.977169994576389200e-01
1.009591227080852693e+00
9.886194295031432988e-01
9.874942638752245427e-01
9.376686627442938349e-01
9.705690882586223145e-01
9.895313895187841657e-01
9.641277862714944247e-01
1.005928275147347950e+00
1.021165076425641471e+00
9.773736971974334997e-01
9.964358433526465664e-01
9.833298879411801474e-01
9.927226929054108195e-01
9.979148169207234798e-01
9.894017427254591102e-01
9.933424570324485003e-01
1.000689222969288972e+00
1.010190028658765726e+00
1.000306846747192280e+00
9.967915721801622331e-01
1.014069696395175635e+00
9.667894745271961021e-01
9.965844273020008082e-01
1.010577080629161184e+00
9.760113068547101589e-01
9.948279758579720022e-01
9.631365212027337419e-01
1.017992609645304469e+00
1.035122560626589916e+00
9.974551472003631014e-01
1.015218811282071476e+00
9.756159700674246205e-01
1.003665505747544762e+00
9.901056641601114761e-01
9.767605886607825250e-01
1.006972576218623683e+00
9.745056415251930337e-01
9.704566155085249113e-01
9.996518783927009766e-01
1.021119233759874900e+00
9.814520165187697875e-01
9.770567871442771279e-01
1.006275710626841846e+00
9.936697767732628472e-01
9.894712031284524922e-01
9.718656287062619192e-01
9.786186086791648364e-01
9.669180972623874215e-01
9.808870896300321274e-01
9.928877171588370576e-01
1.003584843672323812e+00
1.011097681205849863e+00
9.677169467675176273e-01
9.880252651919194662e-01
9.925327878584726538e-01
9.870316568242565314e-01
9.983328585315935921e-01
9.872836998319027835e-01
1.002462170054666979e+00
9.691014042052686905e-01
1.010208707974777687e+00
9.862015632525429343e-01
1.034115975474411142e+00
1.031106879411723298e+00
1.039940188739652882e+00
9.733271106621315116e-01
1.003336847387269026e+00
9.860383054937202907e-01
9.678295149657116792e-01
9.682743970928573418e-01
1.038632337157798791e+00
9.931276795162931048e-01
1.049604938671894638e+00
9.748507008936075913e-01
9.929959405580930376e-01
1.013898798678497970e+00
9.512573228616382215e-01
1.000264656882575931e+00
1.012295781267275929e+00
9.887962660076566879e-01
1.023736538819763675e+00
9.979567947076063428e-01
1.010998838609086903e+00
9.976868381673091868e-01
9.915504599752291703e-01
1.033458857645565221e+00
1.001648135908846271e+00
1.004930029126620772e+00
1.020345013716021043e+00
9.585479087711842316e-01
1.003145451607868832e+00
1.022161711785611438e+00
1.022167681720762333e+00
9.886099315599899962e-01
1.008573819069494171e+00
9.930488713908850462e-01
9.988127230362404685e-01
1.005108093887220333e+00
1.023785462761255260e+00
9.603806758904188667e-01
1.002691289044201906e+00
9.866452762785110631e-01
1.005527871363504744e+00
1.007695711447904374e+00
9.627273538675931164e-01
9.891981255427177988e-01
9.832846177671960008e-01
1.046233221954802284e+00
1.010263405653193614e+00
1.010795745591358319e+00
9.675520466626635896e-01
9.842513936590946422e-01
1.006931859315378430e+00
9.764767939038875300e-01
9.966184207251437277e-01
9.742369715710066380e-01
9.735190115882644823e-01
1.000177399929127908e+00
9.794127585088632237e-01
9.714309743845209733e-01
9.934672085744504777e-01
9.969426993058226882e-01
9.786832244741234810e-01
9.932951845987865180e-01
1.011090964713096785e+00
9.925339210846445548e-01
1.032295725536198860e+00
1.013850084708697530e+00
9.858788238487335986e-01
1.022783398361375662e+00
9.834628384498907971e-01
9.890407695357288365e-01
1.006554576472032281e+00
1.005184868636443074e+00
9.857632062599289702e-01
9.673903527628947563e-01
9.700388018927280642e-01
9.732762264297931676e-01
1.022521050722396740e+00
9.770830665551596406e-01
1.041076594037426251e+00
9.589259048705058852e-01
9.735648460679737770e-01
9.871944652984626645e-01
1.009577063946217823e+00
9.798313895966963560e-01
9.747326940808926921e-01
1.014000829940517656e+00
9.753978270732087674e-01
9.544267542511364333e-01
1.003603719658902049e+00
9.935543765720726839e-01
1.006818222290305487e+00
9.815304008515878254e-01
9.900761692372761491e-01
1.029228133910848442e+00
1.008825561151970751e+00
1.003242336994103923e+00
9.912403324048768560e-01
9.841519050883088537e-01
1.000421581892229739e+00
9.999233409735391875e-01
9.903897439766937705e-01
9.846262112982645531e-01
9.692967483625979375e-01
1.011177605611776720e+00
9.760611862178736331e-01
1.005882083082685341e+00
9.934847002713242947e-01
9.954409155510873797e-01
9.738468675391374063e-01
1.021457962849253054e+00
1.027469349460784276e+00
9.849633203422263339e-01
1.006633332833386074e+00
9.937264016828530888e-01
1.005069997039886198e+00
1.043840205047879444e+00
1.011742064386727646e+00
1.026368923776870501e+00
9.877560653174549676e-01
9.700405522154060822e-01
1.027554049383257118e+00
1.014266630911774270e+00
9.793830347914301848e-01
9.805803197705809104e-01
1.000883302044332623e+00
9.823804327548973925e-01
9.844350849969689676e-01
9.602028446229715630e-01
9.984164201253289406e-01
9.976033335766927301e-01
1.016903446664472854e+00
1.016456699112713524e+00
9.607460832471068635e-01
9.969145811711583871e-01
1.054677082871594340e+00
9.820875761206315779e-01
