# data in one-minute intervals
9.009563213786291325e-01
8.582090419290802075e-01
8.319864871034045040e-01
9.004956558079563189e-01
1.231387040488962414e+00
9.343592098446452665e-01
9.165107679172155297e-01
1.166496075172171798e+00
9.063410642314595478e-01
9.615844387869761922e-01
8.931947478754861391e-01
1.093070421449293450e+00
9.044491888577428362e-01
1.067669436132903105e+00
1.054467390741613997e+00
1.049349133085587527e+00
1.053537667586349480e+00
8.686246225577241020e-01
1.042859222462684921e+00
9.009197224111500368e-01
1.113591048745068424e+00
9.265777670562982404e-01
9.196536472520825400e-01
9.785521613745153946e-01
9.425143419354482521e-01
9.794508819166457547e-01
1.035903449561779821e+00
1.129402201472236023e+00
1.084027784595772870e+00
8.765619646422886380e-01
9.586931978403875343e-01
9.425826424162516703e-01
8.986809958778836371e-01
8.545328633166104915e-01
8.619493084423759388e-01
1.003861209988804681e+00
9.665439070819890066e-01
9.641163430043906413e-01
9.520586514558359026e-01
9.361807978859107982e-01
9.938665581530774507e-01
8.958267899611132012e-01
9.487432794433899863e-01
9.717366874333623894e-01
9.481421408639387760e-01
1.001248288673079578e+00
1.056157018664599656e+00
9.634433418177956732e-01
1.150556403844440023e+00
8.022582631809327403e-01
9.600056086163329949e-01
9.128028909012139147e-01
9.850391528974032918e-01
1.040870297131718747e+00
9.647653924634150835e-01
9.581387772189315921e-01
9.500503820641140740e-01
1.008802369131391208e+00
7.817332673135725107e-01
8.939899408362415034e-01
9.808650523195712179e-01
1.071552346620331386e+00
1.023074416142910392e+00
9.307855181663903243e-01
1.016270270383640373e+00
9.500585676149478909e-01
1.009972574715999327e+00
1.103469967941568042e+00
1.024173722738999759e+00
1.069627376346784287e+00
1.162262571293600111e+00
1.029406396160958748e+00
9.769952587443385683e-01
1.069674059504366115e+00
8.995105721445015856e-01
8.067538755133262240e-01
1.027211177326230684e+00
1.036264538518638423e+00
1.012934503200113356e+00
1.152018264511744938e+00
1.082946612837918599e+00
1.097735559631532798e+00
1.031649822322674881e+00
1.054073580832258550e+00
1.046272140488790248e+00
9.940491237198681995e-01
9.792555866694504507e-01
9.728562749661746611e-01
1.167725888402057155e+00
9.769223879782880093e-01
9.319531770138581583e-01
1.090065603819784457e+00
1.079990297659690013e+00
9.789971811525561840e-01
9.461390639730450358e-01
9.975614761174960154e-01
9.775408923511925696e-01
1.020940763590256317e+00
9.698121843273199705e-01
8.779397889321670645e-01
9.789835699733888674e-01
1.120280388060438392e+00
9.370470875700932512e-01
8.633951903289728280e-01
1.053773051709770314e+00
9.061169640149251414e-01
1.138792118582037327e+00
1.118834765520278385e+00
8.650822322093476568e-01
1.084729350692613670e+00
1.042024886188571919e+00
9.790702121696045479e-01
9.589790058414099372e-01
9.011757701169722523e-01
1.048556337244409331e+00
9.864499642882734731e-01
9.736519217782509950e-01
8.393536532559895402e-01
1.071762476342976722e+00
8.879854013290098269e-01
1.055079375869111491e+00
8.020219599273733513e-01
7.296136954140355346e-01
9.907172233817832518e-01
1.063140191221541686e+00
9.788198382955578536e-01
1.122507881841141808e+00
8.644489874226384263e-01
1.003182988638044115e+00
9.747473035531513119e-01
9.018379249858523572e-01
8.916742028969786293e-01
9.903225084302208492e-01
1.151915055072917138e+00
1.078826723775723639e+00
1.115939665215528009e+00
1.092889333924628392e+00
1.070197889763885746e+00
9.007123403742834933e-01
1.002503021685793527e+00
1.068743149638407663e+00
1.019391729979328254e+00
9.429218872158269260e-01
9.848280057875756777e-01
1.103207321364654492e+00
1.267392869606730921e+00
9.285639809860887217e-01
1.082430542732879530e+00
9.560807797505416206e-01
1.048120221117148754e+00
9.576911058168359192e-01
8.782297334385843479e-01
1.056757399738418091e+00
1.037204768101639640e+00
8.664874210721326131e-01
1.042082544457274329e+00
1.006455730843708540e+00
8.088907751603580110e-01
1.100874203091873449e+00
1.018482681993482686e+00
8.977495708633734806e-01
1.033621048658103003e+00
1.032933814989744015e+00
7.573570061534323772e-01
1.065735074632303103e+00
1.062795355948505716e+00
1.048151997646931122e+00
8.690458112095550414e-01
9.874198120905234299e-01
9.401458072355981521e-01
8.894469012640127126e-01
1.099235085910399201e+00
9.519178047840993750e-01
1.122013196939217528e+00
8.107654344834044347e-01
1.031320561048201911e+00
1.031668078276014588e+00
7.315805771390050394e-01
8.927342533994819807e-01
1.045941830962461960e+00
1.108835888668813663e+00
1.248933179828413564e+00
9.628402488732987763e-01
9.746886331879325294e-01
1.214688855203276185e+00
1.018073569264597245e+00
9.597138491512762215e-01
9.321710514221424049e-01
1.073698346924127245e+00
1.047119008243349469e+00
9.110384077432613914e-01
1.145181347279424111e+00
9.699995152936479181e-01
9.289351350717865996e-01
1.008745422466773567e+00
9.507553971127254977e-01
1.141958980741675678e+00
7.650628607247109692e-01
1.018082966391513189e+00
9.066983621524957737e-01
9.853474941015677446e-01
9.692677539426536315e-01
1.003481346433907850e+00
9.720561290642729668e-01
1.007457627993993077e+00
1.050290667387318688e+00
1.060480533720545626e+00
9.998028000835904594e-01
1.044510028376055333e+00
9.346497484023148505e-01
9.555781419990152514e-01
1.263272885286111480e+00
9.747362952348626042e-01
9.246928992013320192e-01
1.016739699401002506e+00
7.869921617725283980e-01
8.948621312977111941e-01
1.003760269252515158e+00
1.109948308838796249e+00
1.147446468832790778e+00
8.919596783172434318e-01
1.089745096249362000e+00
8.771630892550454917e-01
9.193752924239891877e-01
1.041252228948483349e+00
1.053576031342870589e+00
9.970005389688580966e-01
9.681637986734331625e-01
1.231266660133036872e+00
1.038565209159303837e+00
1.029998575016700224e+00
1.088808824737457437e+00
9.319682485509880321e-01
1.350185348019037779e+00
1.099191904883169091e+00
8.185837573621070895e-01
1.078934125864811744e+00
1.098149623862115787e+00
1.060682566927493742e+00
1.085554119392919015e+00
9.608443635380732317e-01
9.689478354820415529e-01
9.372971615061965744e-01
1.023026370420885289e+00
9.048309217061429877e-01
8.866117985015584679e-01
1.003637385869730725e+00
9.514503129421465477e-01
9.220961434205413587e-01
1.109694672554606187e+00
1.085909762574538195e+00
9.890422284792889096e-01
1.061373864217494578e+00
1.071372218416484889e+00
8.868606728653531945e-01
9.053927656146569802e-01
9.269919127878902820e-01
1.140838553880649808e+00
1.063845294566644784e+00
9.140116801818073400e-01
9.663483521875447790e-01
9.991966061951172984e-01
1.009114585507221440e+00
1.050519115463269815e+00
1.078193480297384932e+00
8.068707122315665892e-01
8.258744745076075366e-01
8.877061412143956165e-01
9.947912624949354354e-01
9.524110414357654930e-01
9.194530336945385685e-01
1.005752684059247670e+00
1.148639681528199397e+00
6.955523220484642888e-01
1.151906184803429101e+00
9.174009182492507408e-01
1.064046732131000983e+00
1.132017672685678988e+00
1.090454214784056797e+00
1.037928927317945504e+00
1.065632058638072310e+00
1.036279068608844334e+00
9.609080013163548983e-01
1.060393170287361242e+00
1.017128165433567544e+00
7.667113221769684683e-01
1.060528173173805211e+00
1.017897197416155031e+00
1.044285079011902928e+00
1.076562450844446683e+00
1.011344585184278388e+00
9.537899584198872294e-01
1.040656110735957540e+00
8.993145319806075122e-01
9.368113416081359501e-01
9.435754554459778731e-01
9.569303686256932506e-01
9.425441640498292140e-01
1.101689989504619938e+00
1.109058038290537285e+00
1.030565873791642773e+00
9.595172073145558089e-01
1.191106813800497877e+00
9.652914258169559281e-01
9.753116795085146062e-01
1.027350807665732946e+00
9.420504352533165537e-01
8.514697831002988604e-01
1.096980190736693173e+00
1.054528125358690893e+00
1.000332192998526493e+00
1.128405497685516012e+00
1.191239503757694607e+00
1.031945135623491439e+00
1.071231036742371634e+00
9.496955691649513476e-01
1.105745603386946607e+00
1.025031889871842239e+00
9.719178637791476838e-01
1.014649439256783525e+00
1.132453209438693431e+00
9.253850774949416991e-01
1.158248759722702470e+00
7.978350716263764575e-01
7.742320457894871222e-01
1.022699564722332255e+00
9.948977146859504517e-01
1.015477051760224292e+00
8.839979902971978332e-01
1.041958776755995908e+00
9.226806904764697226e-01
1.146428433801412128e+00
7.927854631916284589e-01
7.878997396145769327e-01
9.481742453392479897e-01
1.003098847384240155e+00
7.900565758428803598e-01
1.041513653308050236e+00
9.898661227953357011e-01
9.789868296907514589e-01
1.206109596701009368e+00
7.427216358640613691e-01
9.271362574355966890e-01
1.109461817980607945e+00
8.840051830988854276e-01
1.005012237678149845e+00
9.671828500469222822e-01
1.140591570353474582e+00
1.113850736246614126e+00
8.638788316553420721e-01
1.162058217946092320e+00
1.121689344481733741e+00
8.947171355686097671e-01
1.133327249502971146e+00
9.749361506585468851e-01
9.468725103452836356e-01
1.117604991841764317e+00
1.067819009592101409e+00
8.282485068762379665e-01
9.682319368558937045e-01
9.892887134365823121e-01
1.006663156174309126e+00
8.059147564971707034e-01
7.126494559543808949e-01
1.033511643666778390e+00
9.461450661914463378e-01
1.077703356510198329e+00
9.444311443133650563e-01
8.141732544052304732e-01
1.035187890340969252e+00
8.735598534927540015e-01
9.046553264420398310e-01
1.100389701579474577e+00
9.934756256203597369e-01
8.855738294778517927e-01
9.098201878585783220e-01
9.428546619879480950e-01
1.249274322502267109e+00
9.540253113449587152e-01
1.073189622306806701e+00
1.005483821913714992e+00
1.181928498200790489e+00
1.002872883623148192e+00
1.107984035344611318e+00
9.883987875766790943e-01
7.664881560247071013e-01
1.122752594067477183e+00
9.003277152969189068e-01
9.259555917824944249e-01
1.037902018006876759e+00
1.171758003334434362e+00
9.698260051681112381e-01
1.049010437276631569e+00
9.459771318285155051e-01
1.127279949409033977e+00
1.173137166098953577e+00
1.131035566850272067e+00
9.006292967348947798e-01
9.178564742570374246e-01
9.580450609951025598e-01
1.065326154570366279e+00
9.824569287691824471e-01
1.007302473974799328e+00
1.237403921914830729e+00
9.355321095073775295e-01
1.047877666661562124e+00
1.036112518846048047e+00
1.189864536601995759e+00
1.267625680763370122e+00
9.415658858076311200e-01
1.029092419909519052e+00
1.240627482222299571e+00
8.930690972705548347e-01
9.353536203026329154e-01
9.099797502433453200e-01
9.296103144390558404e-01
1.034069111811676489e+00
1.073367884985135579e+00
1.056896410141741294e+00
7.794979124888790079e-01
1.012091182556705382e+00
1.034482065961685571e+00
1.183327470909230072e+00
8.953179820791099530e-01
1.102772417062914956e+00
1.014383008384169393e+00
9.872715346682543469e-01
1.066045914934538708e+00
8.594537909018218347e-01
1.023951233742763867e+00
9.300446458482389822e-01
9.918767244675662509e-01
1.048894830521592603e+00
1.056399398319989524e+00
8.845791621673438909e-01
1.094486033618763621e+00
9.749496897369637205e-01
1.139284931736499029e+00
9.566860849533967981e-01
1.072884246485698023e+00
9.919860750591074083e-01
9.618612458848476710e-01
9.099472675742233951e-01
9.000774753293840913e-01
1.130497896000331348e+00
9.505038109644520228e-01
1.082778531552647916e+00
1.168744627150223980e+00
8.650241758292976924e-01
8.767578949957202106e-01
1.046531346213899205e+00
1.014452780703459123e+00
9.179029369675145711e-01
1.024910137792091280e+00
1.018251296394732774e+00
1.068202153913462960e+00
9.747964617759516948e-01
1.053492218364787014e+00
8.766464324061713498e-01
9.913620437972961996e-01
8.865430251861325939e-01
1.051854927650906379e+00
1.024062604409473609e+00
8.176497090962240311e-01
1.060046266397090653e+00
8.960861014607983677e-01
9.221457009912696900e-01
9.620355622480322166e-01
9.975076274677883159e-01
8.836059257425681324e-01
1.135244403342012376e+00
7.865412583928536039e-01
7.159094565603645322e-01
1.101207847586097133e+00
9.364924639846881060e-01
9.725364851979774183e-01
1.057583597271459119e+00
1.056194974797406205e+00
1.226624010190535463e+00
9.408325657109168905e-01
9.303787394396715316e-01
1.013164008933709059e+00
1.124243052165641910e+00
8.245743860903609335e-01
9.953422022761636567e-01
1.012300347390600264e+00
1.009601570125618908e+00
1.046905137838727073e+00
1.110528571065211523e+00
1.046353466201751292e+00
9.507587243558917045e-01
1.229121129416526514e+00
9.195300153176485525e-01
1.153363248152621923e+00
1.157799449110187950e+00
1.020310548462203704e+00
9.817141948235502680e-01
9.754921237109167587e-01
1.207870461256932426e+00
9.076791008584300657e-01
1.138802347872244436e+00
8.665881000177266813e-01
1.025663222776893146e+00
1.061882545889117457e+00
1.086315527018870242e+00
9.748086208132261676e-01
1.094900752757123730e+00
1.082024786817950890e+00
9.344634652919681095e-01
1.275941759656812557e+00
9.863916334158205901e-01
9.422861018364938612e-01
1.122049978867596609e+00
1.027454712126163461e+00
8.430493232723282881e-01
1.118836401402781622e+00
9.608584838406670769e-01
9.894006316313643801e-01
1.062169186386364261e+00
1.092072724117693294e+00
1.023717492070934876e+00
9.935459636234671432e-01
9.133031976333714219e-01
8.861932833437324852e-01
1.003560147602126307e+00
1.059643713345155058e+00
9.278815764276493461e-01
8.712759954421820385e-01
9.774115350764075449e-01
1.076236501429408632e+00
1.002867430465705700e+00
1.129049749382595946e+00
9.714954195139282600e-01
9.159598629566207961e-01
9.888200555496172717e-01
1.174702550415920088e+00
1.132215968807346762e+00
1.115408740761142381e+00
1.078612003279808107e+00
1.155391854775218885e+00
1.070004614381879771e+00
1.008027802463694833e+00
1.015533716000250442e+00
1.145481264496225116e+00
1.040758778762613579e+00
1.093967703849636264e+00
1.188703638014219965e+00
1.011053941220026564e+00
1.166987851299130519e+00
1.054704746806330196e+00
1.008805973002785850e+00
1.116235991119193693e+00
1.130089350427170070e+00
9.694833092014898401e-01
1.043563302692587680e+00
9.364005655775503589e-01
8.960885586057347751e-01
1.064130147872119903e+00
9.164459389697314773e-01
8.707275371109184370e-01
9.328797427228462391e-01
8.310490767687367386e-01
1.119408280176231063e+00
9.158772692042794761e-01
9.845500616917882697e-01
9.334823481420475577e-01
9.491411234594661073e-01
9.506066574463527541e-01
1.047517582526553248e+00
1.069402536040343410e+00
8.368140320037599222e-01
1.092066520597289259e+00
1.180367585873093317e+00
1.064330521550835629e+00
1.178907688543522791e+00
1.126556246841969644e+00
1.121263300156555731e+00
9.390039538090451110e-01
1.044121242564056251e+00
1.019191720459051931e+00
9.203584637199221374e-01
1.056144836032590462e+00
7.772736211537972784e-01
8.692002775848748364e-01
9.116300974631517118e-01
9.541459968254984991e-01
1.059371006060192855e+00
9.601114154573479054e-01
1.017008094959559905e+00
1.041991966070486608e+00
1.134278917969495426e+00
1.028829022750839872e+00
9.599333292002162343e-01
1.061764724272787674e+00
8.904136328375169551e-01
1.059237536544463953e+00
7.915179183083891346e-01
1.015277222689735748e+00
9.619044849298241662e-01
9.698082236624607777e-01
1.137039968928755806e+00
1.010765900600115064e+00
9.686230353271022553e-01
9.278494363823591717e-01
8.449931911357246861e-01
7.800124880928509530e-01
1.032974359302028411e+00
9.629500391592364927e-01
1.035804771697220739e+00
1.135979848916394142e+00
1.183987025663157056e+00
1.102014611026102875e+00
9.913428937091074422e-01
8.698313640643171585e-01
1.164932049478557552e+00
1.041663780883967716e+00
1.232409711212679504e+00
9.750532343649996880e-01
1.068567379361358816e+00
1.137712114449072276e+00
9.390351886107528578e-01
1.028282014470982775e+00
1.023120272756942395e+00
9.003696246485708432e-01
9.309899204669693784e-01
1.039771461647821527e+00
1.087016130355328070e+00
1.140797843714227877e+00
1.080299374538834734e+00
1.013723862368069550e+00
9.453609647409951799e-01
1.061319163768918994e+00
1.151114389195031729e+00
1.161843369402640658e+00
1.053726425862911542e+00
9.570812472625792600e-01
1.172966503134023508e+00
9.896912062575712321e-01
9.033441210646415698e-01
8.595457171218765513e-01
1.003629207184631777e+00
1.002312603073542085e+00
1.059745819382608145e+00
9.601667615143165690e-01
7.132014027475295226e-01
1.124298552898551407e+00
8.382362683096994393e-01
9.673320572785788496e-01
9.731777799763556835e-01
8.586222196612327551e-01
9.500813217354358020e-01
9.490414156439165305e-01
8.648112379063097599e-01
1.154610373666379308e+00
1.044349870275815606e+00
8.765162385988654048e-01
9.940065386951213444e-01
7.692776213489855852e-01
1.066180653359217523e+00
9.709309246097382884e-01
9.183447729679846683e-01
1.042513386022180910e+00
6.501605910198466898e-01
1.253735510844578460e+00
1.155563451380295703e+00
1.006140637517217051e+00
9.972982896449043011e-01
1.189728129587326766e+00
9.529953460088873562e-01
1.052429372156577392e+00
1.002012887292641485e+00
1.029887164913680264e+00
1.097333097457174445e+00
9.382145352699680085e-01
1.045144498801440669e+00
9.393732484078063383e-01
1.160486380775370030e+00
1.001346817124422861e+00
8.710427390603530107e-01
9.715289174352178536e-01
8.958433246162901264e-01
8.467260560300007288e-01
1.046848881173792822e+00
1.062710478106227763e+00
7.447379606975885746e-01
8.784036374914088174e-01
9.143995685075250179e-01
9.593393956821620883e-01
1.122243888745051432e+00
1.015504537934338591e+00
9.036686796939479294e-01
7.940680795964488725e-01
9.949286215487905816e-01
1.011715458191781769e+00
1.146505948634385819e+00
1.109607384742639979e+00
9.983398520233931484e-01
9.338626010092969665e-01
9.637927938047430310e-01
1.088171765094829047e+00
9.984372596150287160e-01
9.882674939231413935e-01
9.971062066327922579e-01
1.117806634644407326e+00
9.476819994074071607e-01
8.293992709758650772e-01
1.106804038604086937e+00
1.074949219369891296e+00
9.004619048424102878e-01
1.062966500919369839e+00
1.214558743866547497e+00
9.716136288710786051e-01
9.868849661977812104e-01
1.129711274656042486e+00
8.370285461313307085e-01
1.158164118487793770e+00
9.433639516289475946e-01
9.677254006548057230e-01
7.379514868309533515e-01
9.509463024972288903e-01
7.572596513750662339e-01
9.394927198712508254e-01
1.041231479088314815e+00
1.020593380551164442e+00
8.903338155606919102e-01
1.121055016474985511e+00
1.116992786493827161e+00
8.855984973625138368e-01
9.122005956664418491e-01
1.059464621630311632e+00
1.003346576847089278e+00
1.056140765159688799e+00
9.711684789888543889e-01
1.000434127895354353e+00
9.150815943282725184e-01
1.065842386770334604e+00
1.076251873194500552e+00
1.021483055720472377e+00
1.101961977558687300e+00
1.172622401927929436e+00
9.346794862982487073e-01
9.790731691350685884e-01
1.079614862714505463e+00
1.004973752408939491e+00
1.161686760979033561e+00
1.207925823421451383e+00
1.017037552621254726e+00
1.137927637339185116e+00
1.065302305560426266e+00
8.045350382178461102e-01
8.872495312081589702e-01
9.674152797853567964e-01
8.787162359870542838e-01
8.966762430746183510e-01
1.013765381540783661e+00
1.029095100443047306e+00
1.147980250723882545e+00
1.101563571976919675e+00
9.927452953977218275e-01
9.145195195799161736e-01
1.098343225190362205e+00
9.424244888358801475e-01
9.479357088000751608e-01
1.020651892994737908e+00
9.863602934648787457e-01
1.018509253191502539e+00
9.768823205088773554e-01
1.020870770534908267e+00
9.875298066816287079e-01
1.042717227360641097e+00
9.450800015727034431e-01
1.080029420769923032e+00
9.965060248599827419e-01
9.856013863702934863e-01
1.052723729382672335e+00
1.057530844233035561e+00
9.145183345583994816e-01
8.926218269893388957e-01
1.161099653063773607e+00
9.716134799471217720e-01
9.500459556347520262e-01
9.461635875660827644e-01
1.094111156209290892e+00
8.708960889204923062e-01
1.053163590220971946e+00
9.304209782520276306e-01
9.883604582561893448e-01
1.230260015422175446e+00
1.179994776633500164e+00
1.011650165828539283e+00
9.254075345365125882e-01
9.516882117395979446e-01
1.019239719743283645e+00
1.125009269080034180e+00
9.302508125458909261e-01
1.210948626836492847e+00
1.194146085548083880e+00
9.267629498595599813e-01
9.327421654037357790e-01
1.003104052888703190e+00
9.911535641776779704e-01
9.664793199476203744e-01
1.134629491322478145e+00
9.230993326052184811e-01
8.835483061064062227e-01
8.879807524532553620e-01
1.016617987340643348e+00
9.791225296988687044e-01
1.063189844935958694e+00
8.277062176702726370e-01
1.022467306746027482e+00
1.209611682449419856e+00
8.933189894024262667e-01
1.159844574108772175e+00
1.038704456645055618e+00
8.803489702594586852e-01
9.976058974892522135e-01
8.225740250062213432e-01
1.141302689872346843e+00
9.076645294916774187e-01
9.893018779655228245e-01
9.811112574010938392e-01
7.911650666717326974e-01
1.151010139091635853e+00
9.460256488962984767e-01
8.742615880046689103e-01
1.060699598690300727e+00
9.949389840660611828e-01
9.858834963760144676e-01
8.874157092081945697e-01
8.693596730060332289e-01
1.054422955610240242e+00
9.728616919076292779e-01
9.872041210451392157e-01
1.025378763036594698e+00
1.039795382173887672e+00
9.617724189501440923e-01
9.866525738508814536e-01
1.013764285937961418e+00
9.655466299735623315e-01
1.008029191834641791e+00
9.452460478110852327e-01
1.112259679257123546e+00
1.037514652509905044e+00
1.112967226711978785e+00
9.201005663683976543e-01
8.455229390976288784e-01
9.289416740347490320e-01
1.064858719929890229e+00
7.908966234870907774e-01
1.049429587582321854e+00
1.103142931008043170e+00
9.867923888107582586e-01
9.069314930853056289e-01
8.996287682924467566e-01
8.303895875608250376e-01
8.840878616635833298e-01
8.678309729210885726e-01
9.728731922496661744e-01
9.850594220941741863e-01
9.384008071556120267e-01
9.662448158055669811e-01
1.130350930068451110e+00
9.947409498001612560e-01
9.443421646027789773e-01
9.600802792283690268e-01
1.079904300531298045e+00
1.059686974844487706e+00
1.086620782064144919e+00
1.140211400715426482e+00
1.003523507380301494e+00
1.149448815525709433e+00
1.153063120578663447e+00
1.183702151160243243e+00
9.902173698484932896e-01
1.089427541581992065e+00
8.869394254854603421e-01
9.530610541328251584e-01
9.065778737685399324e-01
1.046845719943558350e+00
8.414217441617850568e-01
1.053162008975841779e+00
1.042868434869802963e+00
1.070053242605245813e+00
1.068183517188680209e+00
9.512406822118087968e-01
1.127990472758712892e+00
1.046287447955572159e+00
1.069078869715023528e+00
9.646010444746337953e-01
9.600400912687548916e-01
1.144251056263710042e+00
1.025056902650149038e+00
1.025185019180530510e+00
8.447653573288760320e-01
9.604660395998999567e-01
8.934256255250725420e-01
1.078765906581746092e+00
1.092801875697187119e+00
1.151665931157465517e+00
9.681799168093380148e-01
9.926778422551069125e-01
9.402778697447310430e-01
1.173726634010074044e+00
1.028049917443567995e+00
9.259620912999543263e-01
8.735747477166052599e-01
1.068725833555353333e+00
9.587997754539485662e-01
9.120646203013640374e-01
1.186924234301848458e+00
1.040883096103597305e+00
1.101094454417436364e+00
1.134354739383142574e+00
8.701807537873506027e-01
1.079896955328797814e+00
9.642545366055458311e-01
1.018511650966594129e+00
1.037113243795534601e+00
1.063136535271735683e+00
1.079711069395919765e+00
8.731435299631781222e-01
8.726670895526366101e-01
1.147184924383226612e+00
1.000714012983824786e+00
9.580523009295168757e-01
1.078967087799072022e+00
9.685325185572718487e-01
1.006892766085379476e+00
1.056755398668035806e+00
1.004989465019849648e+00
9.211651246695289341e-01
9.846403910816569072e-01
9.900722281389259249e-01
1.060234709949218868e+00
9.689633336941603226e-01
1.073912395766484229e+00
9.553993515120337010e-01
9.532952066736207763e-01
1.151890134567344015e+00
1.020871660960134708e+00
1.049424873823052939e+00
1.211235713240740974e+00
1.030904117737033721e+00
1.057540453438886807e+00
1.079442970394237422e+00
8.802702307905010404e-01
1.186442160374558519e+00
1.011173146979007509e+00
9.501581921788166962e-01
9.089837197269640123e-01
8.797313740546905958e-01
8.504647125586409784e-01
9.921202155011783486e-01
9.938943227595671281e-01
1.099427324523797989e+00
9.970578435560952801e-01
1.028592191980896686e+00
9.929734061642088161e-01
1.090684577067393191e+00
1.062794623230324031e+00
7.852777353542628180e-01
9.853394987141013139e-01
1.125076618572023568e+00
9.959020826613288468e-01
1.024882343346280367e+00
1.221860393630311403e+00
8.824014611336192804e-01
1.088260236924023294e+00
1.201479541066447609e+00
1.009145487129509577e+00
9.646171255935448441e-01
1.016412597635858006e+00
8.802999922083216688e-01
9.202224053759521238e-01
1.003937274600820606e+00
1.037645319657358511e+00
1.003178084781694901e+00
9.787668628866047493e-01
1.069606428702924550e+00
1.064082058828515587e+00
8.640792354461380720e-01
1.134249795597342070e+00
9.829337132659700105e-01
8.766484874170671349e-01
1.019028164477783882e+00
1.003506711438409527e+00
9.359098904533403873e-01
1.128240127161961093e+00
9.682474895598688347e-01
9.905516322635027349e-01
1.008198733239012768e+00
9.632100589224874554e-01
1.131659091672322592e+00
1.086336695575367717e+00
9.876305178630433446e-01
9.910678926891171026e-01
1.020508787339815981e+00
1.201239784279294343e+00
1.256904516022694818e+00
1.116201020995614579e+00
8.264250841765564681e-01
8.781819477988878075e-01
1.110103294819160258e+00
1.054857742953479782e+00
8.963190762834181147e-01
1.119678443387730926e+00
9.798814251412435450e-01
1.019625999997789911e+00
1.044092757305165708e+00
1.085817786585970612e+00
1.046205041776037126e+00
1.022893924763597306e+00
9.752081812696912211e-01
9.245108967469800598e-01
9.934055529606606871e-01
9.749213829616064642e-01
9.479682946411717159e-01
1.039769589307488307e+00
7.805723331509296647e-01
1.022860911198887779e+00
9.468849542626378568e-01
8.851666129284291307e-01
9.025824938999977842e-01
1.197899828574047643e+00
9.284420678842956187e-01
1.104510379557067656e+00
1.131486194650683119e+00
9.709991877304188224e-01
1.015797451468418489e+00
1.046021768158784226e+00
9.238820930366420381e-01
1.012518530869391142e+00
8.792717658778924639e-01
8.663910214029095780e-01
1.031092575975245396e+00
9.698204067664693007e-01
1.054217886505752766e+00
1.069812065235929754e+00
1.066630298244176434e+00
9.825548122464057288e-01
1.100764750192315011e+00
1.002271157933056767e+00
9.961594183941636649e-01
8.560788438047781668e-01
1.075736778623418655e+00
1.077285731379877598e+00
1.084296416001682806e+00
8.958929966592368288e-01
1.047069312944266750e+00
9.272863058376989986e-01
9.643313589890543103e-01
1.022059528253181471e+00
1.021161480370636143e+00
1.025142182213134801e+00
8.213281674776979902e-01
1.085030445180697800e+00
9.560790081748106184e-01
1.128087926012534492e+00
9.003951669790338785e-01
8.236219009644546452e-01
8.617790684005948165e-01
8.707474371076562303e-01
9.722354152498430269e-01
8.095684845596274881e-01
1.077523441461049725e+00
9.563527826839787194e-01
1.066956594791615309e+00
8.037566877837161172e-01
1.024102440917678436e+00
8.612269181890022107e-01
1.090212338968730599e+00
9.709578261635005703e-01
9.796125256341360332e-01
9.142575501337397714e-01
8.976236419496519403e-01
1.103693124223603217e+00
1.192371263932592518e+00
1.075845417914120361e+00
1.036330134691929361e+00
9.759525147414501722e-01
9.990389184823034174e-01
9.842037328913795236e-01
8.899710806984285627e-01
9.085757423374763997e-01
9.345984426878721774e-01
9.803398223320963778e-01
9.261122956607911183e-01
9.700143985858201701e-01
1.020817149198868679e+00
9.558708537016165074e-01
9.751212559061523955e-01
8.980340369398314149e-01
8.558765524238751699e-01
9.947818319754899719e-01
1.211934239449739437e+00
7.380516615645413836e-01
9.648074454704962388e-01
1.097791915725188083e+00
9.730968624687130752e-01
1.036700972339804183e+00
9.089013481018216600e-01
9.581115340664705382e-01
1.061697995718261511e+00
1.025816006682816361e+00
1.128666696434577732e+00
1.106429143999130504e+00
1.008563174439501386e+00
1.101364561277133003e+00
9.253833794400228019e-01
1.092222620010032896e+00
1.013400761967492736e+00
9.528756936634401598e-01
9.955869993842026977e-01
9.876089716899628668e-01
1.037741942945497486e+00
1.039118375130049454e+00
9.561709269413907197e-01
1.125625198414198280e+00
9.255697544079352079e-01
8.723859961382047778e-01
1.006492493730854143e+00
9.098851623265475919e-01
8.925216122156076626e-01
9.995647637993723134e-01
1.054156403131620179e+00
1.054421931234486909e+00
9.617650778721488214e-01
1.220621282605640845e+00
1.062899360867836096e+00
9.373567373089845001e-01
9.803164623735992622e-01
1.040331422203309986e+00
9.539047370619917476e-01
9.917504716121896546e-01
1.078685311125018531e+00
9.299178621880341833e-01
1.028094464532599561e+00
8.294476152695109405e-01
1.015248891011850896e+00
9.274077986492709202e-01
9.144487400859395709e-01
8.967693599159358708e-01
1.006824788105184165e+00
8.637751601719758643e-01
1.160899578709286839e+00
8.218364822522999935e-01
1.066246421101484376e+00
9.915954489228306912e-01
9.865228055622444758e-01
9.139844563159115198e-01
9.647368233805386772e-01
9.853315475406014823e-01
1.134871878873179529e+00
9.705265757150399741e-01
8.720007152866237066e-01
1.081826846160531153e+00
9.935425031329235823e-01
1.052139947024689270e+00
9.160293697062303897e-01
1.040143613803188316e+00
9.711619924715385599e-01
1.149397899582944582e+00
8.912992390636648166e-01
1.124848709655329237e+00
7.390103734362389876e-01
1.069418543708096081e+00
9.511370323694195994e-01
1.117185537711687937e+00
1.100074274796856821e+00
9.778991127901610625e-01
1.039434588342812438e+00
1.137987986265698748e+00
1.023232081715705677e+00
8.580944990711433240e-01
8.254706982274888638e-01
1.011289677992282643e+00
9.963626109625394189e-01
1.108877062239120193e+00
1.141395877651691482e+00
1.102581504907043763e+00
1.108156536904524980e+00
9.828958801659919420e-01
1.016201490556250642e+00
1.027702183064289398e+00
1.113900730301057962e+00
9.929397213403701183e-01
1.024837897440446399e+00
7.902043557027118581e-01
8.585525727793741346e-01
1.067125739743432611e+00
9.038909080808495977e-01
8.865634921373274357e-01
1.154419514665286028e+00
8.738604410163102187e-01
9.293607227261722059e-01
1.011309642900696248e+00
9.319757006555463574e-01
8.116088522665431126e-01
7.805586790885817861e-01
1.123659869291319335e+00
1.010829324109266070e+00
1.072511573866078649e+00
9.952527806868440852e-01
1.157005624871830118e+00
1.000410034110611468e+00
8.383503899282047644e-01
9.512272832533447131e-01
1.026330781253957714e+00
1.091819981266079376e+00
7.860563553279823479e-01
9.133197640119259386e-01
9.295244242815613456e-01
1.007310555473485580e+00
1.055504476678494674e+00
9.417193602256069829e-01
9.815764268053608355e-01
1.181481475689987404e+00
1.079508564847639018e+00
1.138015124926745836e+00
1.130978173599433756e+00
1.052664593625938450e+00
1.085094501798066657e+00
8.682348413108356144e-01
9.586682600275965305e-01
1.166141899473435828e+00
1.000140218874067122e+00
1.129018495153786050e+00
9.699452653351691156e-01
8.425050463945935597e-01
7.825085348097566840e-01
9.380538346308048281e-01
9.218287993205759312e-01
1.206770079657216721e+00
8.414617262379284757e-01
1.171664098717376312e+00
1.126373944389870152e+00
9.230005259043665422e-01
1.005885612924666939e+00
9.961524208977868833e-01
1.070934879430420095e+00
8.618865522225371834e-01
1.004947801869955581e+00
1.018323293455073886e+00
1.142650885162683316e+00
1.132515904480011271e+00
1.079166904315487674e+00
9.723537439949671013e-01
1.030389525261939943e+00
9.610300356448149284e-01
1.176639856623757474e+00
1.085221692919751790e+00
1.053444893980404640e+00
9.448306993398833953e-01
1.166241801816525703e+00
9.333560593412522088e-01
1.019408749043351214e+00
1.032398471190472122e+00
9.877671903518527863e-01
9.431732868873776710e-01
9.439053294531130067e-01
8.504722154212919216e-01
1.037498849100565224e+00
1.003994943189771005e+00
1.060907873307789018e+00
9.500156888580718606e-01
1.179409739796441592e+00
1.038528326476940267e+00
9.346731970009344304e-01
1.089268475008372317e+00
8.766852208239892530e-01
1.118694625032222056e+00
8.857361100174115931e-01
1.062156723930062663e+00
1.032499445599293297e+00
1.072301768055847981e+00
9.864718382546888709e-01
1.263592906291394202e+00
8.414388283574577576e-01
1.017201637288719374e+00
1.049361852497859626e+00
1.068462647006717336e+00
9.851670997230211890e-01
1.094633615891023704e+00
1.029209738438540800e+00
1.098732128413061337e+00
1.054888520576238164e+00
1.047072188431530826e+00
1.048439582574639983e+00
8.752576437709894686e-01
1.040520553466789178e+00
1.145176850058061468e+00
1.039032033910177955e+00
9.497325518146485512e-01
9.490171539889358243e-01
7.715234793329835972e-01
9.768399644493185319e-01
9.633050137100274135e-01
9.307519222057969444e-01
1.036305376075329132e+00
1.066542520592978383e+00
9.951466420829425674e-01
8.432551679554245450e-01
1.008127990791423345e+00
9.369848977659345213e-01
1.098755826017256076e+00
1.102168647576788674e+00
8.049436186079381716e-01
8.145636115110499453e-01
9.760269176718231465e-01
1.148250582049117785e+00
1.070418441518344643e+00
1.012451577204287023e+00
9.986385912050296243e-01
9.828334371723072005e-01
8.916857045748546318e-01
9.864355717020403258e-01
9.620343791323584526e-01
1.095278576127733716e+00
8.648285791037035874e-01
1.152159075166831137e+00
1.084386214209842381e+00
9.681850807546026338e-01
1.034997747657466993e+00
1.140496618497541137e+00
1.044138347327820737e+00
9.656032831999510346e-01
9.924186888383593752e-01
8.636449408811655015e-01
1.068326987240398651e+00
9.795656195623868578e-01
1.042499966886076823e+00
9.862663651270736631e-01
9.823922194743233138e-01
8.566604973269862366e-01
9.104620151048705701e-01
1.071104481770462247e+00
8.668634492482925058e-01
8.768508283568622330e-01
9.672305939016258014e-01
8.800825635570426186e-01
8.671003909806915821e-01
7.197872517232508649e-01
1.155208307741199203e+00
9.530679339568963737e-01
1.051321635982762848e+00
1.100707264740721003e+00
8.818915120906024585e-01
8.855318497629994789e-01
9.554582365437401803e-01
1.013809367605660539e+00
9.149517207629852544e-01
1.017760999026527502e+00
1.015951292531072081e+00
1.012393791703336765e+00
1.081323335681490638e+00
1.080685409144916731e+00
9.094448085833468642e-01
9.963363093090966682e-01
1.024125509761865338e+00
1.020789988082686506e+00
8.821493826512687431e-01
1.012818820503257333e+00
8.782223768519766827e-01
1.142413864920383881e+00
8.855284941007608435e-01
1.125898302680947261e+00
9.129367859570974852e-01
1.140524245729112929e+00
9.771267479698737546e-01
8.578743771398786855e-01
7.733958055444722923e-01
9.281458048426980412e-01
9.400604853935896621e-01
8.725201327432036136e-01
1.109435011360732748e+00
1.152133343192126125e+00
1.112828541378860336e+00
9.852649585228123730e-01
1.042669954391072018e+00
7.291648224406448442e-01
1.058005861844454776e+00
8.670006398468945719e-01
1.019673046424780516e+00
9.294762159053941986e-01
1.075388912965935306e+00
1.080705077424199079e+00
8.749865984293621057e-01
1.133422723458114900e+00
9.846393233122494593e-01
1.061617686686906481e+00
9.620883016494209405e-01
9.497641267591345748e-01
9.991670563989520915e-01
1.072108585704179218e+00
9.949784056165811297e-01
1.050782814329921155e+00
1.106462404413827372e+00
9.666584039226826519e-01
9.743233829235932175e-01
1.041548264312642580e+00
1.065394888278903940e+00
1.006282217200340945e+00
1.006882119285015253e+00
9.695458176460907129e-01
9.015576960419613428e-01
1.018611824267825927e+00
1.167813304805628505e+00
9.736501448534012892e-01
1.043277309859939717e+00
8.586284459697428595e-01
7.331611647772315887e-01
9.932386229844462067e-01
9.192773326450605076e-01
1.041866144802527261e+00
9.944919478448561723e-01
9.926308634251060914e-01
9.866867949430774276e-01
7.963434119358012708e-01
8.994645264417686636e-01
1.040023409016384459e+00
1.027610703141513149e+00
1.012370884595214848e+00
8.980005007140487994e-01
1.020015439948460223e+00
1.193850766721657575e+00
9.802914566001987851e-01
9.354782807803946332e-01
7.555629388370744826e-01
8.904436571216171048e-01
1.162445163888491839e+00
1.000758570709648909e+00
9.866226999135493392e-01
1.053252323434188398e+00
1.036678695537126327e+00
1.048071468990793731e+00
9.129652889129655779e-01
1.008479619582099751e+00
9.962615095601290438e-01
1.088644432650391236e+00
9.472645000607594623e-01
9.427975269511832401e-01
9.041362935069106044e-01
8.167846293522578183e-01
8.520330178891628581e-01
9.825038743598401014e-01
1.000166365154803394e+00
1.067338338439460133e+00
1.252057844940578812e+00
9.526121937375464643e-01
9.147099471934485582e-01
9.011829329246546783e-01
8.949376869866630946e-01
1.169796229123659437e+00
8.575284322944789484e-01
9.034991385182691292e-01
9.460437205970846364e-01
9.439109633452084092e-01
9.633633826861038862e-01
8.071573327761757399e-01
9.880768448008532268e-01
1.108598805280372801e+00
8.551397581048052476e-01
9.296533033464531304e-01
9.479171919359759002e-01
9.225597668785865402e-01
9.765335151532662517e-01
7.944459558115128939e-01
9.477870578359215425e-01
1.000987111440170940e+00
1.006030057256179999e+00
9.685920251401378689e-01
9.293318692881281651e-01
8.547277267975841308e-01
8.731777563984671753e-01
9.819946824163114929e-01
9.650007013037434911e-01
9.560524784205086668e-01
9.860644125113888769e-01
9.287831481883440654e-01
9.636282515080164535e-01
8.376806768507041312e-01
1.060549862677766964e+00
8.836228143837951965e-01
9.378904131294459878e-01
9.885859902606840555e-01
9.121097093442986914e-01
8.958168596583999665e-01
9.829498227560387047e-01
9.984527425740739037e-01
9.934059574849000152e-01
9.275939628062801479e-01
9.374981727552715860e-01
8.750690658527194854e-01
1.136151348683718254e+00
8.967036876790889233e-01
9.393771184911399175e-01
1.018404270215421459e+00
1.006908157677094628e+00
9.692419785868076065e-01
8.719713301685716456e-01
1.120573675549922488e+00
8.251537751869516546e-01
9.499032528142516973e-01
9.588231754391552952e-01
9.457631924540963464e-01
9.624883244986295328e-01
1.099893442172058755e+00
1.048701681212935721e+00
9.841151054141138443e-01
9.725915816090050514e-01
9.811495286203840704e-01
9.944405763928633180e-01
8.793291293308040935e-01
9.281381638187202743e-01
1.039087459680225090e+00
9.938395815198431960e-01
1.078704159435910581e+00
9.838838418249610251e-01
9.694849375378913336e-01
9.491379349618994654e-01
1.030407726493723919e+00
1.117665951257078794e+00
1.016540495528917676e+00
9.664731581700867213e-01
7.722456554015524333e-01
9.861089589909501907e-01
9.081107924505262829e-01
1.122803201037986032e+00
8.875776051417676449e-01
9.449310406937920792e-01
1.076177627061892794e+00
1.100002422992955697e+00
1.132195592377178484e+00
1.083943071203397279e+00
9.113449766262535778e-01
9.149763890670863375e-01
1.048869240221579791e+00
9.448758575049489572e-01
1.160881647353404045e+00
9.873395720519629881e-01
1.078752998432307209e+00
9.875305242688541263e-01
9.802946265844306728e-01
1.114989983495564774e+00
1.040214056432043233e+00
1.006890610390988483e+00
1.063880454526827668e+00
1.042138783624151355e+00
1.032511695037594990e+00
1.279011101750049395e+00
1.112199944901250070e+00
9.924804388777908049e-01
9.027529312498111524e-01
8.633273020695586553e-01
9.040649906028737082e-01
9.454317320638682132e-01
9.517041604329028459e-01
9.125081106329036018e-01
9.050866367735058704e-01
8.736178901266670183e-01
9.046123805997147160e-01
9.333562728406379350e-01
8.924737020055342196e-01
1.041511706790480440e+00
9.446632218807745618e-01
9.221822363192302419e-01
1.219487491391281209e+00
1.024676662581539333e+00
1.066555284414773208e+00
1.028089981710653911e+00
1.070264559801697324e+00
8.780237070311788239e-01
1.086338193778567884e+00
1.184910685464456881e+00
1.100596205867405253e+00
1.055954110211981600e+00
1.097945866813673677e+00
9.638324776405673422e-01
1.003720221337182306e+00
1.013738570090173541e+00
1.062906389447096034e+00
1.081424946309383683e+00
1.138553820572548503e+00
1.148246245197465543e+00
1.072706097960198335e+00
9.551155692072488268e-01
8.751719835666295078e-01
9.970962794689921527e-01
1.174105691067577562e+00
8.864027809297639893e-01
1.116506552653884432e+00
1.028657951735864495e+00
9.404753050746006426e-01
1.029315272892799449e+00
9.116300180813678988e-01
9.668897269716506537e-01
8.806639422201165690e-01
9.885132914624771283e-01
9.598617649406239183e-01
9.282464071893679058e-01
9.834381280427746397e-01
9.953523830654235072e-01
1.022208334272683317e+00
9.831481666693122623e-01
1.097221417010203703e+00
9.946945224240454353e-01
7.453197036123782038e-01
1.181654715810612766e+00
1.190391472018275332e+00
1.080357114327854084e+00
8.381219689195810174e-01
1.022156043436910577e+00
9.686546634122361610e-01
1.023320343335784699e+00
9.917389880967308891e-01
9.588762315901164790e-01
9.595939924421735823e-01
9.179049548537703274e-01
9.757784462583807272e-01
9.468669119246277965e-01
8.886509405303087972e-01
8.870348817399988928e-01
9.410251773817711607e-01
9.548944047212919450e-01
1.065151234201093811e+00
1.059964130847530939e+00
1.013410199527697175e+00
1.048096533203783487e+00
9.895282429549768777e-01
1.151883547846789924e+00
9.058469207424064695e-01
1.054457339842882480e+00
8.983192818127564427e-01
8.185215723094241280e-01
9.831218243777837262e-01
8.605461715370605891e-01
1.058852199051759868e+00
9.932793511130327824e-01
1.086492718641407951e+00
1.068929226530858756e+00
1.086907325111740041e+00
1.013507619745536381e+00
9.084608989000972912e-01
1.134163102200984152e+00
9.566544486394014113e-01
1.001241272008021488e+00
9.320076034774991136e-01
8.964699590314517685e-01
1.053532359125527229e+00
1.168897936401473547e+00
8.905354844583021068e-01
9.206568660923077907e-01
1.014635080581115067e+00
9.884099915784982926e-01
8.690897396047103651e-01
9.576080588958133522e-01
9.480124943287960848e-01
1.042981222797927821e+00
1.042751566434635624e+00
8.572890772723644748e-01
1.277514746374106780e+00
9.320266324337138641e-01
7.695641437705412757e-01
1.078580279481230253e+00
8.955308840606378551e-01
1.022759617655740971e+00
1.116399463415713278e+00
1.071543339956688268e+00
9.459562476676128817e-01
9.663920931005193227e-01
1.061414984369627224e+00
1.097895573933671542e+00
7.820660648795640935e-01
9.895397621187921322e-01
9.226655809197281677e-01
9.387513714699972089e-01
9.884807376514324062e-01
1.063483845947795770e+00
1.075484236170644925e+00
9.328420105987634825e-01
9.720189843188392631e-01
8.740794426556427466e-01
1.046654529418475033e+00
7.920084832105608319e-01
8.549387012831162203e-01
8.535112557172428449e-01
1.077865863538107982e+00
1.010826959321111884e+00
1.076126076196833870e+00
9.724032398448853032e-01
1.044834536556289217e+00
1.117929513386729967e+00
1.061709899338883378e+00
1.053109195775393081e+00
1.253623780109379249e+00
1.115651899485812670e+00
1.146722448813839446e+00
1.108592440320858685e+00
1.066616780146423027e+00
8.661484420609055768e-01
1.142523187031104781e+00
1.156306594679493038e+00
9.392377406695986419e-01
1.056333042261283328e+00
9.580278499199034181e-01
8.798782275727401458e-01
9.747586506785768101e-01
1.060417344024573660e+00
1.015047984653121071e+00
9.456060326046242803e-01
9.640018245343326964e-01
1.099596876936093759e+00
9.202523584172149773e-01
9.571626931798511428e-01
9.476006317734427808e-01
9.489512027447647435e-01
1.086205043059725650e+00
9.896750120759283398e-01
9.004199654713399559e-01
1.083821430954797105e+00
9.091157507703706564e-01
1.026873723622440782e+00
7.814559324214327418e-01
9.272729676793212139e-01
1.058680503804484641e+00
9.718484946131413782e-01
1.086156142700339444e+00
1.095476129619766370e+00
1.121095224396682744e+00
1.050509135820900664e+00
1.159306603279864012e+00
1.130583361681030352e+00
1.103137556589876889e+00
1.060804860010465145e+00
1.066300460947827933e+00
1.031959292182671684e+00
1.034501044054242369e+00
1.131126831068431260e+00
9.280117067720087265e-01
8.361695036774791090e-01
9.238028239033112543e-01
1.034300770020866622e+00
9.438040333984086816e-01
9.512419978047752522e-01
8.063764773107600092e-01
1.006736452661210146e+00
1.001124361139213992e+00
9.599329437306409751e-01
8.403000645231945009e-01
9.458010754843875212e-01
9.987013093370465944e-01
1.230611418717570515e+00
1.075031839990132410e+00
9.461019053339104756e-01
1.023464125115361778e+00
8.215904629459407360e-01
1.071226966702257588e+00
7.882587395541086339e-01
9.088765980788695575e-01
1.132717654116428996e+00
9.381248571975780992e-01
9.918818468149872558e-01
9.169270617612427232e-01
9.595403431072716538e-01
1.056548169109125412e+00
7.960059871574378665e-01
1.017313328871496614e+00
1.099556837634814599e+00
1.068754711934866153e+00
1.003654972242304044e+00
1.068823150182624415e+00
7.879366158963986289e-01
9.619038753618178728e-01
9.938291059005559536e-01
1.011595554544513442e+00
1.102248858831097911e+00
1.004615437892317775e+00
9.902080820863037314e-01
9.474281921007220442e-01
1.023544022806750053e+00
1.146504310253548153e+00
1.005055362081934245e+00
7.498568759669780315e-01
1.002963218321852867e+00
9.868902938849037909e-01
1.015714764424332506e+00
9.543612582182539050e-01
1.028878071860612531e+00
9.444180975158030789e-01
1.075404963624752464e+00
1.140246077087909704e+00
8.844885140911484811e-01
1.024210272507094066e+00
9.602491232773876506e-01
1.056446255321933592e+00
8.799024921296423329e-01
1.032508203600857266e+00
9.800962764975311714e-01
1.034473348070367393e+00
