# signal periods in days
2.939388156138802444e+01
3.585987203212761187e+02
1.730086226233085966e+01
2.721005176729401143e+01
1.799114662190638825e+01
2.261378971468012651e+02
1.431112979445737210e+01
4.505366741206098702e+00
1.010943785619046409e+01
3.823821208922802271e+02
2.474851020141571212e+01
1.999098064399831287e+01
2.275059097121213725e+01
1.840972297939379132e+02
2.460477134908597208e+01
8.522951563430829935e+00
2.260539475298039669e+00
2.046174999887872730e+02
1.044467941800380828e+01
1.403656264722134139e+01
