# data in one-minute intervals
1.176373802847446859e+00
1.030383502117894645e+00
1.087146419028014677e+00
7.489948793213228040e-01
9.083617267550900820e-01
1.062662725325132174e+00
1.012321996680106917e+00
1.088838205747812538e+00
1.036071788099363955e+00
1.088436614885432530e+00
1.172632416468947891e+00
8.860152573377904073e-01
9.371941760022456380e-01
1.127251740705952576e+00
1.072313280741189923e+00
1.011590236546165089e+00
1.056353632031908019e+00
9.690834892605187934e-01
1.049437091995156335e+00
9.678113473577442116e-01
9.832928030578989009e-01
9.485308054715746451e-01
1.062351932235038765e+00
9.552596461283318074e-01
9.844161769218042757e-01
9.435974671006410741e-01
9.996720523092362809e-01
1.102385064058284181e+00
9.342934004922187619e-01
9.108778509176760352e-01
1.033319642353453638e+00
9.741100402552808069e-01
9.610372898695475063e-01
1.043694694152862423e+00
1.006912729830093278e+00
1.077755242732136409e+00
1.065538672168091061e+00
9.439779837931009387e-01
1.084948419509165429e+00
9.958344592104335646e-01
1.014642181759504824e+00
7.709776483647647893e-01
9.971436027356161969e-01
9.020513085071311110e-01
1.019699964309723761e+00
1.063166071462092077e+00
9.754745021053572440e-01
1.067365469289562885e+00
1.059243821090486426e+00
1.005747877009641522e+00
9.658646531378110023e-01
9.746224145502296876e-01
1.152605991274765929e+00
8.094146820974154055e-01
1.125788016601359409e+00
1.047485267592215052e+00
1.044030453741824349e+00
1.029794657060573604e+00
9.106026884129878596e-01
1.115378730576140898e+00
1.053946471830302212e+00
1.102605751940776591e+00
1.111813437960353035e+00
9.352639576510780595e-01
1.030995944375719509e+00
1.023615308924596512e+00
1.003459383359774915e+00
1.025078630682805692e+00
9.437573587052519031e-01
8.909597256668100318e-01
9.491054599379821211e-01
1.032975830923322125e+00
9.565950007655004139e-01
8.969026398218105101e-01
9.478967122798528377e-01
1.019575421210186850e+00
1.094258001663322766e+00
1.135450381681097909e+00
9.990311044451590794e-01
1.034657307204972509e+00
1.037340471508692463e+00
1.051147647400447749e+00
9.855713959455012496e-01
9.545129690309065440e-01
9.920125429512930415e-01
1.071317229860892617e+00
1.031951378632216754e+00
8.645178305710882194e-01
9.068765951032209394e-01
9.754250976901438497e-01
8.881584337595322953e-01
1.068955474796469796e+00
1.022497152956714395e+00
1.053721278643832582e+00
9.278866748957187438e-01
1.064424105220333594e+00
8.792822740893495581e-01
1.017474443216378699e+00
1.111674730024857727e+00
9.107847169316112268e-01
9.948997261656753466e-01
9.671183452696731075e-01
9.346983221653315521e-01
1.067020474361929816e+00
9.268493907709226542e-01
1.025281951095278421e+00
8.227723529806674208e-01
1.009222153739643302e+00
8.740666237018870355e-01
1.028011105726082119e+00
1.016173918869661241e+00
9.663141514026022394e-01
8.492238627374646409e-01
9.558636409119428690e-01
8.710675166218028176e-01
1.010701598402142576e+00
8.805685255091136865e-01
1.022200273098643253e+00
9.806525175584709375e-01
1.018563861281160055e+00
1.015193034426181917e+00
1.109588552748344004e+00
1.011397576371397822e+00
1.115864704871226021e+00
9.805164657590630384e-01
1.044352638545306577e+00
1.025870974001104052e+00
8.386984865910467324e-01
7.172980794826699924e-01
1.074714507782805528e+00
1.147789876662934194e+00
1.070737289146378224e+00
1.215994693139129668e+00
1.137216274301307450e+00
9.436714725625774403e-01
1.038190413076934382e+00
9.832529385794814836e-01
1.106308271147856681e+00
9.033433765339216048e-01
1.054805850009184365e+00
9.031139051820104013e-01
9.956855152643411255e-01
9.373302037503725703e-01
1.043100649924833423e+00
1.081295739608020723e+00
1.124375895440713702e+00
1.007912911581836823e+00
1.164788549714737220e+00
1.306721793598970116e+00
1.005449858253536499e+00
9.647751900184342588e-01
1.085458433892954488e+00
1.022562378492694934e+00
8.850551289333937754e-01
1.001743717243894771e+00
1.143371969988816961e+00
9.964681320433859124e-01
9.915046829196114686e-01
1.084214615180830510e+00
1.062714530622778097e+00
9.734759171507880726e-01
9.428176753243941999e-01
9.614477596050720054e-01
1.090607306053641645e+00
7.866208254264352995e-01
1.024382836975244127e+00
8.490604536329218188e-01
9.576172435518037762e-01
1.007747276303948336e+00
9.246265993698600250e-01
9.175661870506330864e-01
1.084214196550185028e+00
1.001292473316354847e+00
8.559085546090476893e-01
1.070050826089153029e+00
9.368022470097205900e-01
1.123822549261931592e+00
1.148352040717009137e+00
9.493602656146858942e-01
8.768882950225431738e-01
9.893244398559394304e-01
9.259815307913829008e-01
9.228702545134159774e-01
9.366166985557795588e-01
8.988536285438848417e-01
1.161388837601075252e+00
1.022259135394648633e+00
1.085026443683517527e+00
9.770404913288833759e-01
1.149352727229861815e+00
9.959365032385129046e-01
9.969905756412708042e-01
8.401408353719288513e-01
1.024088587892327373e+00
1.056233776068975283e+00
9.333991860304322596e-01
9.641934530723867969e-01
1.038384064556390873e+00
8.283469889784842444e-01
8.822630217823432819e-01
1.028495071078431522e+00
6.843206694817762781e-01
1.151506140393756539e+00
1.022147969491167263e+00
9.555343911242264454e-01
8.355713634065885520e-01
9.546215744869885889e-01
8.536354553890469488e-01
9.274315932438269572e-01
9.622563929464342802e-01
9.399141012338018131e-01
9.730427515612152245e-01
9.701349820571801841e-01
1.216320288766309599e+00
8.653847413687213441e-01
9.126897452149919099e-01
9.647800503698437113e-01
8.945282532207960990e-01
9.450188392675252791e-01
1.161172046991566287e+00
9.896692737052614763e-01
8.970312354947687083e-01
9.649184075540746530e-01
9.139188769059192197e-01
9.872628545209521933e-01
1.076528496107260757e+00
1.113946497612589459e+00
9.835165605079191353e-01
1.006073116206731122e+00
1.118555813367331009e+00
1.030881877654638679e+00
1.013209220447605752e+00
9.798837184217273899e-01
9.938120096407788706e-01
8.351020452340337519e-01
1.015753204422406908e+00
8.967291692132068892e-01
1.038740720162066644e+00
1.104334832227453322e+00
7.637712387443348350e-01
9.459885471045866856e-01
8.855532475059383346e-01
9.562858802694431670e-01
9.685726474132451136e-01
9.429402260759363053e-01
1.207173622218926434e+00
1.107738565307195611e+00
1.053929420110671478e+00
1.016102954345040388e+00
1.041111848271155438e+00
8.930962142475732390e-01
1.052581703610388830e+00
8.909986313187409079e-01
8.079104849703174773e-01
9.695620580839494629e-01
1.171311828191329285e+00
9.924047501118914427e-01
9.455305297723084479e-01
9.031821514492782699e-01
1.024397345317102470e+00
1.019547745314471232e+00
9.308936158251329696e-01
1.134211336950350812e+00
1.033922004649562076e+00
9.539697796182344813e-01
9.363166999394415546e-01
1.116792569489987175e+00
9.365178009543788651e-01
1.024067671849761219e+00
9.484849973893425545e-01
1.051438865341075779e+00
9.204133913739355188e-01
9.135219183918908969e-01
9.979066226544721641e-01
9.106686855310173190e-01
1.157347580920344177e+00
1.124917832713573596e+00
1.078609198134705238e+00
9.642151132932711421e-01
8.481693103553878954e-01
1.047907683935664247e+00
8.752609968078295388e-01
1.045873497300160215e+00
1.258647048241873012e+00
1.111503638041999809e+00
1.082636482876489836e+00
1.085037747885499781e+00
1.071588605335315636e+00
1.049237798009111211e+00
9.529659916812627252e-01
1.159295730721688678e+00
8.962466824551305056e-01
1.067373416825064369e+00
9.168396011615911334e-01
9.244889264404044793e-01
9.935723683361126213e-01
8.967766462807100769e-01
1.063151229911687867e+00
9.097369177164021936e-01
8.598347263742502911e-01
9.502383245298364756e-01
9.811546425075191591e-01
9.401486653939084004e-01
8.936492956673047772e-01
1.138316325438724963e+00
9.114801239821497258e-01
9.304707047480833548e-01
9.258267463558581545e-01
9.086976386567036101e-01
9.152586214579121471e-01
9.934354476037282611e-01
9.710227370755245557e-01
9.123481125051493557e-01
7.763417441245419326e-01
8.552282990616004721e-01
9.678893481326186210e-01
9.531563188843824586e-01
7.574875484614269627e-01
1.202217817560377933e+00
1.029596896577224863e+00
9.631465463245419967e-01
1.100257658378353653e+00
1.069628859295425061e+00
9.704255045009448910e-01
1.040964396624065369e+00
1.094342971956275834e+00
1.079005160892204884e+00
9.469058993184038542e-01
8.890581967721509216e-01
9.376125343921619670e-01
9.250121063858045556e-01
9.519295569591770256e-01
8.775132846224630301e-01
9.998652212325509492e-01
9.460253800937569180e-01
1.026529303066231469e+00
8.955612808092047183e-01
1.055223633822891971e+00
9.047110973585577032e-01
1.059698910922392656e+00
9.090231641014326902e-01
1.131241091976816993e+00
1.060457131028967881e+00
9.683777274429743454e-01
8.797103968385540096e-01
8.666482182055808003e-01
8.835669963342630551e-01
9.048172522872930390e-01
9.619800724618904342e-01
1.047748283161627159e+00
1.079287838131135491e+00
8.851884611231699562e-01
8.651406756805581910e-01
9.519226940384661884e-01
1.063258651572168034e+00
1.043261799399750167e+00
1.118388138893595452e+00
9.211677309135831715e-01
9.540015565115917973e-01
1.266758775489921440e+00
9.911868541167910829e-01
9.466246878123217856e-01
9.071978931269493174e-01
1.148364840421535860e+00
8.315352114683832729e-01
9.819702426762307867e-01
9.913627110567497791e-01
8.649431959888163046e-01
1.059084779278382626e+00
1.006724603971429044e+00
1.058499168149938940e+00
9.558843875651337196e-01
9.194293211416760814e-01
1.091914738897528769e+00
9.532149626696705402e-01
9.677196330806553393e-01
9.459402988260908751e-01
1.049574089406015709e+00
1.151152316073033255e+00
8.339237213300798590e-01
1.031465789959572721e+00
1.028985235074565852e+00
1.041298704709322065e+00
1.007621402688063439e+00
7.075248274766627876e-01
1.064640197721350434e+00
9.198307406122101515e-01
1.137260205115444567e+00
9.497318857797262259e-01
9.024941131601560418e-01
8.979484626459596219e-01
1.146044496316519945e+00
1.056347521554480418e+00
1.075410262464493893e+00
1.019462395713875091e+00
8.880350698213748117e-01
9.396428461615289329e-01
1.010678222321686359e+00
9.746566287073424872e-01
1.228556731889320464e+00
1.014521660532192726e+00
1.054479140307424068e+00
9.246663005869673047e-01
1.073256627055408252e+00
9.347418260496211939e-01
1.102112564787518068e+00
7.045507112376037107e-01
9.538573325233301592e-01
9.479094608240544728e-01
1.090613449683261793e+00
1.087433869442372414e+00
8.737800038424297089e-01
1.068017023766946183e+00
1.102073907009154530e+00
1.054203316080116970e+00
9.527367640919206515e-01
9.601630948922345032e-01
8.821613962004627441e-01
8.967290814836753610e-01
1.047418269060175655e+00
9.980366160825232535e-01
1.055429424351236989e+00
1.026839483836654132e+00
9.088861779283501363e-01
9.516778162013200815e-01
8.104043464923268436e-01
9.496373074222330679e-01
9.499294891080113379e-01
1.085270749202837282e+00
9.497621686154855691e-01
9.555068628578584633e-01
1.160138048667136657e+00
9.284000362382804905e-01
9.838818789199991199e-01
9.857468752283543578e-01
8.899972504957464059e-01
1.014599652456594558e+00
1.031608708236202210e+00
1.068029642390323275e+00
7.975770120468226310e-01
1.036149009402930199e+00
1.153779746043451349e+00
1.064634143928379961e+00
1.002342517402179833e+00
1.037795840936479363e+00
9.718846742163883556e-01
1.003913509660179004e+00
9.026395650840751683e-01
1.012400266108740787e+00
8.221640939212601085e-01
7.900408181872333735e-01
9.943010288206634018e-01
1.061912469450046137e+00
1.201531486724424225e+00
9.537869104763678774e-01
1.067341721657962816e+00
9.184345178860680026e-01
9.242535050443436706e-01
7.296001098766711213e-01
1.006393462510259074e+00
9.208000902337269977e-01
1.096286073748947931e+00
1.076274550540515129e+00
9.901874531666553514e-01
8.701845598443540553e-01
9.089319428408761947e-01
9.749220553775792553e-01
1.009536039379340444e+00
9.257788770756828489e-01
8.594049038584623545e-01
9.226493344168333888e-01
1.122828415822221926e+00
1.142461226857686807e+00
9.996150426257128796e-01
9.949792667234732546e-01
1.128959653255971585e+00
9.006743368833525221e-01
9.666797569644199895e-01
8.967296598167113775e-01
1.101077335383448874e+00
9.115519813752767098e-01
1.024252232431014153e+00
1.041928440752283747e+00
9.908865939075065521e-01
1.037177171506473483e+00
1.036041696164202719e+00
9.072044793963941478e-01
1.016113369771178832e+00
1.088019371126790036e+00
1.079502604757923701e+00
1.099357972929940086e+00
1.070320374916694739e+00
1.112066330531597647e+00
9.710666764533314455e-01
9.033832317970634795e-01
1.047599182222636038e+00
9.334546512714482214e-01
9.905641457227566393e-01
1.123433742557527593e+00
1.077600041352647864e+00
1.027094481380133706e+00
1.195304188415094782e+00
1.132001524362366895e+00
9.907554235848937685e-01
9.248738042782485014e-01
8.155718572809688149e-01
1.112158510514143606e+00
9.276106462607449643e-01
9.480852004489210838e-01
9.740206646379251376e-01
8.837084562359016626e-01
1.050224186071165411e+00
1.020796300115411670e+00
1.085550092809343337e+00
8.966856561766961553e-01
9.480065356119926623e-01
7.859821570274344582e-01
9.967942754942054062e-01
9.432280569497324407e-01
9.429792923072816135e-01
8.360821583366946363e-01
1.161090665005715339e+00
8.920013585925182786e-01
9.053895314220794521e-01
1.120725604783757046e+00
8.983938439125233044e-01
9.391026979640043626e-01
1.095987415498383744e+00
1.178079143847484911e+00
1.063421502974773336e+00
9.313974815650261085e-01
9.139498262227201408e-01
1.049919693587368696e+00
1.001251478975640374e+00
1.020096628709310949e+00
1.140458173833573952e+00
1.089578672074157373e+00
1.024534717262029382e+00
9.928484561238691830e-01
9.970178403350192786e-01
1.024792453233661860e+00
9.726705221047891037e-01
1.025684427726588854e+00
8.625223619875675984e-01
1.006003829775286684e+00
1.083058018129652522e+00
1.093243874053749787e+00
9.252767712256437793e-01
9.856826774356092224e-01
8.888163849797601213e-01
9.642568669328589470e-01
9.798180647365970497e-01
9.789157464004014653e-01
1.093690185121195757e+00
1.032733303646965251e+00
9.073660842728741294e-01
1.027999766405159887e+00
8.986323865693542912e-01
9.190339600499758399e-01
8.983326694028361814e-01
9.711833170594408315e-01
1.076784994771912363e+00
1.028453153321593261e+00
8.698700279655169343e-01
9.251199717426878966e-01
9.861629817141872589e-01
1.060174937275478069e+00
1.066615204269111716e+00
1.134133483208001669e+00
1.022038618252766096e+00
1.034996061688521651e+00
9.491763897965068697e-01
1.191726677650046806e+00
8.222478737069293109e-01
8.867418189743575541e-01
9.592228887452031172e-01
9.835602184678299276e-01
9.027680669299390503e-01
8.584813927310931403e-01
1.066850862797609434e+00
8.736583222234961532e-01
1.088355710700645851e+00
9.055268176518134204e-01
1.089517959349812104e+00
1.125796105268728198e+00
1.036296302016892934e+00
1.033383306111047784e+00
9.604551402697776297e-01
1.045139551239614217e+00
9.720182919359988682e-01
9.509604447546243788e-01
1.062602530080769769e+00
1.072724756074073138e+00
8.581078010685122548e-01
8.894545370992352762e-01
1.060732138201231356e+00
1.002860440594226743e+00
9.282207415687202534e-01
1.089314094836786095e+00
9.073494572309818151e-01
9.540239784246935528e-01
1.042952338872453755e+00
1.062990878543825790e+00
9.705096348891072422e-01
9.388168756610790755e-01
1.179526674439210554e+00
9.676070647769371424e-01
1.083747732453801182e+00
9.378694466246652039e-01
1.042664119883884633e+00
1.108448773282117550e+00
1.040435042237642715e+00
1.025239732403537385e+00
1.140835155933037415e+00
1.077965428604484854e+00
1.111472130046958551e+00
8.913589599910548555e-01
1.069327035380416069e+00
8.999263748393343532e-01
1.040224993200380421e+00
9.696708014560077027e-01
9.412495979329817963e-01
8.555805490935302071e-01
8.667603706762702087e-01
1.036101793391360770e+00
1.023796755050485174e+00
9.886294935807421469e-01
9.829866783818798082e-01
1.067815241099029144e+00
1.130627044893770305e+00
1.033878489893786723e+00
1.187296403106756326e+00
9.873969562981662618e-01
8.710145825659600938e-01
9.892116411441388424e-01
9.620235456946208963e-01
9.562579560201853734e-01
1.046602161196931835e+00
9.773383991650759217e-01
9.018866229470425822e-01
8.788090035249567222e-01
1.044754860033253019e+00
1.096826670838517703e+00
1.034638018813881066e+00
1.004593204193406253e+00
9.067413220170992272e-01
1.091379378821815793e+00
1.027490885994571501e+00
1.120702717267416659e+00
1.053953755276043625e+00
9.003727529696479159e-01
9.093461412900355478e-01
1.049456334703279259e+00
9.482848137931660926e-01
8.499232842823637446e-01
1.117637810828002065e+00
8.969609796712292304e-01
9.967173051305718845e-01
8.638170859769960241e-01
9.054586934329895698e-01
8.752782903845053308e-01
8.626853276220565192e-01
9.440899433867724344e-01
1.037296798939249864e+00
1.015912456844400236e+00
9.282538162008081573e-01
8.991290940097218520e-01
8.598803617270165400e-01
1.157874415167996274e+00
9.709325913685158405e-01
1.072516959191809338e+00
9.608679949740061010e-01
1.003657331830338117e+00
1.207201775170444247e+00
1.037390052267726182e+00
1.073808535937571085e+00
1.233923279871893097e+00
1.090444913890802336e+00
8.863681370500284817e-01
1.036645621279835394e+00
1.023534413065233295e+00
1.066191142198612329e+00
8.829320063173700106e-01
9.836875698823531744e-01
1.004963611655671496e+00
9.697821184724895183e-01
1.068147657747147816e+00
8.822289770209944537e-01
1.020293613799028165e+00
8.893639537588198252e-01
1.054640727890651553e+00
8.529680669446282337e-01
1.022127433870633206e+00
9.982987076516407488e-01
1.013088241956648483e+00
1.033912476471726460e+00
9.146869975622716753e-01
9.328888543302320535e-01
9.656778586835734757e-01
1.063500861996197644e+00
1.076243993463509963e+00
1.017922672821404362e+00
9.612932253243533509e-01
1.012048216468267370e+00
1.115963262605238260e+00
9.675365633777056606e-01
8.953847081437347200e-01
1.115182206913364116e+00
1.051526337512333154e+00
1.056262643473456997e+00
1.040861414735807511e+00
1.101778602384548611e+00
9.934035247484407360e-01
1.123721742051525974e+00
1.005421453302832946e+00
7.110374143813907866e-01
1.073053925541925580e+00
8.261879087931045529e-01
9.522536824869359817e-01
1.086274648636242235e+00
1.114864659943365144e+00
1.037787646775785833e+00
1.070468011323846724e+00
1.049029628373537193e+00
1.110213360819001016e+00
9.386571579075525529e-01
1.237040592962884489e+00
8.984194317826544873e-01
9.256102336600605662e-01
1.011879381491794572e+00
8.294167172807689337e-01
1.123028401680235433e+00
8.976870727319976595e-01
1.101751921654111843e+00
1.095587300216603444e+00
1.002262709086038539e+00
1.063712315629252503e+00
1.047812782350593164e+00
1.009679127687963529e+00
1.092496388885451086e+00
9.273675697130800977e-01
9.441516310000898082e-01
9.538450572640283509e-01
9.068167802157227619e-01
9.818434496660961575e-01
1.040279514878472256e+00
9.296120072051679006e-01
1.051186801210103772e+00
7.275955529951567691e-01
1.159761312513003073e+00
1.018318104055343065e+00
9.627973914103507003e-01
8.888939932000874400e-01
9.605922348052295945e-01
8.624881081394215609e-01
9.365629068147177660e-01
1.005100223956464589e+00
9.592767552060411651e-01
1.089524550165372752e+00
1.009491008097965103e+00
1.150941394663385298e+00
8.092717933085595838e-01
9.918403526787353819e-01
9.640080521916832845e-01
1.035229113619625663e+00
9.400535519639205972e-01
8.982329305604724867e-01
1.016691066202094706e+00
1.011569378492698679e+00
8.768643148515461450e-01
9.231189756963317228e-01
9.799367194948692683e-01
1.000820343951527747e+00
1.039114591968863577e+00
1.141852405114266000e+00
7.922067225691514780e-01
9.583482374806359116e-01
1.066595415311777817e+00
1.026050892779462265e+00
1.105699092767608693e+00
1.025229908596739570e+00
9.728771375482522243e-01
9.731427324658904476e-01
1.041880290522620545e+00
9.933877574112262021e-01
8.272408625737811549e-01
1.094242413153894589e+00
1.087315491098723275e+00
1.003135887215667932e+00
9.552657370755657240e-01
1.086415847972453497e+00
9.721535025199914415e-01
9.921634768371322410e-01
9.626559193627236555e-01
8.827489044250006467e-01
9.637507091404468040e-01
9.725345823257582900e-01
1.118574890988818460e+00
1.133320105284041812e+00
1.170075700407841035e+00
1.003205466051844574e+00
9.722664333802297776e-01
9.366645735904898240e-01
1.051292630212841805e+00
9.649612785329446663e-01
9.541430262149342978e-01
9.821637908296677599e-01
9.107125747058179011e-01
9.855057796492101563e-01
9.743047108069640139e-01
1.078255776230626406e+00
8.749207470729314373e-01
1.033210163719477048e+00
1.119577004678739218e+00
9.708198595240222772e-01
8.720310979660070849e-01
1.026035173333710082e+00
1.038486901215796232e+00
8.410970914944787546e-01
1.033081075335349430e+00
9.911614159431642035e-01
1.017304790691408334e+00
1.096773680054357936e+00
8.673152353785045232e-01
1.024353709048670291e+00
1.160181409590954393e+00
8.476570511960334064e-01
8.360775982711866616e-01
9.749068826950570976e-01
1.059920599195029789e+00
1.158845448510634979e+00
1.126645018345493465e+00
1.043925433585009666e+00
8.931815142967962640e-01
1.090236433679544481e+00
9.284502897091686524e-01
9.518298443933068675e-01
8.974593576507179371e-01
1.140222082066284948e+00
1.008858246435710537e+00
1.080202734982247836e+00
1.108111411244470990e+00
1.072095653850381414e+00
8.947080400226374852e-01
1.045604041155333563e+00
1.141438899987201161e+00
9.878850709609517944e-01
1.112739613271293226e+00
8.851448157318200227e-01
9.094007359846690841e-01
1.101216245434237795e+00
1.203710845855362477e+00
1.082822625302534592e+00
9.612452748556402637e-01
8.747738414396093454e-01
1.103154613281726704e+00
1.017363266934632637e+00
1.034640111275242802e+00
1.143111980987593146e+00
1.050576101426298425e+00
1.120615897692913032e+00
1.026741055930559199e+00
1.007206838425871886e+00
1.139345259880165884e+00
1.131010804723142638e+00
1.021162466974313121e+00
1.021641117347675820e+00
1.093646958124555812e+00
1.050898122211762820e+00
8.985337393854225807e-01
8.826809265500867863e-01
8.994976641952141527e-01
8.653409416334577609e-01
1.048056192334215986e+00
8.011597678058397509e-01
8.869772590217929187e-01
1.224049895316622338e+00
9.005824984743213690e-01
8.696787087009942852e-01
1.039178372878501566e+00
1.035364598854024099e+00
1.083031142411409853e+00
1.024059938451842955e+00
1.036744632282228684e+00
1.150074720544664419e+00
1.071752367344476653e+00
9.848668165188276813e-01
1.121043317291837926e+00
9.656177171993423070e-01
8.647997366899855542e-01
9.573498498360808462e-01
9.708353004388825536e-01
9.042547141932866239e-01
1.086799955669501827e+00
1.067855072854194232e+00
9.929246880518253215e-01
1.008140556111165820e+00
9.624247309207798473e-01
8.516909232419024312e-01
1.034214519282710132e+00
9.850892180904722295e-01
1.058661514418552052e+00
9.175246551184264021e-01
8.547726834399708151e-01
9.081957928249837497e-01
1.147273090767649162e+00
1.002393797773398987e+00
9.647077956860747872e-01
1.090550204407877644e+00
1.005925418937570592e+00
1.052357043017659199e+00
9.441653240388878654e-01
8.160477629344288220e-01
7.799653721994700417e-01
1.074544535774202059e+00
1.000770107438924583e+00
8.315791912511233397e-01
9.777031897683809980e-01
9.171427829522669217e-01
1.037991093366300799e+00
1.103579757630715585e+00
1.223513380592956334e+00
1.140497779953982382e+00
1.072419443489113000e+00
1.129399048229262181e+00
9.489188137174525695e-01
9.558905946524977049e-01
7.930107909224861640e-01
1.046107818215633145e+00
9.130984964501888124e-01
1.073291131491164174e+00
1.267685205396934300e+00
1.150215540414226467e+00
9.010631329177526405e-01
1.051961759210759073e+00
1.140855727675507358e+00
9.950401289171184604e-01
1.094005727482604495e+00
1.109100582094932230e+00
1.201665779256918754e+00
8.146951431365760943e-01
9.752493408155499255e-01
9.957593809911574612e-01
9.776411131857055681e-01
1.089138697693456947e+00
1.125305349571863678e+00
1.039526180993210813e+00
1.066041776648150030e+00
1.065958668971755285e+00
9.186091091902930383e-01
9.798255767976914443e-01
1.005912428900704203e+00
1.115042053947114198e+00
7.842497145435354255e-01
8.681090970315369360e-01
1.098774694765378479e+00
1.115776909335088662e+00
9.901439382259313859e-01
8.682346939984604273e-01
1.067873235627436967e+00
1.019914158997156761e+00
9.221883379097982614e-01
9.015452156154387664e-01
9.957853385378184763e-01
1.066360336960595845e+00
1.289905651642575091e+00
1.049048041974478984e+00
9.398214324148665977e-01
1.035795537610489703e+00
1.007335728837436273e+00
9.937177892960323833e-01
9.876913400653440922e-01
9.218376119947681024e-01
1.019065640605158141e+00
1.095930177728145827e+00
1.188604398781329952e+00
1.108924913863428507e+00
9.029595898734421588e-01
1.012258684475056070e+00
1.066994375034405529e+00
1.013371478476459364e+00
9.750185261479992205e-01
1.175233227377827649e+00
9.798427221748629012e-01
1.030226367639165863e+00
9.950941270121028692e-01
9.418178039418396708e-01
9.036875135804313119e-01
1.009610362020396446e+00
9.126685980436257672e-01
1.152487549510275544e+00
9.490373770081463878e-01
1.176897300960026538e+00
9.551575686348382499e-01
9.168917846011754857e-01
1.036111353043008609e+00
1.037544271106142668e+00
8.705408961066156692e-01
1.133907784088887594e+00
9.732979553851434096e-01
9.500701953853534221e-01
1.067880543603483945e+00
1.055911736438673421e+00
1.008715269311048157e+00
1.007884003789775162e+00
1.036648654346609355e+00
1.000108381436206173e+00
1.083570413346485406e+00
1.126858190393606574e+00
1.073797788444005086e+00
1.137943637815254316e+00
9.134670371437304537e-01
9.831292810836017582e-01
1.054465238987146947e+00
1.134571034977698956e+00
7.700072836903197881e-01
1.012058774309932518e+00
9.930661624088416017e-01
1.024698885660811465e+00
9.056497054503980237e-01
9.209151033099494121e-01
1.010607455093014195e+00
8.450775433366838341e-01
1.163150449834980948e+00
1.146564422530104821e+00
1.056003231316857915e+00
1.002106972315199851e+00
9.906801108356146912e-01
8.978561414059460510e-01
1.089209793454297914e+00
1.104245728333243859e+00
1.095194790608170932e+00
9.916953338211200730e-01
1.024148964626067970e+00
1.023130720860942366e+00
9.639039778258196023e-01
9.583825845482670802e-01
1.090062496626724275e+00
1.100359559976177071e+00
8.971894645286592196e-01
8.819928188667937041e-01
1.142782364155647823e+00
1.094998037624030918e+00
9.176494280563476380e-01
1.171199015542725430e+00
1.022305546607263027e+00
1.069889683493012278e+00
9.136434634388856946e-01
1.047848332228921597e+00
9.231355395005100828e-01
1.028148644292524061e+00
1.156774907273701247e+00
9.157979301806011829e-01
1.167478370102312590e+00
1.258046724638200775e+00
1.033162119832640169e+00
1.023175756038775752e+00
8.670681198917746801e-01
1.029150255749180065e+00
1.111389082547422191e+00
9.879569810310743216e-01
1.085829283786574839e+00
9.306673063779870025e-01
8.214955833446121458e-01
1.020700211955289038e+00
9.792649673282356471e-01
1.087108472370946988e+00
1.120548668275662241e+00
9.593002487350439367e-01
9.527417759035006206e-01
8.966712105719570891e-01
9.987588703274852264e-01
9.578737537748009956e-01
9.733505577421306398e-01
9.116331856164301417e-01
1.080383396272773133e+00
8.975015123977913012e-01
8.808396997868419565e-01
8.713171663192186278e-01
1.089542271978050980e+00
8.824408839974318131e-01
9.396669932199394060e-01
1.028634994303921690e+00
9.910593124231715789e-01
1.013519390368363471e+00
1.167076742856712590e+00
9.043905783359097450e-01
9.384086970083699297e-01
1.007406556999850711e+00
9.104667708106231050e-01
9.959072871791354586e-01
1.116025965180931445e+00
8.487417188376432664e-01
1.037733099553113991e+00
1.157953474110934078e+00
1.132508427657121342e+00
1.025360861525231426e+00
1.104268461862777606e+00
9.226773810121882136e-01
1.133311531347943601e+00
1.133022660330227138e+00
8.788471238447588263e-01
1.049627275698036266e+00
9.245531185350480685e-01
9.625138700997329932e-01
8.328872153730467742e-01
1.114438361758282703e+00
9.749176829516821297e-01
1.116439404432524540e+00
1.023588148288051114e+00
9.785427057812833285e-01
1.141471692141394767e+00
1.065797814837525337e+00
8.808643610413330327e-01
7.760279470248743205e-01
9.097770114023524535e-01
8.868665756473235184e-01
9.800979945563860207e-01
8.630746940480762408e-01
1.109467105088368655e+00
1.007867516450641654e+00
1.051635829901155894e+00
1.152747041825413099e+00
9.974855911441962153e-01
9.727191349197341630e-01
8.760881713861631281e-01
8.399570935273678041e-01
1.084554851760252792e+00
1.085996150880723210e+00
1.181931644453621644e+00
8.991491432568496922e-01
9.903990050344538831e-01
9.835166927538874226e-01
1.038973555480232402e+00
9.830904621377604125e-01
1.164726158885820873e+00
1.045166161497585344e+00
1.020751282169225282e+00
1.140053164113498774e+00
9.442355756597390348e-01
1.027998502529820835e+00
9.957243282896789394e-01
1.011486158975882788e+00
9.571644362428874953e-01
1.000287929254676689e+00
1.193135925287208909e+00
1.009805993917550992e+00
1.114633330825768542e+00
1.043201697437415421e+00
1.138798478527483393e+00
1.006519511450746585e+00
1.160696727973268283e+00
8.522561941879774894e-01
9.297453341578610919e-01
1.155132170432364047e+00
1.106552752544424312e+00
1.108961359195361762e+00
1.019562242686523623e+00
8.723516415409353630e-01
1.024575637466359934e+00
9.134951601984355740e-01
9.941405086471649666e-01
9.374800084633833075e-01
1.060048800763566446e+00
1.136994206847786071e+00
1.112899274050498377e+00
1.028270764719548147e+00
1.248258366721739065e+00
1.020498564377447792e+00
1.050245898251018772e+00
1.036493921553295561e+00
8.222036578183802291e-01
9.104073737855957749e-01
1.065318173218313902e+00
1.018103174589838567e+00
9.596816465365740623e-01
9.978628838708246684e-01
9.239046271231460272e-01
1.021189464357142862e+00
1.158535217475589629e+00
1.088744679628564249e+00
8.468176770617372728e-01
1.036002875095319853e+00
8.396655468271863043e-01
9.947300990766358986e-01
1.096799424841635062e+00
1.081688631391528377e+00
1.061497400730633700e+00
9.900143298390778890e-01
9.968272150233630224e-01
9.273758910160534441e-01
1.071219353756220904e+00
8.199246723786024482e-01
1.061654035617307201e+00
8.688960712936387720e-01
1.088158680942031387e+00
1.004103166289564975e+00
1.052491550938942089e+00
1.059037766974059158e+00
8.529980574939457494e-01
9.994408901805009737e-01
9.849988192855657632e-01
9.851790633066503933e-01
1.215474306357188006e+00
9.706089738822469837e-01
1.085187139353592345e+00
1.134868147407922301e+00
8.702184044387483164e-01
7.492857547893048142e-01
9.403319342803343472e-01
9.326830236349638037e-01
9.420573843670243530e-01
6.972617569553148931e-01
9.954959926803168546e-01
1.003787502013609112e+00
1.024678834915899062e+00
9.197748699242921377e-01
9.942222040146915241e-01
1.041959421839117494e+00
8.786776357353869304e-01
8.530156712098321270e-01
9.206237849859342237e-01
1.135228633858169855e+00
1.051838461143737691e+00
1.117813783398255101e+00
9.516238768638316525e-01
9.984577418520237391e-01
1.137125263623740778e+00
7.375044142921582946e-01
8.000015273854572673e-01
1.153837869170718733e+00
1.040015387538576919e+00
9.270961596704565544e-01
9.930799011085076344e-01
8.053975465590547111e-01
1.100897836014938846e+00
9.511384153679443010e-01
1.069267795863448667e+00
9.225552542232812181e-01
9.958976823462936112e-01
1.139282236896462797e+00
8.920093351271911608e-01
9.320204824225393203e-01
1.177104081133954150e+00
1.075364277997303830e+00
1.039147491676980506e+00
1.019772184219809308e+00
7.866846044822308759e-01
1.016372091413429990e+00
1.028800933080979751e+00
9.266577715009461924e-01
8.070964584114160845e-01
8.513379213002307822e-01
1.224451105754452040e+00
1.037479489801002686e+00
9.998016796291856467e-01
8.895247639725714084e-01
9.015999308576638782e-01
1.043804939878731020e+00
8.964533377877613729e-01
1.056284085584930033e+00
1.055987048267945427e+00
1.090389957310677005e+00
1.113098840921614929e+00
8.517774130410665778e-01
9.367719751646456094e-01
9.540950850483791434e-01
9.020357552735696061e-01
8.323062088658144120e-01
9.595598134809544266e-01
1.141882377543829152e+00
9.892356141210819631e-01
9.105271521987003958e-01
1.048927485432888940e+00
1.016877355737177524e+00
9.469585695123788893e-01
1.165648655503895403e+00
1.007736590998599580e+00
8.964717504002344128e-01
7.615707357949030865e-01
7.445299246930459081e-01
9.603818288356245070e-01
1.034093851631231686e+00
1.094283090567194527e+00
1.026751519178210836e+00
9.697909312052422903e-01
9.334068126962478118e-01
1.007409601527375242e+00
9.906985397983497643e-01
1.087282303208087608e+00
1.115384949972150430e+00
1.199528627590312091e+00
1.010628713139283930e+00
9.677919025569937661e-01
1.036745171382598141e+00
9.237203827511694110e-01
9.797638572155321635e-01
9.040210157879333686e-01
1.068366346972268621e+00
8.946667925462195026e-01
9.676764475897705609e-01
8.817180199472404167e-01
1.029685141691390138e+00
8.949218454402545486e-01
8.711219023439982223e-01
9.915492096933995469e-01
1.055451228490345228e+00
1.105164266202880885e+00
1.089023385020490231e+00
1.208799491352127831e+00
1.263143323098980586e+00
1.018193421554257405e+00
1.052183401232658078e+00
8.721815448199253806e-01
9.832778310973776525e-01
9.287608281143769906e-01
9.614677049163756761e-01
1.102693420652690381e+00
1.137147895277391463e+00
8.470854580902686948e-01
1.047092912612016313e+00
1.023690602353175105e+00
9.429449995283543107e-01
1.124610087532209146e+00
1.005004408557515827e+00
1.022113656017854755e+00
9.397794157739060017e-01
8.681854425576326362e-01
1.004018654375769648e+00
9.407701099578381632e-01
1.035340824216225419e+00
1.117946885329148765e+00
9.763599827766041850e-01
1.052373659384013171e+00
1.009123112136151690e+00
1.151986319641586043e+00
1.088194656557742501e+00
8.724452469611634342e-01
8.699292931355809833e-01
9.358199026028223289e-01
9.135454494378403290e-01
9.982681427635390348e-01
1.012659674743311422e+00
1.014060788179001804e+00
1.048149637644682386e+00
9.859814355163375454e-01
1.103919116076976126e+00
9.299070762107444210e-01
9.734651503851845522e-01
1.072795094491316270e+00
1.071476177888993409e+00
1.067836739584947292e+00
9.429844260238048337e-01
1.008322749661994422e+00
9.696595828172622777e-01
9.649728787877493996e-01
9.002534729135299729e-01
1.041050473123178888e+00
1.008481425587843816e+00
9.581040994988424542e-01
1.030143398584437486e+00
1.037950387105469163e+00
9.607369723862266842e-01
9.038106571622170904e-01
9.231974235911772908e-01
8.690401737776626279e-01
9.900648722535334567e-01
1.263317791757995634e+00
1.102638924526062603e+00
9.989154571262509608e-01
1.189573683885325250e+00
1.006026784244075101e+00
1.094792761942616099e+00
9.795238155542307368e-01
1.105084935915998434e+00
9.542725596559120671e-01
1.018250207001777596e+00
8.446288633273233426e-01
9.946827788085679245e-01
1.026005695122006012e+00
9.596337527313882898e-01
1.028089130196522039e+00
1.147889858082993930e+00
1.026770639913939576e+00
1.015565489917467312e+00
1.093418604724867960e+00
9.655077357025733109e-01
9.279936181474557344e-01
1.101199934187987672e+00
9.208166635031241887e-01
1.003110959410225878e+00
1.042386536035782019e+00
1.059376108654791704e+00
9.450066572567292766e-01
1.058326969228508441e+00
9.985705123504471370e-01
9.479738102129219302e-01
9.797057444022768680e-01
9.230749309099004485e-01
8.194274091650585179e-01
1.095533726779229777e+00
9.314122096933465933e-01
8.971256188528028419e-01
9.406995732905486518e-01
9.610180015553563271e-01
8.707092999574392866e-01
1.037132671946425999e+00
9.766873387344459090e-01
1.003418520389547819e+00
9.330799233479564192e-01
9.277818148550620592e-01
9.427030326658005777e-01
9.418333428063467849e-01
1.126506118293456371e+00
1.074423587507514544e+00
8.883648482871798757e-01
9.418676382309972839e-01
9.709045708984948009e-01
9.895028747637355515e-01
9.844372763170646801e-01
1.089418692553293377e+00
1.170430408205729300e+00
1.005930129915267202e+00
1.033065471244094535e+00
1.016462685084035700e+00
9.813332507483207845e-01
1.121663931640872747e+00
1.239679736477163896e+00
1.002403488445928081e+00
1.200507870790314069e+00
1.047468294417187362e+00
1.246176183192125642e+00
9.397635304744073048e-01
1.148482461492977613e+00
9.826625731337200742e-01
1.091638848652911609e+00
1.000687006424992642e+00
1.076828597925798325e+00
9.220811863105338180e-01
8.467997753949489947e-01
1.045612415113937210e+00
1.030519783053378768e+00
9.418282397342384593e-01
1.059997877661434273e+00
1.177567723245875442e+00
1.018284892816600617e+00
7.995360186649774770e-01
1.065143227045673768e+00
1.099929033204672724e+00
9.463968619063053422e-01
1.071090707019804356e+00
1.043455069951963798e+00
1.033275532248910888e+00
9.984539218418183593e-01
1.071983996952415419e+00
9.865760407956486455e-01
9.553183154638863472e-01
1.051424758870042275e+00
1.069172959908376352e+00
1.124197893258237491e+00
9.354283099544959956e-01
1.008891384148613790e+00
1.264982189599571649e+00
9.164830019643325221e-01
1.003558076605524096e+00
9.553537362892935425e-01
1.030154260305389258e+00
9.337013688603599260e-01
9.370650173992181031e-01
1.113311592953434737e+00
1.080279781765808078e+00
1.132069456156238330e+00
1.036711950698525619e+00
9.915637716769274412e-01
9.902649021816203323e-01
1.023518380057471422e+00
8.798594397647854226e-01
7.666645142683933267e-01
1.025319195666410721e+00
9.312811109424186107e-01
1.006979225061357841e+00
1.080391334688944660e+00
8.417616881172412802e-01
9.091647779946792074e-01
1.015574826358497829e+00
1.028409542919624275e+00
9.674938121536730273e-01
1.110379905199813111e+00
8.933017605016054796e-01
1.086461552167286682e+00
1.019810333539834746e+00
1.046482248981827734e+00
1.122456672473661321e+00
9.647194845938537044e-01
8.762851964888667133e-01
9.731978744872770148e-01
8.719642348185333569e-01
9.414049371402110067e-01
9.067970665273530351e-01
8.597912563189179513e-01
1.043073975952520938e+00
1.036367910967472383e+00
7.645313703410112627e-01
1.004852682615938742e+00
1.070214151421035709e+00
1.078517249958992563e+00
8.430012944510604234e-01
1.129889868310367751e+00
9.429609384309793896e-01
1.161692054449693590e+00
9.226368176799555343e-01
1.054279255027967821e+00
1.005145234942276034e+00
1.176415353362123994e+00
8.596248772625408874e-01
1.069583418666331998e+00
1.013131953467161228e+00
1.003961868491299203e+00
1.049406084127216365e+00
9.349465830885628215e-01
1.056074536758667470e+00
1.119147041213266469e+00
1.019936052776328150e+00
8.751644957256452528e-01
1.040380184052538626e+00
1.144028348696133790e+00
9.212163236848833758e-01
1.104647598246480733e+00
1.105324055194497834e+00
9.667819538663715573e-01
1.025943074011562706e+00
1.069281367768754265e+00
1.005064788193866798e+00
1.072007978931830863e+00
1.135515205461907984e+00
1.083346072806271598e+00
9.394675897414027643e-01
1.135459484819621556e+00
1.081705797349097997e+00
9.817003371754765562e-01
8.825006632975587184e-01
9.585155419457743742e-01
1.060402768122136408e+00
1.050979365036736057e+00
7.983763549729886444e-01
8.872450393100578259e-01
1.121296443906143026e+00
1.029065600329785335e+00
1.063716569735668971e+00
1.031882523440452060e+00
1.199266537266649557e+00
1.096161036720258108e+00
9.366259685504964017e-01
1.117984997218096410e+00
1.120056983273079343e+00
8.915739094105998852e-01
9.504381535559328631e-01
9.718980397817933436e-01
1.068533380443800196e+00
1.169678763111296593e+00
1.044007889355789809e+00
8.842165729144857433e-01
1.024811242910665499e+00
1.015414580154363700e+00
8.451678883858140257e-01
9.324377960179955904e-01
9.784592749264648948e-01
1.059891756589648626e+00
1.131913728461666935e+00
8.723523688360363959e-01
8.615073719609795955e-01
9.615630874096823266e-01
1.026950189588431872e+00
1.162247170884271430e+00
1.004604602380589906e+00
9.296138275573875287e-01
1.055613159776161991e+00
1.070733502052800157e+00
8.740644372200621071e-01
9.027624942566168098e-01
9.280038141901436610e-01
1.009392306286716279e+00
9.829534782686153438e-01
1.145273196748182620e+00
8.582611011468207485e-01
9.272163682086440595e-01
9.389426158197482497e-01
9.409157227402009660e-01
1.125585632885864218e+00
9.016111804059615542e-01
1.053349198927206798e+00
9.712215684916859493e-01
9.370361954256147818e-01
9.906651403426831592e-01
8.097272031210109855e-01
9.057179366329123349e-01
8.793409992093620398e-01
9.407589754589728015e-01
9.921842370679877510e-01
8.946245758105628720e-01
1.029765642701028439e+00
9.605527100530978357e-01
9.207791508351620413e-01
9.049013441443032324e-01
9.853367140971593940e-01
1.085200249425367192e+00
1.009710546999394110e+00
9.543416418022028225e-01
1.142572963651874662e+00
1.117901414716717889e+00
1.048706606148782861e+00
1.072834375839849308e+00
1.133705440976000345e+00
9.142679244863365362e-01
9.847649147772998823e-01
1.041669289011310173e+00
1.032933517506058774e+00
1.108943942250023129e+00
1.055056901233190292e+00
9.708077044445538872e-01
9.923525327984048516e-01
1.040765801808554381e+00
1.026738531147908917e+00
9.080928301257062962e-01
1.003273260328302330e+00
7.843875714969776869e-01
1.061026374175593645e+00
9.968151604521995335e-01
9.271678834605691089e-01
1.099692571625939808e+00
1.220763112874155620e+00
9.858355703379806378e-01
1.102765722129738224e+00
1.054219430525585866e+00
9.550997770923429497e-01
1.056106852312773681e+00
9.950641412138143682e-01
1.031728580958935604e+00
1.166527304564950906e+00
1.123460355895285812e+00
9.702806298000865581e-01
9.413499610792815941e-01
1.172550201707299733e+00
1.095536889954583870e+00
8.794267678280712763e-01
7.905729711554361216e-01
1.130872792368142088e+00
1.133475054011560568e+00
8.540061380696903903e-01
9.289898077650350361e-01
8.673511596033022242e-01
9.372615914125175252e-01
1.195800733684418971e+00
1.055437400309527707e+00
1.100468468757785034e+00
1.065573920886606629e+00
1.191100609798700694e+00
1.104709759446296902e+00
9.603323885073815624e-01
1.076598004316222879e+00
1.063083166311498129e+00
9.423581051191117774e-01
1.198754129231860421e+00
1.012858414106340810e+00
9.291287437273677563e-01
1.045955824941884105e+00
7.885923644114263276e-01
9.375085816319836951e-01
1.024132633949015325e+00
1.147156247997901612e+00
1.045036702541740858e+00
9.538413097693468901e-01
1.107228457344692441e+00
8.279514250057669056e-01
1.063088301398288582e+00
8.760516400962902184e-01
8.588449485848445031e-01
1.063961628948471461e+00
1.084008088611643661e+00
1.029105316915984947e+00
1.155222917171532471e+00
1.039402417206886975e+00
1.082842671491838882e+00
1.211131071549569116e+00
8.970552168394656523e-01
1.073024448182426260e+00
1.121972657719142008e+00
1.052660322634817902e+00
1.012470970232228096e+00
9.118162006654754181e-01
9.539980482385047589e-01
9.843151531363352191e-01
1.075650785546960808e+00
9.342188713612769035e-01
1.218224941487874524e+00
1.179117014312589085e+00
1.106414255154218873e+00
8.123387913113063741e-01
1.048812933818295434e+00
9.657880667333009761e-01
1.074254627084544778e+00
1.069809538562123130e+00
1.292107877764698820e+00
9.140866012565500576e-01
1.039619373916251366e+00
9.932686097252576563e-01
8.841577311958500607e-01
8.723920493302768087e-01
1.027352472969539798e+00
1.142812234177476016e+00
1.113441088859734140e+00
8.750736676472538056e-01
1.071808014840643031e+00
9.748862005419356436e-01
8.915698222605176193e-01
9.893132432907123519e-01
1.051548103701743120e+00
1.061103843203200725e+00
1.006363074201328756e+00
1.157010782163208074e+00
9.533437110808784531e-01
9.710756436317258267e-01
1.112666300830585042e+00
1.049524887899397241e+00
1.145706647962353886e+00
1.017857529499133440e+00
1.006097015275985163e+00
1.015354514540130815e+00
1.025547226560879599e+00
8.716413492792018936e-01
1.169808489692082842e+00
8.142339653048937809e-01
9.931852576822690626e-01
1.012926641878582723e+00
9.880747433006000779e-01
8.965972160423160142e-01
1.060382844358627841e+00
1.101044929647282844e+00
8.409910323341535099e-01
1.191660443615158549e+00
1.133348290235584699e+00
8.925597731292944648e-01
9.412635205055481791e-01
8.853934903855489313e-01
9.673958919821686875e-01
1.171644769962051802e+00
8.599264675752150699e-01
1.100197536473254800e+00
1.020802377609620670e+00
9.126568904771090729e-01
1.009361684542419590e+00
8.174545735408217384e-01
1.100046628034311746e+00
1.023997354677280258e+00
8.743593589856969439e-01
9.281517463174936422e-01
1.077318459777462545e+00
1.109698360687330077e+00
9.659271477884912027e-01
9.664310992721254490e-01
9.533605955771474738e-01
8.846967950222086596e-01
1.146267476373730609e+00
9.806774393068826701e-01
1.026651218979586000e+00
9.658885906062187887e-01
1.048025708218119245e+00
1.016531221016425013e+00
9.783435776960389685e-01
9.433503016326758583e-01
9.753646155468146395e-01
9.754991306502647230e-01
1.006143528538453014e+00
8.895723733366851516e-01
1.012067118265913557e+00
1.104247222060714684e+00
8.901691340244302086e-01
9.985760323400546534e-01
9.941767864290694812e-01
1.080971019107227260e+00
7.684608948591855615e-01
9.735149178299163930e-01
1.075218030682639991e+00
1.082200391888615165e+00
1.003829542516676554e+00
7.989427895234659793e-01
9.691367141620923498e-01
1.008911660266976540e+00
8.994183353062821240e-01
1.083420613851419745e+00
1.123774973283896195e+00
9.134441473796235389e-01
1.076609465133516075e+00
8.980049422525051561e-01
1.061616741710871281e+00
8.822106738649017066e-01
9.623611871180076660e-01
9.781343745124402300e-01
1.008644345642259355e+00
7.406704920327540353e-01
