# data in one-minute intervals
1.003836813478531820e+00
9.927456564124917948e-01
9.815310092361748673e-01
1.009842608871193370e+00
9.967348442797598906e-01
9.941840009059087491e-01
9.965483034206548130e-01
1.002802989960724478e+00
9.960552817229477718e-01
1.002940249539774786e+00
9.823390023185756270e-01
1.000794746123669698e+00
9.729407372190153058e-01
9.678347373435011169e-01
1.012915091810473900e+00
9.962566328723587716e-01
1.022332149129690615e+00
1.014684433961946741e+00
9.974876369736930259e-01
1.001344763023744644e+00
1.032904561332250726e+00
1.042830897002714474e+00
1.028656533172554344e+00
9.914089594332813338e-01
1.006501760511141708e+00
9.822703244609570783e-01
1.007850259047986974e+00
1.013121174773279121e+00
1.013504195545839259e+00
9.901163587300363389e-01
1.004864976164032919e+00
1.007531339923351865e+00
1.003094940069208185e+00
9.790048745081768589e-01
9.893879201664406153e-01
1.006473629233832545e+00
9.976997094907650299e-01
9.937645436159923129e-01
1.014653335487011754e+00
1.001851127425942956e+00
9.618963625412138008e-01
9.709767685742090038e-01
9.969156910540956096e-01
9.696071619235608896e-01
1.006145627048228963e+00
1.018038263842131030e+00
9.599156091199554375e-01
1.006055668974996209e+00
9.930696924368833667e-01
9.755306533822484250e-01
9.735716506165140727e-01
9.827732119781464881e-01
9.850696266470456708e-01
9.421526218746776316e-01
1.002806072486659206e+00
1.035291668331239423e+00
1.014816866741207635e+00
1.024413916915060341e+00
9.906777303822486003e-01
9.917775761714437976e-01
9.955719801972497951e-01
1.036235091635804073e+00
1.002523152854392086e+00
9.994590893512080854e-01
9.853013771415540800e-01
1.008278512252357872e+00
9.894114249296283026e-01
1.001054029324488504e+00
9.917351143941857128e-01
1.003008924361401988e+00
1.018635391501245824e+00
1.026714495174698261e+00
9.998593293300060969e-01
9.764633905032211736e-01
1.036335518729291305e+00
1.004143838313349635e+00
1.005066027580702626e+00
9.691527746701323887e-01
1.011471599171420710e+00
1.006504557689386070e+00
1.036281446854226296e+00
9.604820238369072838e-01
1.017937563465410422e+00
1.020976449885714121e+00
1.017536407665262432e+00
9.931987978226973768e-01
9.866227713799043952e-01
9.850517334487117749e-01
9.737380984618129176e-01
9.762186056082842178e-01
9.948439193968542371e-01
9.918841407034001412e-01
9.820777244485418001e-01
9.779569174188672553e-01
1.006897604105467581e+00
1.009194537766147537e+00
9.915331555848122536e-01
9.733039424820204566e-01
9.941407253886197504e-01
9.877520483998768475e-01
9.886109928276479719e-01
9.789737890616632132e-01
9.926369926278807432e-01
1.026121853171911624e+00
1.015060679832652468e+00
9.700469636844025745e-01
1.004259847923823390e+00
1.017529853167639997e+00
9.882946199356824613e-01
1.011869715587380814e+00
1.003522170118986478e+00
1.027983124724852093e+00
1.000904735668158185e+00
1.012185892381217922e+00
1.021570678586722236e+00
9.862611277843930102e-01
1.023322158770166412e+00
9.968823263403612245e-01
9.890175580757282203e-01
1.005361390163367785e+00
1.036378048627683235e+00
9.579381744958650469e-01
9.804826984335361928e-01
1.026879475274127040e+00
9.667993261102536540e-01
9.919985302945135697e-01
1.008847786044410721e+00
1.027862731718101497e+00
9.924539019631193337e-01
9.899272389168677355e-01
9.688856975684905226e-01
1.024642040201835025e+00
1.010324455049800285e+00
1.035009613018733621e+00
1.037426841104428288e+00
1.029451354218913650e+00
1.021639976982729792e+00
1.032107247957112950e+00
1.001496054818931558e+00
9.883300181025467257e-01
1.015878054736356839e+00
1.015960178077192966e+00
1.046808076368718199e+00
1.020435475444417595e+00
1.007911595336886457e+00
9.978328943479273239e-01
1.041408146749617236e+00
1.014098657244937751e+00
9.852646553616634106e-01
9.780632507562220246e-01
1.022538768195713654e+00
1.005763352230498286e+00
9.885048439463305359e-01
9.766710761533835550e-01
9.949673778277010605e-01
1.016896781385209003e+00
9.952833747942733122e-01
9.871987897538837542e-01
1.026985079501693487e+00
9.599273146235022258e-01
1.020926531188532715e+00
9.965749222198091450e-01
9.852907245933488767e-01
9.965369474901906166e-01
9.826929193637483628e-01
9.953214528308760300e-01
1.005837403235265715e+00
1.033061517849279243e+00
9.613492878803181485e-01
9.973436114313638523e-01
1.015094965077951272e+00
1.001331403487303540e+00
9.570634143976842756e-01
1.012699911801987263e+00
1.001305599911622046e+00
1.006106380031086101e+00
1.014441128975317907e+00
9.935969317878377005e-01
1.009303804302946972e+00
1.000620863950923756e+00
1.002110999730312146e+00
1.031884632180704031e+00
9.619137960850854263e-01
9.684910237758417306e-01
9.909401432532145559e-01
1.025235740762161507e+00
1.001758661197530209e+00
9.987866151054916042e-01
9.662247076313265071e-01
1.030270616521217208e+00
1.010975069273175819e+00
9.890043076413232992e-01
1.027027451476358433e+00
1.055016447975809957e+00
9.845175255646227974e-01
1.027041075403205550e+00
9.900570231316886405e-01
9.932786195413604302e-01
1.011655586132526041e+00
1.013616103108048616e+00
9.887669927360775990e-01
9.651833857477173373e-01
9.948180992385801114e-01
1.002930303914213006e+00
9.854537023080686131e-01
9.983270948549420876e-01
9.938515190753015593e-01
9.978963296578663433e-01
1.018247378979529660e+00
1.032607168129445530e+00
9.978366663111178925e-01
9.949460187417769053e-01
9.861038434958294685e-01
1.010630200881396545e+00
1.026904453993170652e+00
9.782678712393269027e-01
1.025275420755754840e+00
9.862804154350681696e-01
9.970572220319836587e-01
1.009419398348153196e+00
9.881404387434213898e-01
9.935513089103675810e-01
1.000471466251789288e+00
9.862920056587075601e-01
1.007719446941707231e+00
9.774906798642248873e-01
9.857686037095564346e-01
1.028668317811100907e+00
9.857181533988675914e-01
9.873622161780197803e-01
1.018336356705654477e+00
1.006022678467499265e+00
9.921140822264996606e-01
9.991629587168846527e-01
9.710307553073422859e-01
9.732500176671209369e-01
1.010030929767164354e+00
9.982650346160235610e-01
1.002076372691640627e+00
9.785028732414109420e-01
1.053073382132584834e+00
9.744729168532816344e-01
9.959449433551974540e-01
9.413474157220954597e-01
9.883620333960736470e-01
9.907038069505558209e-01
1.018244316475885203e+00
1.047197188823806968e+00
9.816797063785052124e-01
9.850837354742636442e-01
1.004286376490952648e+00
9.871119534178782740e-01
9.694720961504234014e-01
1.023865216854219273e+00
9.798232539915927575e-01
9.637183175637109578e-01
9.953197812018075297e-01
1.019828282712806233e+00
1.001576475222443641e+00
1.014056352145203510e+00
1.007985874266497994e+00
1.003880757354223663e+00
1.021926476643443049e+00
1.011805198380350879e+00
9.680716971902869616e-01
1.010153660151570598e+00
1.026219960466789205e+00
9.971331049874534447e-01
1.020566032064244455e+00
9.876478877022147884e-01
1.010003214022452189e+00
1.000358819527873422e+00
1.000593290429284465e+00
9.833347035939336012e-01
9.831908602054744151e-01
1.004995715407847268e+00
1.010104862070738463e+00
9.881754722349934683e-01
1.030971132732529272e+00
1.037622693728425638e+00
9.919959901895283316e-01
9.499543664102079177e-01
9.869236472985523090e-01
9.915930550720810643e-01
9.934838516394524088e-01
1.037594506554823104e+00
9.805663732444386271e-01
1.014548150496950241e+00
1.001584652510999929e+00
1.020610872943735981e+00
1.023767898730479020e+00
1.021961534896448587e+00
9.900002578614370830e-01
9.481924763401907708e-01
9.840252289929740659e-01
1.000071943027061705e+00
1.003226739297476522e+00
9.760335484919283600e-01
9.998675026271225397e-01
9.875747748562424544e-01
9.929232732382250459e-01
9.641329702342290586e-01
1.019555813313068215e+00
1.005607227415804994e+00
9.836708885676718195e-01
9.831347921494281161e-01
9.983210829438077250e-01
9.596139185531112892e-01
1.017529706715859295e+00
9.967838599001297428e-01
9.912614780286275185e-01
9.834349188226877425e-01
1.032121518228013013e+00
1.040377691004914951e+00
1.017754393736996610e+00
1.017012438502285399e+00
1.019850645408417744e+00
1.012624454821604125e+00
1.015041595181136680e+00
1.024612236822652900e+00
9.842953798133254883e-01
1.001735812467682285e+00
9.677114457691093907e-01
1.000858287365504529e+00
1.032662923552129408e+00
9.656484568053401718e-01
9.699383729017511113e-01
1.029715114985475743e+00
9.719655657573527119e-01
1.015244243656626688e+00
1.015954718441056892e+00
1.008072924571961293e+00
9.885498302272638371e-01
9.763152622628291644e-01
1.029765495862624558e+00
1.012333740411698546e+00
1.005662233920407100e+00
9.720007201581307710e-01
1.029612247837423666e+00
9.958810748150400682e-01
1.000788201739811534e+00
1.044485108885309321e+00
9.907162341309254661e-01
9.895189168945213165e-01
1.011018299126623665e+00
9.901609582883289518e-01
9.885183561758132953e-01
9.657350933505324253e-01
1.005679089247481173e+00
1.000638226055881486e+00
9.879472932853646805e-01
9.916691006539737341e-01
9.980756459362489785e-01
1.056398639371706860e+00
1.007811030627612681e+00
9.999382561470098185e-01
1.020395386073496446e+00
9.445731648565678373e-01
9.936924322427335143e-01
1.012209854363211425e+00
1.020279894035371226e+00
1.020313371326765362e+00
9.755552226201108512e-01
1.033136621717953840e+00
9.722036782674894351e-01
1.019737670132351948e+00
9.988275404823696579e-01
9.954560048443237275e-01
9.923562806414042425e-01
1.001554733710938505e+00
9.760923908353029699e-01
1.006382081420888364e+00
1.019464786700137182e+00
9.904046526653751403e-01
9.937615318598406189e-01
1.010224999268933610e+00
9.785329128845507984e-01
9.784599514959728683e-01
9.928644871895854207e-01
1.000018430149972826e+00
1.019593602324909698e+00
9.736396991698064163e-01
1.025049459895786663e+00
9.856508861726450688e-01
9.692965902372088216e-01
9.686009500074598266e-01
9.762877459438087380e-01
1.027993711480255534e+00
1.029534763431962707e+00
1.012884992194177824e+00
1.010976052463574693e+00
9.914121758429489395e-01
9.872413219288480590e-01
1.014844527169056265e+00
1.004569424688755763e+00
9.983219654515522734e-01
1.006410257476012537e+00
9.791465670100523155e-01
9.865557327537650689e-01
1.028487143375969248e+00
1.021358298000807130e+00
1.012925287660843443e+00
1.023064253730127993e+00
1.025182006523994049e+00
1.032299444192364524e+00
1.009151958745390099e+00
1.004666468820999192e+00
9.847275898855607501e-01
9.794207722370349423e-01
9.942326530762042314e-01
1.024198436591153394e+00
9.943716817275571884e-01
1.023266270155767987e+00
9.841647966114889234e-01
9.953426472201472031e-01
1.015800093761144440e+00
1.012938803131985033e+00
9.923645467583154245e-01
9.576184586112153063e-01
1.004921235132766988e+00
1.013273296544822788e+00
1.018624888364421999e+00
9.732483750032441261e-01
9.868019020824876364e-01
9.785422739846559859e-01
1.006059554613728313e+00
1.006345327064949169e+00
9.672753989392574026e-01
1.014880455976638673e+00
1.020084940676718732e+00
1.019073755754158928e+00
1.031695725837276756e+00
9.832662303766460665e-01
1.005549697363349537e+00
1.031754479226026922e+00
9.961405325988483828e-01
9.902844735997673453e-01
1.019569954953051694e+00
1.012585530450476279e+00
9.881159334371488745e-01
1.026952123228004110e+00
1.011008358457112566e+00
1.016181102907483869e+00
9.988677303900951321e-01
1.016326264539775259e+00
9.870287384754818927e-01
9.961431336173611761e-01
9.954468177626062397e-01
1.030782821209804245e+00
9.929059907278542374e-01
9.936643309030948057e-01
9.747301969299970725e-01
9.985800556167612196e-01
1.009109354018013160e+00
1.024249887208852572e+00
1.022702277043516128e+00
9.814696431206856309e-01
9.847698838889307194e-01
1.002750026084336721e+00
1.001858174842069849e+00
9.968231583569467924e-01
1.027035148590839553e+00
9.617056404790906843e-01
9.971999167518322826e-01
1.013233304108830612e+00
9.831509270751392915e-01
1.012869226158184865e+00
1.002522845121628370e+00
9.706194615647016910e-01
9.883768464966025125e-01
1.004053327554764508e+00
1.014606550626926174e+00
9.617641101585290286e-01
9.843840036912220315e-01
9.765475173256276120e-01
9.988303376721467952e-01
9.986820257182992266e-01
9.387416064894857914e-01
1.001448093126157124e+00
1.001310758973153803e+00
9.794135052242007866e-01
9.954999696579404089e-01
1.005065754539262501e+00
9.592001945406550822e-01
9.848912692232472121e-01
9.984702609979875243e-01
1.005583863981159176e+00
1.036637904092422735e+00
9.814603077304075995e-01
9.895221228092725418e-01
9.986746202464530375e-01
1.010836256797501553e+00
1.017818076987210274e+00
9.916514649601406717e-01
1.038957226148691237e+00
9.676713805182517447e-01
1.006877198306799670e+00
9.790858840998322155e-01
1.012676192816824416e+00
1.011463526578240790e+00
1.027116320038824249e+00
1.009821187497294881e+00
1.003250170562370647e+00
1.003786219038565797e+00
1.004333629493484370e+00
9.927888854702853205e-01
1.005881007749607203e+00
1.003080237384894158e+00
9.449718158206654728e-01
1.005817342814962601e+00
9.692815292632142032e-01
9.820960147804242979e-01
1.013575421774875807e+00
9.800167319780418440e-01
9.862286131117564691e-01
1.001414606170903721e+00
1.024868669979957403e+00
1.017225060443281093e+00
1.003310126456618656e+00
9.786812330432100859e-01
9.826866337288060471e-01
9.850327199459730787e-01
1.005517386782915024e+00
1.010301159479991773e+00
1.002773118972354993e+00
1.002603420927773881e+00
9.768740277798326765e-01
9.889642750836671325e-01
9.945939189868616692e-01
9.743862213690523966e-01
1.034147448099166144e+00
9.582471304733959361e-01
9.961462044658149217e-01
9.923905906432293200e-01
1.001616862826415710e+00
1.026416138532719735e+00
1.015890319175107193e+00
1.011571417090570746e+00
9.978191332495989219e-01
1.000530560112412148e+00
1.020831453907028674e+00
9.986624311096611306e-01
1.001020866328586667e+00
1.028164441789305217e+00
1.008232710894930939e+00
1.022001041050886183e+00
1.022507837697495425e+00
9.857546256229574588e-01
9.868039984868222092e-01
9.695535555156089558e-01
1.010495245637097694e+00
1.015228215333057404e+00
1.034449170536549722e+00
1.031504669662820506e+00
1.021199822647004041e+00
9.927363827243181893e-01
1.020962472540717370e+00
9.857786797559978664e-01
9.884579244126751041e-01
9.580060846449514056e-01
9.643378828918568457e-01
9.741272221141894505e-01
1.000226712902780646e+00
1.009211251880050453e+00
9.731039109968632195e-01
1.033651434814398584e+00
1.004402638056728581e+00
9.615491859289716503e-01
1.028115940004720175e+00
1.003545336303931945e+00
1.011437398205201621e+00
1.004674931496689627e+00
9.865350074123377944e-01
1.005187020000630538e+00
9.834500976164158859e-01
9.645625708875893434e-01
9.709315146754539105e-01
9.705409765233633523e-01
1.035601715193869676e+00
9.976250705259783746e-01
9.636054693241544733e-01
1.005588567854667437e+00
9.796370939200111927e-01
1.024948306180232027e+00
9.857916430997163415e-01
9.986322891267820356e-01
9.726937194109958051e-01
9.909756803577465245e-01
1.004236328556142421e+00
9.636726004412561331e-01
9.733317489095010266e-01
1.017105427663687944e+00
1.014144059074653992e+00
1.007580586379741350e+00
1.024159455268493613e+00
9.925917629111054019e-01
1.017634217390299689e+00
1.038532172368562101e+00
9.897777876350323245e-01
1.025634715064646096e+00
9.788213780820896881e-01
9.910770454110341410e-01
9.763270194838656879e-01
9.864480607133940815e-01
1.022459717977960425e+00
1.008276292741655533e+00
1.017865893930585353e+00
1.011764522221083595e+00
1.015697699947734511e+00
1.016552518238654557e+00
9.755841606106140373e-01
1.002521099849757569e+00
9.955287750245046530e-01
9.680505411472255517e-01
9.810997356737811703e-01
1.036834367652453848e+00
9.632397698482937365e-01
9.921219692873977092e-01
9.716769518846605225e-01
1.021876483039756645e+00
9.962488177482037299e-01
9.949651986510796853e-01
9.752477112902716572e-01
1.006347737962914879e+00
1.006276508065091058e+00
9.814016427355658490e-01
1.009927553623153562e+00
1.006408906218176247e+00
9.704395041013456069e-01
1.003526748854962625e+00
9.924051140355268918e-01
9.880706650435578942e-01
1.009183509777044296e+00
9.781475199611405769e-01
1.017440500537086789e+00
1.007516475954085777e+00
1.006704272283796220e+00
1.015434988331797461e+00
9.994189289763916184e-01
1.015290426926405809e+00
1.026271194891398952e+00
9.714337313498310200e-01
9.903786292930278901e-01
1.007916141492975814e+00
1.014937814427678386e+00
9.748951660140224851e-01
1.024267225667744530e+00
1.003466487973128984e+00
9.400431774909988603e-01
9.910836032230371240e-01
9.912860458718344425e-01
1.037652395684459883e+00
1.019104928825512513e+00
9.981925094760728534e-01
1.008179676269744363e+00
1.013928841998783748e+00
1.025923445267789447e+00
1.023477131828485209e+00
9.950787652873442912e-01
9.646822762214577462e-01
1.010696595436591405e+00
1.010348054194086576e+00
9.830580057581317366e-01
9.718673505203502261e-01
1.014134838254818538e+00
1.002274869154733405e+00
1.013383841312652578e+00
9.899141930309125481e-01
9.969940091893543244e-01
1.024835872472467102e+00
1.003395281107829495e+00
1.022416894410195676e+00
9.967710595901112525e-01
9.798969302905248258e-01
1.036248913450820819e+00
9.653512350575078615e-01
1.003565478269703437e+00
9.988488502968254634e-01
9.595278260368159673e-01
9.816289484745727156e-01
9.507577814633124680e-01
9.800060716627035928e-01
9.899039837507644934e-01
1.042246642803489109e+00
9.718996481884814020e-01
9.573953244980525357e-01
9.850819835213967535e-01
9.880494766305589760e-01
1.018319941384820737e+00
1.006699540610434207e+00
1.013547344348419754e+00
1.008377534499949491e+00
1.028003338530546706e+00
1.006150674609014972e+00
1.002584120374523824e+00
1.016422474846832458e+00
9.570551606576503945e-01
9.850899730795633635e-01
9.769649082038794896e-01
9.477484926926207365e-01
9.814178050393786990e-01
1.009009856365394420e+00
1.008447644113502850e+00
1.011058483618610504e+00
1.015228769759669136e+00
1.005703267893169217e+00
1.039096232416661936e+00
9.744942381608637794e-01
9.890339540432399046e-01
9.875975887354564442e-01
9.982524378808549370e-01
9.909856988441381187e-01
9.958078436775738007e-01
9.946830922887853754e-01
9.760956174737055457e-01
1.003870777758941957e+00
1.020075468189629575e+00
1.017125424903915887e+00
9.891137122605512255e-01
9.751841638972099657e-01
1.007299722497698502e+00
9.888664081464794142e-01
9.931772112503530758e-01
1.011562738512876480e+00
9.926787473808251772e-01
9.920062246684785423e-01
9.990673429815697393e-01
1.028388016273929839e+00
9.946886659287877963e-01
1.017133243463384185e+00
1.010089242198692672e+00
9.955578940023328549e-01
1.023114029141152459e+00
9.995678928695330701e-01
9.949589170055580523e-01
9.861691396143054122e-01
9.756273553468068904e-01
9.764459380980154979e-01
9.974726245833278604e-01
9.889803150036456936e-01
1.000504488837369310e+00
1.033662309184139927e+00
1.007342694277658435e+00
9.698127055304225363e-01
1.013924978604950233e+00
9.941400883141284783e-01
1.018122740673596871e+00
1.004149211387764806e+00
9.852592314744511581e-01
1.021627277815699397e+00
9.697305826041809906e-01
9.659884191220293737e-01
9.681609650622805541e-01
1.022331628346915267e+00
1.015729766499525066e+00
1.016924502383853346e+00
1.035275261334296593e+00
1.037379591466537798e+00
1.011872960845224378e+00
9.728868752009479648e-01
1.011515850384985926e+00
1.020034363230171603e+00
9.882068468187759080e-01
1.004661101727197581e+00
1.011441316411492597e+00
9.984597617077819454e-01
1.005407582478206052e+00
1.011650361151011479e+00
9.906778218478102804e-01
9.971233802834236215e-01
9.996664734241240691e-01
1.010855468263484047e+00
1.009736484347207197e+00
9.789967808330507504e-01
1.015580085373493535e+00
9.834304536821885101e-01
1.011969614946080398e+00
1.003418909048648944e+00
9.873478533097699295e-01
9.897739795785384098e-01
9.608654070425695082e-01
1.031181686970328970e+00
1.048782405502435289e+00
9.839282831884776925e-01
9.845508617870354362e-01
9.953952281918603262e-01
1.010945721344542969e+00
9.662771574739956737e-01
1.013978878441489817e+00
9.709263243223161810e-01
9.984559405545461175e-01
9.857465636001149223e-01
9.655351739297763913e-01
1.000467136365236875e+00
1.008656216332687761e+00
1.001264236223909920e+00
9.761964536830536332e-01
9.989892450035161575e-01
1.010611651300534097e+00
9.864745807545087786e-01
1.032305428211441889e+00
1.002919373528245117e+00
9.899675704853591052e-01
1.021841125668030648e+00
9.898794321973849453e-01
1.006332241006688388e+00
1.004629287813961769e+00
9.717803731063735517e-01
9.930611191981029151e-01
1.004962747823785252e+00
9.796503070911826150e-01
9.803205943894669483e-01
1.030843936590017718e+00
1.056890632473312497e+00
9.914878210991781016e-01
9.604554378352774258e-01
9.923005369073440995e-01
1.004294613568552208e+00
1.008953712087885757e+00
1.008374259719136523e+00
1.013466282604625457e+00
9.977337116017600538e-01
9.866508419599463453e-01
9.756762798031444195e-01
9.714356904709734453e-01
9.792605166278686157e-01
9.979184847128345082e-01
9.637575929186483759e-01
1.021128100796590443e+00
9.894421292982027438e-01
9.700046191000963880e-01
9.814875197722886524e-01
9.968110253172690616e-01
9.840344299983430076e-01
9.823048866842565285e-01
9.985882579331928355e-01
9.811651274134206568e-01
1.007794742551101796e+00
1.023019982021190044e+00
1.001822849247895109e+00
9.435490070308633070e-01
1.009652342139641945e+00
1.017916586078743135e+00
1.026312811643846468e+00
1.032890008564379514e+00
9.788547857411896702e-01
9.909256606467755635e-01
9.999290381864600619e-01
9.746823217476687784e-01
1.008299838122007186e+00
9.616981917400411195e-01
9.745697969644776526e-01
9.994872254183672089e-01
1.003276819618799998e+00
9.916446083879311146e-01
9.873195058845463112e-01
9.736364546145217513e-01
1.007347890830115889e+00
1.017507481934324165e+00
9.727899077236813463e-01
9.790397861129696011e-01
9.633660633944078899e-01
9.902349914260367703e-01
9.890136353311522743e-01
9.686141325636845600e-01
9.615070428460902319e-01
9.887384574860245134e-01
9.791340266268503401e-01
9.851176921797427655e-01
9.912927812270322381e-01
9.972595486792218411e-01
9.957754474399386213e-01
9.974293374090135167e-01
1.008128371237640986e+00
9.822254430377033163e-01
9.827999351435475761e-01
9.637631865741015380e-01
1.046119982176802132e+00
9.855777996495713733e-01
9.843267691881226744e-01
1.032155284993738986e+00
9.615032826957428114e-01
9.847237661543265519e-01
9.840313714009151225e-01
1.021432148865100586e+00
1.023503765152277367e+00
9.683337306589044902e-01
1.046162499354592379e+00
9.991540193568817507e-01
9.783550327508793165e-01
1.013260168064312738e+00
9.919498288825445709e-01
9.583176335758838427e-01
9.912381912698124964e-01
9.888897585951003100e-01
1.043893160855795976e+00
9.823143921033509196e-01
9.942289260680211571e-01
9.655039650176230337e-01
9.964638436469744898e-01
9.775169474888170118e-01
9.949623525452910844e-01
9.892101871085285936e-01
1.007359399288004331e+00
1.011313768109477929e+00
9.742625321812694583e-01
1.013791410602863596e+00
9.550511659490268368e-01
1.004798822611876918e+00
1.008601265480238540e+00
9.431462262674825681e-01
9.645413534014523060e-01
1.007244522584386903e+00
9.578083659014576812e-01
9.974451035938336485e-01
9.990488100400288785e-01
9.779101304215179757e-01
9.975635485333580466e-01
9.837206498228310281e-01
9.961087228637306445e-01
9.665599827983749615e-01
1.025869982858277130e+00
9.784969682824067316e-01
9.640177986961505630e-01
1.001298984996849883e+00
1.007038173344239285e+00
9.739349349553672042e-01
1.003390938324565829e+00
1.015558048277036995e+00
9.966529770531062926e-01
9.992870820456529746e-01
9.914605317709280774e-01
1.005628680648786188e+00
9.905240209191318312e-01
9.840335949007135152e-01
9.693559985113097133e-01
9.600515499091842875e-01
9.710595111108245581e-01
1.033094737202742808e+00
9.901455541640555857e-01
1.007702987696446728e+00
9.717415235179528432e-01
9.616362744477798818e-01
9.555793507163751199e-01
9.953200000602051567e-01
9.898563870606064130e-01
1.030030387906418987e+00
9.929824615616417161e-01
9.909197214640443896e-01
9.669384845256440153e-01
9.735120947947271119e-01
9.556742316342736743e-01
9.669023053525039879e-01
9.909673144726958149e-01
1.001619994810693415e+00
9.534380324465800971e-01
1.024611303918308458e+00
9.839153698674354409e-01
1.000472948741508272e+00
9.767667936976377474e-01
9.813310129671183324e-01
9.583893341912221864e-01
9.737687677499763383e-01
9.892391150123480692e-01
9.752570635677825228e-01
9.957830588302529762e-01
9.824153599082486865e-01
9.909195660492235991e-01
9.992364188795068713e-01
9.976340772743520491e-01
1.007011272920715239e+00
1.037876881572917798e+00
9.761604504951659766e-01
1.005810860084854319e+00
9.745055106159490332e-01
9.738616720959911710e-01
1.012734025863367027e+00
9.501340808509985969e-01
9.564936643589908583e-01
9.673993851678647227e-01
9.984728245044535155e-01
1.011247595751648687e+00
9.919271412776933250e-01
9.794577445736991628e-01
1.010453156649797846e+00
9.618887842975925029e-01
1.007005998233520438e+00
1.002617701299253872e+00
9.906651213449010340e-01
9.656846390673018421e-01
9.524515471260894817e-01
9.829251390680091571e-01
9.943870286536971026e-01
9.813803084048677849e-01
9.998975457782320886e-01
1.005258090697718210e+00
1.025221309875760989e+00
1.016800935832710584e+00
9.800379969411483483e-01
9.909499081073059878e-01
9.812554954259722351e-01
9.955674446561477708e-01
1.003602174857343154e+00
9.743215608100600500e-01
9.780347534930832198e-01
9.998926041412137256e-01
9.694565480179484496e-01
1.010103370028180736e+00
1.001326230744587154e+00
9.893164982171498423e-01
9.815876241962305793e-01
1.019536284863689746e+00
9.592776458517036087e-01
1.008469343866786883e+00
9.829031733408929439e-01
9.646625692626104032e-01
9.928542264925173111e-01
1.003218624774024681e+00
9.958328799694590172e-01
1.023019930024781088e+00
9.907706248658044723e-01
9.920493630564032328e-01
9.688703237147477942e-01
9.897103250590479906e-01
9.685280858972117324e-01
9.829426579066868896e-01
1.006982394985389107e+00
1.019752861004806777e+00
1.018863614713314103e+00
9.741360463627178889e-01
9.818079309853164904e-01
1.014562435927222062e+00
1.021370849519692703e+00
1.020713925499598496e+00
9.926353076785511265e-01
9.722151243467525017e-01
1.026877991841051552e+00
9.970435971089246507e-01
1.027067069899643359e+00
9.547046758888745321e-01
1.020845822657852953e+00
9.530289570218267725e-01
9.930899185838457655e-01
9.925816084318198618e-01
9.681915755355154918e-01
1.000033931590251779e+00
1.028803942729169085e+00
9.963399992235413283e-01
9.829823835164455126e-01
9.823051152899668903e-01
9.599164577095948836e-01
9.904369828811731002e-01
9.474560696075429167e-01
9.898277867074840586e-01
9.926900351288937552e-01
1.001352175435350489e+00
9.484949080783582342e-01
9.625640393134939909e-01
1.013240994630168368e+00
9.840099553075107863e-01
9.682845540697373465e-01
9.610337796630359364e-01
9.771425039294691084e-01
1.001268881656612431e+00
9.782409770667573889e-01
9.650500460375290857e-01
9.766125011283079971e-01
9.899547714467413773e-01
9.877072404513166370e-01
1.013159200613235722e+00
1.001639900223039614e+00
1.008154700904034362e+00
9.933072500881590106e-01
9.832978493836512790e-01
1.009658609225974057e+00
9.976739767175039075e-01
9.897116252206040743e-01
1.022440486210727695e+00
9.957838620160560650e-01
9.980923412706271813e-01
9.724032061852848630e-01
1.006505985073438803e+00
9.873615735551249939e-01
1.008735977445829546e+00
9.817102588975430422e-01
1.004793140073612090e+00
1.045015492699387982e+00
9.896069524840187537e-01
9.742785127525017685e-01
1.007376043498332985e+00
1.014215702773263894e+00
9.501100539665389144e-01
1.006673250760456328e+00
9.943583957487081015e-01
9.857560062026636816e-01
9.971073594591549627e-01
9.754720494849200563e-01
9.934406411410318105e-01
9.978290655977810619e-01
1.006646886636069604e+00
9.625085779116933082e-01
9.680842692318372134e-01
1.018651385698922551e+00
9.727774502936689105e-01
1.006393036167469335e+00
1.021418794167021860e+00
9.883683633537647673e-01
9.788623616934152283e-01
9.911269189810152369e-01
1.034335470421919201e+00
1.001809952549803651e+00
9.788098305789152409e-01
1.021999436380964132e+00
1.009337693898509691e+00
1.020395397302601426e+00
1.017763315383315881e+00
9.804271674539816184e-01
9.893572076542223037e-01
1.006239447418243227e+00
1.015890706708746816e+00
1.011733483158328450e+00
9.924731114518162700e-01
9.822093285067406976e-01
1.004934983155450601e+00
9.647190163872988444e-01
9.914377312546436283e-01
1.021334111509496489e+00
9.975911061253062151e-01
9.901225309425000232e-01
9.650813986916138010e-01
9.797189713768184038e-01
9.814342205803849861e-01
9.690553898109058872e-01
9.832667616451974402e-01
1.004464836684966889e+00
9.556116647503679618e-01
1.001117000042803795e+00
9.789157535079793249e-01
1.019036025501194098e+00
9.937495739733057665e-01
1.006523827059426557e+00
9.882858029561185642e-01
9.759322674520704011e-01
1.011993083755809320e+00
9.926568239194891730e-01
1.011610992918465568e+00
1.007280049309993153e+00
9.768919807192599780e-01
9.726407559891196986e-01
1.041991397690192667e+00
1.016060973443521309e+00
9.858394751056160921e-01
9.836310152454795785e-01
1.023874712915983531e+00
1.005688010657221465e+00
9.931577945828257148e-01
9.998901766408505587e-01
9.838622918941134499e-01
1.012745621645131378e+00
1.019370704043806475e+00
9.860967715755859508e-01
1.034494284348730142e+00
1.025031873721404807e+00
1.040689491847747394e+00
1.015387987368531864e+00
9.696834525975802643e-01
9.903642182767713464e-01
1.007469579054975028e+00
1.017747190749316299e+00
1.015260090784670721e+00
1.004499043299917016e+00
9.980796278680666989e-01
9.993703538293415845e-01
9.996740677280527843e-01
9.908252660525453948e-01
1.003785495891064583e+00
1.001286165438075582e+00
1.056738737118022797e+00
9.899499236567518290e-01
1.018105954452256157e+00
9.976795603249691835e-01
1.014252963403526442e+00
1.008307830709128439e+00
1.005653119514060334e+00
1.012874712832245949e+00
1.037703409461628423e+00
9.902451278642864230e-01
9.917424250801860630e-01
1.032957919527899726e+00
1.026061914835731281e+00
9.640794451377462382e-01
9.837473720664995369e-01
1.021438949897285564e+00
9.967237411948304260e-01
1.019232546435525633e+00
1.020373474671372183e+00
1.013681065983059293e+00
1.017656323127352325e+00
1.019273697482107721e+00
1.021310546726067470e+00
1.010494990299798390e+00
1.028024287367590661e+00
1.038614411297972273e+00
9.725291903539750038e-01
9.867093806763647112e-01
9.768455799037736309e-01
9.918664091590129184e-01
1.014390356148290984e+00
1.006932438385693240e+00
1.009413362033042993e+00
1.014188445568622088e+00
1.028527909936267193e+00
9.964059661453178451e-01
9.747339655980353790e-01
9.665532018706483042e-01
9.942348457881736712e-01
1.039676760563613023e+00
1.000350230248820527e+00
9.987015520015921632e-01
9.632248738928507192e-01
1.010836971171571674e+00
1.015236768201317474e+00
1.009855156591873193e+00
1.008887690817607874e+00
9.923537302802584170e-01
9.723392196620417316e-01
9.903312093681436723e-01
1.027668911759525017e+00
1.030839300884142107e+00
9.787641539074687369e-01
1.034136720410594679e+00
1.031218792290887754e+00
1.011775513717971364e+00
1.001594774784284825e+00
1.008215921279430383e+00
1.009392251132896989e+00
9.831943995694332195e-01
9.849326079962454905e-01
1.037215267953485398e+00
9.822611887059385927e-01
1.039956426559257352e+00
9.942752905458127621e-01
1.011601626086729766e+00
9.830690140009550326e-01
9.973408227546092242e-01
1.005824394172875946e+00
9.876552900341469821e-01
1.011523270569095967e+00
1.023649462623532846e+00
1.011993573175740790e+00
1.039593096056833810e+00
1.016133994743608993e+00
1.013893203139611954e+00
1.003591290974023886e+00
1.014290235291467113e+00
9.787456808995873558e-01
1.001908722179309930e+00
1.007363065694748760e+00
9.830151227308489004e-01
9.773078165446221766e-01
9.925018406621027856e-01
1.013000975104422441e+00
1.002206598246097258e+00
9.960793767348457006e-01
1.002453372311280733e+00
1.010309364750403782e+00
1.031906517076080165e+00
1.012737457588392065e+00
9.971401065733346281e-01
1.004705023710910528e+00
9.946374049173082321e-01
9.726132450807287722e-01
1.033231047479569398e+00
9.937292422693448923e-01
9.853226596801076820e-01
9.903356405741681190e-01
9.723791789174219824e-01
9.924008968955940757e-01
1.004054368334403646e+00
1.000820210659710163e+00
9.903228619726751614e-01
9.893664499794191380e-01
1.039881516438262654e+00
9.866975093603183034e-01
9.977901131360452647e-01
9.989628959334203584e-01
1.006965962631283906e+00
9.701521369296091102e-01
1.003254473159797211e+00
9.986780680540869870e-01
1.021117423370640598e+00
9.910340853223742474e-01
9.814392162728367008e-01
9.963733682953266335e-01
1.008220049214836322e+00
1.020008420402241933e+00
1.008598975531085573e+00
1.031661938036653847e+00
9.871020872199399721e-01
9.996916017580937952e-01
1.010561743160552695e+00
9.988171917787598275e-01
9.985192923897820982e-01
1.005868028477352016e+00
9.866572538005456972e-01
1.029359562292027519e+00
9.621205689586597165e-01
9.668849374140280339e-01
9.869693128351612055e-01
1.009922503667586513e+00
1.013265197014010521e+00
1.005057047778180168e+00
1.007543911415770266e+00
9.684035474558252421e-01
9.921871593885536189e-01
9.798481751559061648e-01
1.011822403047160090e+00
9.547327345501983586e-01
9.975880602635488481e-01
1.014926990822997865e+00
1.029929481309601602e+00
9.696468356983883874e-01
9.407500300744764399e-01
1.009145405098944348e+00
9.832893842401225770e-01
9.585925936191681540e-01
9.826781415127527897e-01
9.659874163387558443e-01
9.607534428953343753e-01
9.843055847115288470e-01
9.738208903210305856e-01
9.681346784535900252e-01
1.001703611619837231e+00
1.016840343571100425e+00
1.013635579450656188e+00
1.000149208868840622e+00
9.934412409293766899e-01
9.840629074242931429e-01
9.612572863160356862e-01
9.988395650675151449e-01
1.004077183480679869e+00
1.039414493298085995e+00
9.920549677040068071e-01
9.928258826806215520e-01
1.011993232258337150e+00
9.703372533895882057e-01
1.007511969239005545e+00
9.681626925532198502e-01
9.948161802477160087e-01
9.931066843747988759e-01
9.806597542214647856e-01
9.626423314196793646e-01
1.012537391255624364e+00
9.843527375031728699e-01
1.017507335473028407e+00
1.003199300846832953e+00
1.002175284192478699e+00
1.025240456396605548e+00
9.915724967277884661e-01
9.886080876921491400e-01
9.902579819248900073e-01
9.635989304129368715e-01
1.003989548414119248e+00
1.005348613780428391e+00
9.906356600042537375e-01
1.023517015362620075e+00
1.011349068325619216e+00
1.003344853975006279e+00
1.022686772587378057e+00
9.688468696280180259e-01
1.004057169983445741e+00
9.870711393627246144e-01
1.009017368484558252e+00
1.006561383532332377e+00
1.044753601424257772e+00
1.005894835674578269e+00
1.021028216864622751e+00
9.775857444110506167e-01
9.885616033859437879e-01
1.008713520854172874e+00
9.705039929349981165e-01
9.943936006452712695e-01
1.018792937772599716e+00
9.939532808200299829e-01
9.823705962877302689e-01
9.954349001228857130e-01
1.023698121396191540e+00
9.777024628747914559e-01
1.008266022231982806e+00
1.010920854219559573e+00
1.007709221830097146e+00
1.026733793147446505e+00
9.958093158211667184e-01
9.870135846768183230e-01
1.026262791081957948e+00
9.622732252921396556e-01
1.014450851369207873e+00
9.836586705519501095e-01
1.016056968254771320e+00
1.013186257500316101e+00
1.014137446929739728e+00
1.039144878904549429e+00
9.713010367348529073e-01
9.729505454519629115e-01
9.918623305036250448e-01
9.840120827009064541e-01
9.982392217914192178e-01
9.559858812367501013e-01
9.905810666946874843e-01
1.029573489669097563e+00
9.862874572769303461e-01
9.853923769706628422e-01
1.008458896524103476e+00
9.674934807762719524e-01
9.910740690376460549e-01
9.612152145369574630e-01
1.003085367125776228e+00
9.953101106756105931e-01
9.857111106154877733e-01
9.704464254319906669e-01
1.017095437833069660e+00
9.873909058370065051e-01
1.005058569476493302e+00
9.978745013987815327e-01
9.999451563175986157e-01
9.887384471626632365e-01
1.000468019331176350e+00
9.942320435006917201e-01
1.010017831674956179e+00
9.744501714696875982e-01
9.924329270354541599e-01
1.000572902372917516e+00
9.826959344292254261e-01
1.011187941934423407e+00
1.021201785107552995e+00
9.947037787526090691e-01
9.992286414733748678e-01
9.661875408134635856e-01
9.908476265203158828e-01
1.015898100586788200e+00
1.032369971655987317e+00
9.937814648476452906e-01
9.918843520624770482e-01
9.941281651614143344e-01
1.005054255261893292e+00
1.017160445343734176e+00
1.009546835571556223e+00
9.773401943745757547e-01
1.016259541886162854e+00
1.023211904696737395e+00
1.003778367608815225e+00
9.896343455007212686e-01
9.832779108230559340e-01
1.013382535114419225e+00
9.844474800320114349e-01
9.931269040476538024e-01
1.004756923865407048e+00
9.878970286568693471e-01
1.019499583334539938e+00
1.026335881224493374e+00
1.014613074917780189e+00
9.949766405287864268e-01
1.008665359392203253e+00
1.001265642028793090e+00
9.721109539734802407e-01
9.662185083473687763e-01
1.013224628132650462e+00
1.017491647378642838e+00
1.023321057587971428e+00
9.958373011168895061e-01
9.997796481165971416e-01
9.704340717132297067e-01
1.007470795580617251e+00
1.003721208907894624e+00
9.715411538452671802e-01
1.004188519085959186e+00
9.665021918034719661e-01
9.764911144128510800e-01
9.864631601144230322e-01
9.955243564013148694e-01
1.009169773798310521e+00
9.811269028479164822e-01
1.018555842082910390e+00
9.963035784704106224e-01
1.025038622076013706e+00
9.794375688752487985e-01
1.037808621400341913e+00
9.778715494789071982e-01
1.011379496858785254e+00
1.003411113469087512e+00
1.010933150404915049e+00
9.635619700365566365e-01
1.002895317278284626e+00
1.026872483917366186e+00
1.026651862679420324e+00
1.013319179634856626e+00
1.007455211112568305e+00
1.017036082422642318e+00
9.987319853638257916e-01
9.742335028012893972e-01
9.667718573583390373e-01
9.958779574080819375e-01
1.028307484011375506e+00
9.870607602909448053e-01
1.011218545843686867e+00
1.033204170364899088e+00
1.013643362351635435e+00
1.012902871990449594e+00
9.805436778173902690e-01
9.942274043511648562e-01
1.007659112129628109e+00
1.009499905226283412e+00
9.956364368809871301e-01
9.827267631362155420e-01
9.849269294825787613e-01
1.043489462909535259e+00
9.921272440407705728e-01
1.013423159319881028e+00
9.993393384775774990e-01
1.028783742445106286e+00
9.818732818858613154e-01
1.003351047258708162e+00
9.918646954896904733e-01
1.005450304328577182e+00
9.970543416689998661e-01
1.050956245777174392e+00
1.006836700259236217e+00
1.010032484682171106e+00
1.030290453819897145e+00
9.947345839212020646e-01
1.005027632219397615e+00
9.991308980982480659e-01
9.770710083519034139e-01
9.882245825166136033e-01
9.754770300051294196e-01
1.015946909731406000e+00
1.011603669385499726e+00
1.001907270967857588e+00
1.020699402962969460e+00
9.987267165558897375e-01
1.039553853533876637e+00
1.030532061540490485e+00
1.006776255615767557e+00
1.028666097671484980e+00
9.767417345779703108e-01
1.017339653172524061e+00
9.757788484659122297e-01
1.033053752370731049e+00
1.002936653688436319e+00
9.985112103082117718e-01
1.029983537508416980e+00
1.001790271590966563e+00
9.939156271900155826e-01
1.010207189822981855e+00
1.001797928985991071e+00
9.869048358822753997e-01
1.003717837338395258e+00
9.972826562522554283e-01
9.996709240732927215e-01
1.016260436719199411e+00
1.026936528261624737e+00
1.018961525515941657e+00
1.000817011190161088e+00
1.008482356648847666e+00
1.008503843791673349e+00
9.634141911482272391e-01
1.018208197473602361e+00
1.007057941931837952e+00
9.941650038489655561e-01
1.017526070743512978e+00
9.908224546876895911e-01
1.044759447831958843e+00
1.016710557641045787e+00
9.659274944529903095e-01
9.884883900806973323e-01
9.780058902127554132e-01
9.915720940554936247e-01
9.863252510129261186e-01
9.923712111653246737e-01
9.735305173955420832e-01
1.009385438697153470e+00
9.885014376991674290e-01
1.011233982224076566e+00
9.920388422994489419e-01
1.019508745635289149e+00
9.904494965266698037e-01
9.931911340595286353e-01
9.961949462401591404e-01
9.959248718046821436e-01
1.024493184142008850e+00
1.036634886736571559e+00
9.812985527341788750e-01
1.023101714836305520e+00
9.686942483396958625e-01
9.909114719590478293e-01
9.938489325352325432e-01
1.002505382420518343e+00
9.946022220357819688e-01
1.026501611460820529e+00
1.016957707104970909e+00
9.954914704921753454e-01
9.892197781815357249e-01
9.834178653017333627e-01
1.016718042610543327e+00
9.743692862784614217e-01
1.007734983312522870e+00
1.004834674518773951e+00
9.612535216192199528e-01
1.056676553315575751e+00
9.960616687930871072e-01
9.665915990259031920e-01
1.025048596125089473e+00
9.856410645868020071e-01
9.961187465943003305e-01
1.000266211415266948e+00
9.961828701381125750e-01
9.867937494681886523e-01
9.963065210003724248e-01
1.006159243110988699e+00
1.036671627357409253e+00
1.008948467877539779e+00
1.028562691658540418e+00
1.007345636397356969e+00
1.003560844592639389e+00
9.982010875289235585e-01
1.020522968188238178e+00
9.926507186735754606e-01
1.017516652666104582e+00
9.820016621197480422e-01
1.016922532853627326e+00
1.016584925437463482e+00
1.009229927422311990e+00
9.971146671345333390e-01
1.046542129145627387e+00
9.733582450766333771e-01
1.017417356053842203e+00
9.955141917562938536e-01
9.615126171308171488e-01
1.015967780639291496e+00
9.945002301663056210e-01
1.000392903677793210e+00
9.959094456207862045e-01
9.907475784620624060e-01
1.025045823489800556e+00
1.008189947263749442e+00
1.003748135481351555e+00
9.948047092488903065e-01
1.008554123071849551e+00
1.002543641654740858e+00
9.903768744369100263e-01
9.874975568843525897e-01
1.024955149733915105e+00
9.937354578164894203e-01
9.895301127441631373e-01
1.026840300312910514e+00
9.957792215272300851e-01
1.021847326787120425e+00
1.019060509673071824e+00
1.005971799426012225e+00
9.977084767160749879e-01
1.006051245185869192e+00
1.008481407875380320e+00
9.986515204009307478e-01
9.785291015291133210e-01
9.805412936768588272e-01
1.018663481044856267e+00
9.994868612830688503e-01
9.680080389796104079e-01
9.938775488134845570e-01
1.036384985160140770e+00
1.026348512894447174e+00
9.841424268832320577e-01
1.002196120321824147e+00
1.042733730442105600e+00
9.887780186526414772e-01
1.010321840799575988e+00
9.926844455929917377e-01
1.016819281666396568e+00
1.007891767909869563e+00
1.036958660874434335e+00
1.005677127158731921e+00
9.873954516378014024e-01
1.009967875569130147e+00
1.027056976509314268e+00
9.793458890791759686e-01
1.018955047669871661e+00
1.002464738282080603e+00
1.023410608022794932e+00
1.000257452964153915e+00
1.017997393845891274e+00
1.031449702059458629e+00
9.927367646747364827e-01
1.014371978428272980e+00
1.000535057136826333e+00
9.661356164552870052e-01
1.021396206935393458e+00
9.980755712606896868e-01
9.970218482889445788e-01
9.853832992146953629e-01
9.814332803138106076e-01
1.029389383246276379e+00
9.963382044940120030e-01
9.976856020007741632e-01
1.013469685926559283e+00
1.008192684065562839e+00
9.799738351124007707e-01
9.871855559798854429e-01
9.733819365044749095e-01
1.019863053341396819e+00
1.040988874342690940e+00
9.866787579167335398e-01
9.927313592002121601e-01
9.815883758414618576e-01
1.010048405308018094e+00
9.819145781551555929e-01
1.015792020026520914e+00
9.873437638023625507e-01
9.881443750734331122e-01
9.909395203392119544e-01
9.877864575904330424e-01
9.986981200208563392e-01
9.937436219815091176e-01
9.897191760369946634e-01
1.002481820313365191e+00
9.969657941019097747e-01
1.035578669302994470e+00
9.943446744363643175e-01
1.004199129388481326e+00
1.015890875466570753e+00
9.994400294605975121e-01
9.928998193722113896e-01
9.841148774670903654e-01
9.676853151284168231e-01
9.962659968923295306e-01
1.016108935778192279e+00
1.006692120601307083e+00
9.833837326695724634e-01
9.914682070992651974e-01
1.018423888898992935e+00
1.003109158558779246e+00
1.011144214422408982e+00
1.045055440102110378e+00
9.845633213037787712e-01
9.937899672895670333e-01
1.003231183257738524e+00
1.007372756769797650e+00
1.014662600247774771e+00
1.013798969445112164e+00
1.028456176900572672e+00
9.849952005591944282e-01
1.044791224832424037e+00
9.881603273159524914e-01
9.737872051530523931e-01
9.941343430682179072e-01
1.021843432036763533e+00
9.877163267446152917e-01
1.012618902536972287e+00
1.022674350828181034e+00
1.008732579725684753e+00
9.749936158938318220e-01
1.032009220700004448e+00
1.002227991064880586e+00
9.815631211170378068e-01
9.760891757024773296e-01
9.959326015816010180e-01
1.016384442099179664e+00
9.657535274335633524e-01
1.011295995783198176e+00
9.868349550294442940e-01
1.014735668233205379e+00
1.018354693473294992e+00
1.000707547735978364e+00
9.860643960892582216e-01
9.885063780393847921e-01
9.975244023000519045e-01
9.447102498501582790e-01
1.014690029243467295e+00
9.988961517086270003e-01
9.785924606037842421e-01
9.617314790245580225e-01
1.015672120662591382e+00
1.009970559180869421e+00
9.963166539795128562e-01
1.015618415103607397e+00
9.735827807109973531e-01
9.925206212387722715e-01
1.034472150234318377e+00
9.767497127743577368e-01
1.004770507072667574e+00
1.000495353014753785e+00
9.921619859256417540e-01
1.020463166523370990e+00
1.000419024810788704e+00
9.891211229636533986e-01
1.011303829234747154e+00
1.023802660494183003e+00
1.024868991878863156e+00
1.015464440362776166e+00
1.003746362705539408e+00
1.000106187945562830e+00
