# data in one-minute intervals
1.004880495653706740e+00
1.035305338792750218e+00
1.041617049930869010e+00
9.716723004517068274e-01
9.586954496806603387e-01
1.013138721485219218e+00
1.014503264574896146e+00
9.837356663850238547e-01
1.008527824284008334e+00
1.005217715212590068e+00
9.840382795784161640e-01
1.019417750834746172e+00
1.005871198740611261e+00
9.960932761631106080e-01
9.913821474368436082e-01
9.813551288041575393e-01
1.012204633162067990e+00
9.925754246188573937e-01
1.036511703705738308e+00
1.003259030787036155e+00
1.008534999846926850e+00
1.017825057841200032e+00
9.847465654927669565e-01
9.739418011000746667e-01
9.960138274862184726e-01
9.980496901279659605e-01
1.012505569876616329e+00
1.001219989837892399e+00
1.022715790526537605e+00
1.006592856744790598e+00
1.014659398103247012e+00
1.029379517469811933e+00
9.982175408664675231e-01
9.955931715792053494e-01
9.866662409521834709e-01
1.000591225522699634e+00
1.004114124971602573e+00
1.064162843903359912e+00
9.753125214854304614e-01
9.921871642114743484e-01
9.614211590304186927e-01
9.729952075970708103e-01
9.873915275572925365e-01
9.800953267325648310e-01
9.961390926614075436e-01
1.005807701301730139e+00
9.791745918255091441e-01
1.008444428168375762e+00
1.026547916098471180e+00
9.757985049858812765e-01
9.705143756646407160e-01
9.958029974663504813e-01
9.809329023988022644e-01
1.002224673501601382e+00
9.984796469820720333e-01
9.977599647149870687e-01
9.972998971116376898e-01
1.002988163858190562e+00
9.880929403447468173e-01
1.038917237432560592e+00
1.047826872914509710e+00
1.036462392788642939e+00
9.994369343312820009e-01
1.016984113096655706e+00
9.672509402787320409e-01
1.015054106608962670e+00
9.859306551240646366e-01
9.797826054135365670e-01
9.899952003118482891e-01
9.876059906995505733e-01
1.008903178182802396e+00
1.000630855974130373e+00
9.673846937536557666e-01
1.006337410165117907e+00
1.018367656957754219e+00
9.734632078988584292e-01
1.003638486427906429e+00
9.961968266794459792e-01
1.024208333544739613e+00
9.864763654481575328e-01
1.006180869154688517e+00
9.752186815452401625e-01
1.031928538337533841e+00
1.011409695010102361e+00
9.607296989429929823e-01
9.732221918114216663e-01
1.021703292792204287e+00
9.672312315426668805e-01
9.964784586724669824e-01
1.029961970932283144e+00
1.029205180815692344e+00
9.781619028396134619e-01
1.022433923224999486e+00
1.001278523608823523e+00
1.006380564850601012e+00
1.018093188786105774e+00
1.009106659507246651e+00
9.720202858809555702e-01
9.816410767093894929e-01
1.011730308863969752e+00
1.019981228430371756e+00
9.734220227636416478e-01
9.480119464698135712e-01
9.951493210568126413e-01
9.806744248161197719e-01
9.663169791130299391e-01
1.024204066314683859e+00
9.894407331434343922e-01
1.009160992466260565e+00
9.713489289089974887e-01
1.005128621460727567e+00
9.888921366733198770e-01
9.792900368642351028e-01
1.015275725445766053e+00
9.790319061039972626e-01
1.018934873952903386e+00
9.578476935404945936e-01
1.017690869483844018e+00
1.020723445053154155e+00
1.020709808549585595e+00
9.428792654318696176e-01
9.821192356397699941e-01
1.019245738193103490e+00
9.599473345362332655e-01
1.005873057997651587e+00
1.023881136905639089e+00
9.937428132835374184e-01
9.875130692168127000e-01
1.053187976079333898e+00
1.000398597118522970e+00
9.616167171810017233e-01
9.789914813366289437e-01
1.027926024286420770e+00
9.857640151077016188e-01
1.020834634120642015e+00
1.015631657551802070e+00
9.968498248908266302e-01
1.002016869407416300e+00
1.003591183516075791e+00
1.022224091498180165e+00
1.001822653040535416e+00
9.671065755808222475e-01
1.024164610241692586e+00
1.010332033108016780e+00
9.865345757408174876e-01
9.920289576496862383e-01
9.934362606153557262e-01
1.013597272584767950e+00
9.865007794010506315e-01
1.012150283257343464e+00
1.006262094494324577e+00
1.014156060752152255e+00
1.008891753878445208e+00
9.836536814417837782e-01
1.024314703627427603e+00
1.001417816321514609e+00
9.853874217046174611e-01
9.726311704872657726e-01
9.948387914382127439e-01
9.860978762855281410e-01
1.027459835952041267e+00
1.007862209058498992e+00
1.010478189815470440e+00
9.752443900604387261e-01
9.567331789331748881e-01
9.935532545001086735e-01
1.001415335248760696e+00
9.678804975475705508e-01
9.882342254109435231e-01
1.043567404175004265e+00
9.760067320434517857e-01
1.011324987036712253e+00
9.824891260479253763e-01
9.948369642722967310e-01
1.009166351757589064e+00
9.985480374331308084e-01
1.012971395868208280e+00
9.702467224082548247e-01
9.864877257066603233e-01
9.838714575815651342e-01
9.905481447738748724e-01
9.993810494322324933e-01
1.004572320752471937e+00
9.715632123915175500e-01
9.867209730476664831e-01
9.760473692577767979e-01
9.623694463420930933e-01
1.000714638799117484e+00
1.001761508105689202e+00
1.004179510718884449e+00
1.043369543208706229e+00
1.024109659555214380e+00
9.995656748650725287e-01
1.001986591153334771e+00
9.901302861772840469e-01
1.005771724102798359e+00
1.030122331950614756e+00
1.004586655717569332e+00
9.731753428674136952e-01
9.987413336009213216e-01
1.000837398835875414e+00
9.879583233490741856e-01
9.956081585134641809e-01
1.024720709259874241e+00
9.864648728869006566e-01
1.011880529256300676e+00
1.005376180799321562e+00
1.014419490676411240e+00
9.899632443701235074e-01
9.806328403608588484e-01
1.002446790539445409e+00
9.884176941945100880e-01
1.014748433831696772e+00
1.020963306221325695e+00
1.012791744254512238e+00
9.923360720779804689e-01
1.016734889905160699e+00
1.016978315921381437e+00
1.025271634217508554e+00
9.834938122081265943e-01
1.006962986693129336e+00
1.004222520186085932e+00
1.009771136094955946e+00
9.924314742318981475e-01
1.001027783070471910e+00
9.650805028454150225e-01
9.851497238852324756e-01
9.780512150921776282e-01
1.046880869158121730e+00
1.006578841908841282e+00
9.666750232519674135e-01
1.001422226314218067e+00
1.006258317445723360e+00
1.002502456180876633e+00
9.692512694250746685e-01
1.012493697669524462e+00
1.002677550780556315e+00
1.023352507637294462e+00
9.878165244668863920e-01
9.722842827496257501e-01
1.014860650685349031e+00
1.004205447532410256e+00
9.805233367096471975e-01
9.822523434166926526e-01
1.000496010207626574e+00
9.715281407518479018e-01
1.004077501160064001e+00
1.027206224514217281e+00
1.010363349560392976e+00
1.011930627534126659e+00
1.012966538024417940e+00
1.012780680067925765e+00
9.862019701323939680e-01
9.667087942659162714e-01
9.878052447972291983e-01
1.004321998184719122e+00
1.038384609643082213e+00
9.757788085693924751e-01
9.987692235910254901e-01
9.787149008669839834e-01
1.006932035000857262e+00
9.790186226463045704e-01
9.729053515182746192e-01
9.887927868132460052e-01
9.871949089553118117e-01
9.783226347824961477e-01
9.842725643439098615e-01
1.026858249637976561e+00
1.008240784932259215e+00
1.030903673710398483e+00
1.008181575953787101e+00
1.020069590331535547e+00
1.052200864576239736e+00
1.029658251952926706e+00
9.684032426567035223e-01
1.027504794382512188e+00
1.006690695153194426e+00
9.791665028207637844e-01
1.004014313816983472e+00
9.962055279863887280e-01
9.801342199818136036e-01
1.019521051303817094e+00
1.000045823964643477e+00
9.934183833679384179e-01
1.014654694226348797e+00
1.005234511525731289e+00
1.005995003863705994e+00
1.005057909595643784e+00
9.965124441164887603e-01
9.940657761179420016e-01
9.660405417133240968e-01
9.927877485636111832e-01
1.067030707020549585e+00
9.534080119798028496e-01
1.025898791805247345e+00
1.019169502900784563e+00
9.842242887222190095e-01
1.018578340361515400e+00
1.002847443326407628e+00
9.707966893470052483e-01
9.825380143302000491e-01
9.470967663981231244e-01
1.003032083490162929e+00
1.021882875311592942e+00
1.014440122109131259e+00
1.017444901291126413e+00
1.037345316242643811e+00
1.007945723410132333e+00
1.008517063724639673e+00
1.021738361130966277e+00
9.580853865018965632e-01
9.870505582653416043e-01
9.739154797643009287e-01
1.023732484782492236e+00
9.996576149741888129e-01
9.936469333525215220e-01
1.032764491625956405e+00
9.656096983614658180e-01
1.006039701279958676e+00
9.885819298696577606e-01
1.044525899715052608e+00
9.719666174867391817e-01
1.001325981996779246e+00
9.862713337188008245e-01
1.001842968086864127e+00
9.848854191239164724e-01
9.950039629186930856e-01
9.834010521282174899e-01
9.917978328060823578e-01
9.955827761982353197e-01
1.038829125455088764e+00
1.023978029955246338e+00
9.977601120648376121e-01
9.896901863587534987e-01
1.023117134103966652e+00
9.769656338255915395e-01
9.888545573865497040e-01
1.025052056206188444e+00
1.006541363339914730e+00
9.849810260341572699e-01
9.906597122827450752e-01
9.871990137054842407e-01
9.747745969398999843e-01
9.946829497099055617e-01
9.841026889263805311e-01
1.015345369804037778e+00
9.883418906150192029e-01
1.014474700108576544e+00
1.014426008180392413e+00
1.000668728502773552e+00
1.006568543325922827e+00
1.006754982196625736e+00
9.894954761372031227e-01
9.695837655091249507e-01
9.917907278349314959e-01
9.889802312827586928e-01
1.014475173962314569e+00
9.841240935013915170e-01
9.761589749642212155e-01
9.873784738572748410e-01
1.039029067219231939e+00
9.863759959950162415e-01
1.003934866370821188e+00
9.915304740220366453e-01
1.023810435494626025e+00
9.972703877793042126e-01
9.705615518175553236e-01
1.017534957131334572e+00
1.009079128171603612e+00
9.830986175686101669e-01
9.683607575503048182e-01
9.932607063754032017e-01
1.018828381174166076e+00
9.823388868534324025e-01
1.013735120983889404e+00
1.012503821643340851e+00
1.015657485829052131e+00
1.035165823026899856e+00
1.034211956188062942e+00
1.017015057260211464e+00
9.686656287162422885e-01
9.927486972185006753e-01
1.003646841390936517e+00
9.807442673742928774e-01
1.015851924393981420e+00
1.006182484680199440e+00
1.005843130975266453e+00
1.004081914577072299e+00
9.809752015324992858e-01
1.006672501699692690e+00
9.928958303551447262e-01
1.026845003867429718e+00
1.002762357370771351e+00
9.980391176004150822e-01
1.031265960397447445e+00
1.011507023220851620e+00
9.914599646120282328e-01
1.007350702100221485e+00
9.680850712950415105e-01
9.810397125295332588e-01
1.010813965748668330e+00
1.037188109213867948e+00
9.821389073997837116e-01
9.821071543631324507e-01
1.035311596628886610e+00
1.024783777937605000e+00
9.831697780309561763e-01
9.892158622523451461e-01
9.974085508279136869e-01
9.948260385314960930e-01
1.011298999725102954e+00
9.665998176372652129e-01
1.000401361713371573e+00
9.848856041850615473e-01
1.001426976843963645e+00
1.004500065670258291e+00
1.021177538248734695e+00
1.015982022789060135e+00
1.009211135219955757e+00
9.785726222634830718e-01
9.829551030246935772e-01
9.929604658420103647e-01
1.011374610171598354e+00
9.944997838900334619e-01
1.035450122926394378e+00
9.779833503924482141e-01
9.933042619385054062e-01
1.016334134950636958e+00
1.008911107664365980e+00
9.891456722740870067e-01
9.996345611041079771e-01
1.002500958648172791e+00
9.798920887613475905e-01
9.790199696067507507e-01
9.975369641206264237e-01
1.028652977067809227e+00
9.828458432680503565e-01
9.858579798642755909e-01
1.028718824182921265e+00
1.003072270370344965e+00
1.020519794167054073e+00
1.003489726950714811e+00
9.678242503719919343e-01
1.003851704068584594e+00
9.613937140491293221e-01
1.046682305978659633e+00
9.976633933765022277e-01
1.023231347213995557e+00
1.006502538925675205e+00
1.035547583357998791e+00
1.014592918284124012e+00
9.865098484370411480e-01
1.000084717060666373e+00
1.000265282270758949e+00
1.028934033594595121e+00
1.036978618032790234e+00
9.871251157856817393e-01
9.901262944452048353e-01
1.037218308744364936e+00
1.029587622394311675e+00
1.000283704147173935e+00
1.018294998751988034e+00
9.849893402953884269e-01
9.840799531279379453e-01
9.863145037631175782e-01
1.025665835830227079e+00
1.011228306663045196e+00
1.010709626365927205e+00
9.504175477154649387e-01
1.000459324319046273e+00
1.016370633568425275e+00
1.015862087814116022e+00
9.728781988649061185e-01
9.995226767492869646e-01
1.016229628889095515e+00
9.889530486504951590e-01
1.031287620606244015e+00
9.913482992800066729e-01
9.986334580383781079e-01
9.973994679243367578e-01
9.876533780332257262e-01
1.009164190564183050e+00
9.668963510414257945e-01
9.706945381837627229e-01
9.991923929790650361e-01
9.874369997779710584e-01
9.941997884629527604e-01
9.914892285692531448e-01
1.019887000369387176e+00
1.005425160792917882e+00
9.884461382712043109e-01
9.977797998832492743e-01
1.023457676523724214e+00
9.926332236026607081e-01
1.005337981011743098e+00
9.643768750906254184e-01
1.000506378860244405e+00
9.795619429466390082e-01
9.833482150038069802e-01
1.033838479783224296e+00
1.021808009371600212e+00
1.009967157560788920e+00
1.003768313849445537e+00
9.835166000342067116e-01
1.023660390243984253e+00
9.896283679085604579e-01
1.012372234184439668e+00
1.019312722427071716e+00
1.028533593211989450e+00
1.015902490072885467e+00
9.994467648904314938e-01
9.669495054903566311e-01
9.663526697594420067e-01
1.013386580117265678e+00
9.861312317075716649e-01
9.814923449738727212e-01
9.974404988888991852e-01
9.839999990135440688e-01
1.002792307214136480e+00
1.010825943059090903e+00
9.835758902459700304e-01
1.001324157220467415e+00
1.011876690491440911e+00
1.005013419031438593e+00
1.024339932419086052e+00
9.849951918158873498e-01
1.010293452295951910e+00
9.877561298686393654e-01
1.017942377364233542e+00
1.004558582990638937e+00
1.009875712814338078e+00
9.826655539264059769e-01
1.037241097812780621e+00
9.898243567714564151e-01
9.917782839035736986e-01
1.012817722300065837e+00
9.649740311652933444e-01
9.960105706606969811e-01
9.647992340809627976e-01
1.024525809140994337e+00
9.832317293783991996e-01
1.007143768122601646e+00
1.007403737099373586e+00
9.807684810434467160e-01
9.719333258597100400e-01
9.866903635304534737e-01
9.863239812364903436e-01
9.731209136406687721e-01
9.974994058746540215e-01
9.954381463444565981e-01
1.022531757843987865e+00
9.852816420020620303e-01
9.763730121952575169e-01
1.020837816717777846e+00
1.008458048607751900e+00
9.705700765749371017e-01
9.920226515801069400e-01
1.038204398303956832e+00
1.020727161518651727e+00
9.756484552569998359e-01
9.906033416628438060e-01
9.841740559132863275e-01
9.958872767235805723e-01
1.002736776614352010e+00
1.007962850797917698e+00
1.023152880896748051e+00
1.026054313858234979e+00
1.037197872155544376e+00
9.948413167329280826e-01
1.028186905009356611e+00
1.003028659962628577e+00
9.906724958930743785e-01
1.000470850664044509e+00
9.881170102166360047e-01
9.983191501127506307e-01
9.933943562215080680e-01
1.015785187569588466e+00
9.990340410463093290e-01
9.829257964606320508e-01
9.977973343542919649e-01
1.010085083411415008e+00
9.828745115298846979e-01
1.022982457796880018e+00
9.524902237804726557e-01
9.989259232841282143e-01
1.001943746485171705e+00
1.016255325091153017e+00
9.856150234545463240e-01
1.005604847459490303e+00
9.802051545381422759e-01
9.960140561878831900e-01
1.027964476616094025e+00
9.889511373460760923e-01
1.013746530985502270e+00
9.887529997782227298e-01
9.953010345422463878e-01
9.941859424783614507e-01
9.978292891330897696e-01
1.011342339295222104e+00
9.836841714266011394e-01
1.006335312581165820e+00
9.975657891219690265e-01
1.031337169220562400e+00
1.003018512318133437e+00
1.032996153721431831e+00
1.023167975901170035e+00
9.943067108555632139e-01
9.819639510144876349e-01
9.678687680048940756e-01
1.001090673538077791e+00
1.019096017252016706e+00
1.014426315521101296e+00
9.420141907637290535e-01
9.869237735005670364e-01
9.948658471593464503e-01
1.016536527387387645e+00
1.001308987260709271e+00
1.017097558173713390e+00
1.007927759948491042e+00
1.009150792063251423e+00
9.707307583511994853e-01
9.717739216822873782e-01
1.000038478592429003e+00
1.000674050171490359e+00
1.015076555656645230e+00
9.976017144686306626e-01
9.741481808825538380e-01
9.980636376891526274e-01
1.017079880924790958e+00
1.037406046645192870e+00
1.027355584445591719e+00
9.902520131020491334e-01
9.800446889135534523e-01
1.019933694001982305e+00
9.866779094396558314e-01
1.010261476000417824e+00
9.976107797585282988e-01
9.968418252915803857e-01
1.018680070966509144e+00
9.868182863404162397e-01
1.030908088003193779e+00
1.007548092774994686e+00
1.035524182282665073e+00
9.749962202320219262e-01
9.945439665662325623e-01
1.003216750894093456e+00
9.968768032440465943e-01
1.028535140184409613e+00
9.978664213834749219e-01
1.009982555543823324e+00
1.029212003874880876e+00
1.037132660780553772e+00
1.004860973187428286e+00
9.645412354980101854e-01
9.962657763156623769e-01
1.005347951585383148e+00
9.762177821517721288e-01
9.694775821608043742e-01
9.909344471238761276e-01
1.021844539522765993e+00
9.973869082072341907e-01
1.008301544273106254e+00
1.018502809185185765e+00
1.036260366193031190e+00
1.006540774959686191e+00
1.030323120817910665e+00
9.932740742724226468e-01
1.034711706022828359e+00
1.005735703592265828e+00
9.831278238063255737e-01
9.650386678471825075e-01
1.010843958118695651e+00
9.898568919501969932e-01
9.965557155413627966e-01
9.732711485836698095e-01
1.024003796245769982e+00
9.965848603321453281e-01
1.033364926026562935e+00
9.986040171940488985e-01
1.008586188149769525e+00
1.007299764354779636e+00
1.005206297127016146e+00
1.038730791393274622e+00
9.993575164072876493e-01
9.720744140130577193e-01
9.839387889196504755e-01
1.004375443912564947e+00
9.633243920066227872e-01
9.884402116362851487e-01
1.006060364394276041e+00
1.000910634269664312e+00
9.861718284285039271e-01
1.012942963850919309e+00
9.929815205019660862e-01
9.848104530128868328e-01
1.018265340396645069e+00
1.040541159209894984e+00
9.951752215828424397e-01
9.981088660346343344e-01
9.841366434364100524e-01
1.017882975637966148e+00
1.001224078711079768e+00
9.729241600544359381e-01
9.916920297835155607e-01
1.011287730398319429e+00
1.010072352774694426e+00
9.764932656456625226e-01
9.928956939194235609e-01
9.716047975165896800e-01
9.933153710231903410e-01
9.967849701813965568e-01
1.006754327032669094e+00
9.728384891275834168e-01
1.021506498529201501e+00
9.867279635463679366e-01
1.043301634224817809e+00
9.816267468819521724e-01
9.851401782354251013e-01
1.006328607049503443e+00
9.883288077427516694e-01
9.857371615692083200e-01
1.013617155277178661e+00
9.844363692673379074e-01
9.675316646321694414e-01
1.008325166719664878e+00
9.767029348920688303e-01
1.005953952086617864e+00
1.011961577358251763e+00
9.739043086505099200e-01
9.767689842800608702e-01
9.929866179949244920e-01
9.983252297415698973e-01
9.976762304282413840e-01
9.624944044795130660e-01
9.665687018245212592e-01
1.048384212472363242e+00
9.998881549171103611e-01
9.873376608874467886e-01
1.012875038425485208e+00
9.790262736356581952e-01
9.904455628146955348e-01
9.820997157980644321e-01
9.696973579138585819e-01
1.004547608549934523e+00
9.839469434364801481e-01
1.002260463129065471e+00
9.900008131522209931e-01
1.016408489172271334e+00
9.958889621412663207e-01
9.907538534520091700e-01
1.028442371940937239e+00
9.902541333579376603e-01
9.938953990237895386e-01
1.017317032675647770e+00
9.697985482678969094e-01
1.033373549269577918e+00
1.010353009517985567e+00
9.735422963044860767e-01
9.662517083935014961e-01
9.715333025979474568e-01
1.002431712421321119e+00
9.783462640495828033e-01
9.991150060032615299e-01
9.824289022605233734e-01
9.543459276874345365e-01
1.019307698808752161e+00
9.834398596514839497e-01
1.003028874890550926e+00
9.620739961050260858e-01
1.000565101806728308e+00
9.712199380972416085e-01
1.014823377878988131e+00
9.793160956288221586e-01
9.778820045054540389e-01
9.919424992217473758e-01
1.012029275997895938e+00
9.910702149410989259e-01
9.849098276600873891e-01
1.003867852897867285e+00
9.873474638704877737e-01
9.877452336823596690e-01
1.017437770378122108e+00
9.951611568570116750e-01
9.805289891545847514e-01
9.869750621068950069e-01
9.677867080138191636e-01
9.689756179963873173e-01
9.756024347735997582e-01
1.006765785595898022e+00
9.869692824617511961e-01
1.032486962085051418e+00
1.023015881158272133e+00
9.677020890224401484e-01
9.770219338279410026e-01
1.020225907129287624e+00
1.037783860048162810e+00
1.016151035306429362e+00
9.676869866858184288e-01
9.965184026386890714e-01
9.979234193700825539e-01
1.000448306043881130e+00
9.850053616461802442e-01
1.014316645573030362e+00
1.003268147262341481e+00
9.671749088598398103e-01
9.981982274774204855e-01
1.035356942414935588e+00
1.005603762869618389e+00
1.027651479550772518e+00
9.661673733519967611e-01
9.736178177686158897e-01
1.001800285810586333e+00
9.913748576818224301e-01
9.608890933206106766e-01
1.023334018375417820e+00
1.025618634865583578e+00
1.011290084964541203e+00
9.925384455936838712e-01
9.950386399818921257e-01
9.676993956406476638e-01
9.839772774143422662e-01
1.027325386788228601e+00
9.820035349309738093e-01
1.013280630727772191e+00
9.522774905338567963e-01
1.001517864224435561e+00
9.987451533724733821e-01
1.011913498702713632e+00
9.935370808111225749e-01
9.950620302479582513e-01
9.875737135019763135e-01
1.014444548210596153e+00
9.935941511186279218e-01
1.008595901974055575e+00
9.661376766171575481e-01
1.010980028012237630e+00
9.973681388678544701e-01
9.832335693645960495e-01
1.017259206553660977e+00
1.026804013182286646e+00
9.821965862860247976e-01
9.596147278430111616e-01
9.969282738673905797e-01
9.971849911319323745e-01
9.894834825407883283e-01
1.001707168894206745e+00
9.564177303222517468e-01
9.695054459025740368e-01
1.017211432242026259e+00
9.927113167494057144e-01
9.904813186061502961e-01
1.013577866397732397e+00
9.872469069501766947e-01
9.783507483420753603e-01
9.940827642452080282e-01
9.958448412196021504e-01
1.007987390665534333e+00
9.589189995902570596e-01
9.802408005367411192e-01
1.001790172315764949e+00
1.003748228464776959e+00
1.009040940234819494e+00
1.001462754110260311e+00
9.766474442600273642e-01
1.007849519510773284e+00
1.001895454516638972e+00
9.825793102139889212e-01
1.047801468218739984e+00
1.005113820923340118e+00
9.977366971098099446e-01
1.004708527294092768e+00
1.001972243906551485e+00
9.981812728681508373e-01
9.911286372891494612e-01
9.681457338713937988e-01
1.012720701775863930e+00
9.852860677505024256e-01
9.718302895093189342e-01
9.867332944658558924e-01
9.804787345905012774e-01
1.028081872495187676e+00
9.988025065545319547e-01
1.015466602078712866e+00
9.846528080196015331e-01
1.029177252755580696e+00
9.596658576017491615e-01
1.029331200342856745e+00
1.024611216465874053e+00
1.006883146689166342e+00
9.910175680035665513e-01
9.825368608418225680e-01
1.037068468596986426e+00
9.797550176174748549e-01
9.757119835713322642e-01
1.033635235483141290e+00
9.760947642067526742e-01
9.935384530027516758e-01
9.932496800561635419e-01
9.808929282318600285e-01
9.945893813649261395e-01
9.904352844316052229e-01
9.574488104267523392e-01
9.848184238829225112e-01
1.002943192698679820e+00
1.016823182575064211e+00
9.769329286697430170e-01
1.000248193961712939e+00
9.880254298623787346e-01
9.971163014031109162e-01
9.747635789934618877e-01
1.001090678110839516e+00
1.019196693380863827e+00
1.008258441059200150e+00
9.868650204500254430e-01
1.004162664678941663e+00
1.013121072396133471e+00
9.543937152595822759e-01
9.883178718294404197e-01
9.841439294894260836e-01
9.994049981203231292e-01
9.693709640621614998e-01
9.802820854282289220e-01
1.019089533938085435e+00
9.510027441404553805e-01
1.027107845512648776e+00
9.758319712047927030e-01
9.935173725002076628e-01
1.016082528927279016e+00
1.007660533864654040e+00
9.713933353545736171e-01
9.919805761034043989e-01
1.008466410030911087e+00
9.981602931263793277e-01
1.006723363450488407e+00
9.976946709492284793e-01
9.607540669300271841e-01
9.791638402070390601e-01
9.894136233085356613e-01
9.577451941458468010e-01
1.002454440566114657e+00
9.781258511757279228e-01
9.816252018804995094e-01
1.061138747021508122e+00
9.975138286358117279e-01
1.007240015666447608e+00
9.932388618219489818e-01
9.718207893103898432e-01
1.011356579953250900e+00
9.740060666913158416e-01
1.025265202068427861e+00
9.782283355479755027e-01
9.741554618235913621e-01
1.023578489108094125e+00
9.775837990781813813e-01
1.010975742836638824e+00
9.740078304607193704e-01
1.003334447868388768e+00
9.977816186915605678e-01
9.976382791780687986e-01
9.793326058564423287e-01
9.585223011418765315e-01
1.031467729722206128e+00
9.563878880594794962e-01
9.784397417792217722e-01
9.934100527279279280e-01
9.998809955907607128e-01
9.951750658250587689e-01
9.917505157097225021e-01
9.993636266503482801e-01
1.020751686364101962e+00
1.015558703036502086e+00
9.675523806945669492e-01
9.885943934143555101e-01
1.024371017171261666e+00
1.005627027416471808e+00
9.747095171743755948e-01
1.007889965709178881e+00
9.716078927350458860e-01
9.809705197512900154e-01
1.017213123886440806e+00
1.000328608251521922e+00
9.925767249134489489e-01
1.014903359135859162e+00
9.963017045473779865e-01
1.010586904870441005e+00
1.005776336120711933e+00
9.946998319083245610e-01
9.793292114379171798e-01
9.792075988991494340e-01
9.988805748253372085e-01
9.796514962648716907e-01
9.796881738187690480e-01
1.013261740563095481e+00
9.892371906889917410e-01
9.982137998585107752e-01
9.873687589074974236e-01
9.835462589803835032e-01
9.372901831465401123e-01
9.895631732570840944e-01
1.005374669895946482e+00
1.008454704036362726e+00
1.029188613177372202e+00
9.922516705032380369e-01
9.851924525480965089e-01
9.860493251609188103e-01
1.034231477669517174e+00
1.007808332186378442e+00
9.789417286222372727e-01
9.980032565315309911e-01
9.888717979409124004e-01
9.958839778486566763e-01
1.001148035997013963e+00
1.015043827023371259e+00
9.767241173523999453e-01
1.007793170942975047e+00
1.001267573860119553e+00
1.006679367124044600e+00
1.001497601715289454e+00
1.031823184963166939e+00
1.004659770693884679e+00
1.003171835587388205e+00
9.717158294848889932e-01
1.008418983663039947e+00
1.005532022887609234e+00
9.957620613162567746e-01
9.960694246174495170e-01
1.012757221758331161e+00
1.005465151223207565e+00
1.013625314342990968e+00
9.912065128117818480e-01
1.015411743827314250e+00
1.031500530285520023e+00
9.984882691891735496e-01
9.636717927704205877e-01
9.983234004630894276e-01
9.925677703079256453e-01
9.927365630554418896e-01
1.022492725667962343e+00
1.035226206186814935e+00
9.881098067247925387e-01
1.024456339038712915e+00
9.572759999489193206e-01
1.039234291494803397e+00
9.841214399067528262e-01
9.976682561867835641e-01
9.885049239215016881e-01
1.002557777198359146e+00
1.021307703158981894e+00
1.037169047818881973e+00
1.019773170919054284e+00
1.024237657506872345e+00
1.018691499091383346e+00
9.960385058363632194e-01
1.009173607089706826e+00
9.700178144039056649e-01
9.936906645342259425e-01
9.931163310707223912e-01
9.793665970344452854e-01
1.023579610629805625e+00
1.017202819882499387e+00
1.002380571444645208e+00
9.957953359195029774e-01
1.016028287687126053e+00
9.855740458342412413e-01
9.755875977868471161e-01
9.782321184342427367e-01
9.790191726052870358e-01
1.010054640104901980e+00
9.940991663540430512e-01
9.863196385477830397e-01
1.003167079235224746e+00
1.002203495060546956e+00
1.018377176781135152e+00
9.720041296267588615e-01
9.873124596826893251e-01
1.013547306028463879e+00
9.982909730520401759e-01
1.009275811822468505e+00
1.061902733067014992e+00
9.978793458075880807e-01
1.009191296870027177e+00
9.922311225715083616e-01
1.001236205179694805e+00
1.039541410611132477e+00
9.871543537316284089e-01
9.922292072048692901e-01
9.904458101519151292e-01
9.731381246834378551e-01
9.971595808892016466e-01
1.027078269251492593e+00
1.055986519128673251e+00
9.774130805103283803e-01
1.020121573725317532e+00
1.019592573879717579e+00
1.024620607064563815e+00
9.854132752412979590e-01
9.970880628200218254e-01
1.013681818346453767e+00
1.001824815416389347e+00
9.839247096338988863e-01
1.001247769361220508e+00
1.010947026696643825e+00
1.000107164177747254e+00
1.013790371622662612e+00
9.914130745817149037e-01
9.997704671031776291e-01
9.778928736596008697e-01
9.954084979866705263e-01
9.800470070940315859e-01
9.955118374620047783e-01
1.036923113477132619e+00
9.895248661609620244e-01
1.030553756246460395e+00
1.033363635474286113e+00
9.987052027707272739e-01
1.023672223199372011e+00
1.005521814661144875e+00
9.983538473565279903e-01
1.023139988858422500e+00
1.006470586963491343e+00
9.784595531826946191e-01
9.792317670673287289e-01
1.024398628077245688e+00
1.010020707177174071e+00
9.721260211228950343e-01
9.761336279843524366e-01
9.679267189167658492e-01
9.928389661632233132e-01
9.955105664768009177e-01
1.012679349499107540e+00
9.965018359701999229e-01
9.909473908475597836e-01
9.780980293512731016e-01
1.001595458744767742e+00
9.983844245900922454e-01
1.018207598353723320e+00
9.888087981766860990e-01
1.038535290013701040e+00
1.001162601258800855e+00
9.936077298893578602e-01
1.005836761653426947e+00
9.988943332611500692e-01
9.974882017936917977e-01
9.905308077429350044e-01
1.005716873198287509e+00
9.849321077279886705e-01
1.009734343776214072e+00
1.022112602249209079e+00
1.011474794954162926e+00
1.021738296781879773e+00
1.008861559117419260e+00
9.793250669698032596e-01
1.023037630823544930e+00
1.027629688390153895e+00
1.019737216414467129e+00
9.965846075223208089e-01
1.008675224326414543e+00
9.875288694364221520e-01
1.046047864659545912e+00
9.937520437491729197e-01
1.020100351367885905e+00
9.898912373595788461e-01
9.885414758942424607e-01
9.767604260891741275e-01
1.010393617104987873e+00
9.840348675024680469e-01
1.008686527763236418e+00
1.003252045863872954e+00
1.007585356720110292e+00
1.034399976889338379e+00
1.021022070105029433e+00
9.932704166911171528e-01
1.022633741528242490e+00
9.621935701622666981e-01
1.031003272094314305e+00
1.026133047273622090e+00
1.041196395876650138e+00
1.018364805200022261e+00
9.850244767192052331e-01
1.026762170585649336e+00
9.941906454906422885e-01
9.849941967369190143e-01
9.917450360482533700e-01
9.876849295681574548e-01
1.039303925048079114e+00
9.906687267770131200e-01
1.004469718638614895e+00
1.008757034734430569e+00
9.797947875558621345e-01
1.030021396955895341e+00
1.031362732602112420e+00
9.581974048528145715e-01
9.824834952020632395e-01
1.013709693772760767e+00
9.867004475551034437e-01
9.758452703105721104e-01
1.037204537484886613e+00
1.023737476979849736e+00
1.008469741443799528e+00
1.015918361883781484e+00
1.015568044366466083e+00
1.010066825626612763e+00
1.004357326347794510e+00
1.020582939368099407e+00
1.045185857030910714e+00
9.907868677389232159e-01
9.927564101870218760e-01
9.851866928201790108e-01
1.042659274186223950e+00
1.026545624834632964e+00
1.000288669221468307e+00
1.006747286270594177e+00
1.028044095982195483e+00
1.011660769654813219e+00
1.027895762841120941e+00
1.012454163389888695e+00
9.934751912396152518e-01
1.011153510196364902e+00
1.010479053230538993e+00
9.686604200083157590e-01
1.019265627799248675e+00
1.017539179819344719e+00
9.685486699930969667e-01
1.042548713115091230e+00
9.966145390275252813e-01
9.923391781805713796e-01
1.042859098260920270e+00
1.004518485321354904e+00
1.005330605930592869e+00
9.978850350529211433e-01
1.046350417343220096e+00
9.912006002965737528e-01
9.814584623748836556e-01
9.926948448618280185e-01
1.004673979856594235e+00
9.804432609442250701e-01
9.823845050864935535e-01
1.005708558303603839e+00
1.006483187168530913e+00
9.722673152519105688e-01
9.827200718763959841e-01
9.888000935710442585e-01
1.013619627861325867e+00
9.811071909370977506e-01
1.013143475044731234e+00
9.830762846246969833e-01
1.033839987917543723e+00
1.060989373050435169e+00
1.021271359592718309e+00
1.000275469362131631e+00
1.008078306830145987e+00
9.863911029815437548e-01
1.010121043945801489e+00
1.007140130022083691e+00
1.019678278486782386e+00
1.014057466291241827e+00
1.015894115171887657e+00
1.011623026009651705e+00
1.023187970714570572e+00
1.013611157235321247e+00
1.006570560089081523e+00
9.909108935475345881e-01
1.011071914178087283e+00
9.981977723653960854e-01
1.023124364236672079e+00
1.014663538414405819e+00
9.716416006941551720e-01
9.964963790025404000e-01
1.020427566290812438e+00
9.579601373460497893e-01
1.005410666564478639e+00
9.849028162870165914e-01
1.035550374894631531e+00
9.845490080595390436e-01
9.901344676434856718e-01
1.005066769229145951e+00
9.915307635799662789e-01
9.997932855385218698e-01
1.014046417857739524e+00
1.032950094847115308e+00
1.025802860367553748e+00
1.014092748610722960e+00
9.838787371470730792e-01
1.018525117990815243e+00
9.909479080282679320e-01
9.862436993737303537e-01
1.001422760004408996e+00
1.001003978518582249e+00
1.019442380039966345e+00
9.932253734719391769e-01
9.888636863263756682e-01
9.813299296339759170e-01
9.842765965875875933e-01
1.028790867078631877e+00
9.787399117542021632e-01
1.009893690973574065e+00
9.767158872710905992e-01
1.005182159136932096e+00
9.801622622893020331e-01
1.010197714413519465e+00
1.015864084995950378e+00
9.767332669935290257e-01
1.004897882605890747e+00
9.927061771306762150e-01
9.570437003770387863e-01
1.036572673275781842e+00
9.584855128297318227e-01
1.011792321186868904e+00
9.659121854374351779e-01
9.929225881467871329e-01
9.959120477928361526e-01
9.952069323029957282e-01
1.020001433898227061e+00
9.988427901471930159e-01
1.006142002784303102e+00
1.008733501828394719e+00
9.743907163952904016e-01
1.007430279893235081e+00
9.936512737682176022e-01
9.872038285833848459e-01
1.022160492836082346e+00
9.955806626676955151e-01
9.858221104398013912e-01
1.015437064332171513e+00
1.019835738069745368e+00
9.874803379221969157e-01
9.940209700769492285e-01
9.944759997474670321e-01
1.005240567570518273e+00
1.009880182196725373e+00
9.912032738442309032e-01
1.019719164621166740e+00
9.852552180814698746e-01
1.007230151990035072e+00
9.644174982977522514e-01
1.013065378827510576e+00
9.950060145504002751e-01
1.011841646633432790e+00
1.010105836828987247e+00
9.833134619977234037e-01
9.992551974034736828e-01
9.751721224390973441e-01
1.002055058429372814e+00
1.025726972268752091e+00
1.014764415335028147e+00
1.026611305139345731e+00
9.895482002416183809e-01
1.034390270798576150e+00
1.004120566486291555e+00
1.001061580794520900e+00
9.732490458394212895e-01
1.022456158101406443e+00
9.657066364226334354e-01
9.838198281600700756e-01
9.968536566293577650e-01
1.002844560033674171e+00
1.019399761460501264e+00
1.008486464823941775e+00
9.902119466253423985e-01
9.749266609954125862e-01
1.023063411232504993e+00
9.966751693035923454e-01
9.996349130220246737e-01
9.958413426804652024e-01
1.007305934721415275e+00
9.758391678192490648e-01
1.009406467692871345e+00
1.031719491832891133e+00
1.005766285443108643e+00
9.911767646602651638e-01
9.961850554663949087e-01
1.017892121300855601e+00
9.874616126718900322e-01
9.763020117424612287e-01
9.707289959951025393e-01
1.000280332406016992e+00
9.893634125753641984e-01
1.026908920581918183e+00
1.033257876885488091e+00
1.025947636007634278e+00
1.013587665500045087e+00
9.695254033160141116e-01
1.015640769117695186e+00
9.991832509188783851e-01
9.996890444260169151e-01
1.018190020400135953e+00
1.003456984957517895e+00
9.805184580555641460e-01
1.005204489009290159e+00
1.014444994392022625e+00
1.009871718790647188e+00
9.851513953622075270e-01
1.014554252998179917e+00
9.884451759742139965e-01
9.983132852038895111e-01
9.579923024296056466e-01
9.776785495881537003e-01
1.012782849671240548e+00
9.886408311736273324e-01
9.601968782812544401e-01
1.031905390820793578e+00
1.021908695297219172e+00
9.732822990547065345e-01
9.920888667697810304e-01
1.027340276804016295e+00
1.007704780127266275e+00
1.008906998764266705e+00
1.019654591632620066e+00
9.959898049665644182e-01
9.768162711286112465e-01
9.913166559538365563e-01
1.021319065390435377e+00
1.020111509537749983e+00
9.858120565204964159e-01
9.726151698806286827e-01
1.004858900402455291e+00
1.018516892493082526e+00
1.004312702812382163e+00
9.639711660417503714e-01
1.012402550844905935e+00
9.896544300973196817e-01
9.817119225765723600e-01
9.858384815359404474e-01
9.464204421503003006e-01
1.002074501574913956e+00
1.010158056454728115e+00
9.732293567334484585e-01
9.892466495627929568e-01
9.871344315962005123e-01
1.018319351865124789e+00
9.807592228459162120e-01
1.003976342685201750e+00
9.708302069233148979e-01
1.029011509640282096e+00
1.022441161641207685e+00
9.933450367036548156e-01
1.017538157960957701e+00
1.012475706832465461e+00
1.040887358683554975e+00
9.942418704128511697e-01
9.954921801629723621e-01
9.886342526702373013e-01
1.013875092376484544e+00
1.006785080527611287e+00
1.004037132778205388e+00
1.007115741286491950e+00
9.792117118434554568e-01
9.928269087263428272e-01
9.759156808525707438e-01
9.949980475314693651e-01
9.685931877322893069e-01
9.931718731209696616e-01
9.788070847492317261e-01
1.002212501872414174e+00
1.022902726227334025e+00
1.003819910627143708e+00
1.023591816181961267e+00
9.705793545293711633e-01
9.904514059336846366e-01
9.930293289275984314e-01
1.010704052156051302e+00
9.989947362115245699e-01
9.885990299876966647e-01
1.014125265906829831e+00
9.905101817752323123e-01
1.007705772062899463e+00
9.941752891153577965e-01
1.035083833314208057e+00
9.947228657202521473e-01
9.938439529227118818e-01
1.003585253411856115e+00
9.930609604117457412e-01
1.035594051327918930e+00
1.002794906935034147e+00
9.629674049264047575e-01
9.758096086106829992e-01
9.845846405563737358e-01
1.010706899663901259e+00
9.889248022594246956e-01
1.036931810083767447e+00
1.024363289745324090e+00
9.853057613969562478e-01
9.872935085346035144e-01
9.952542027611877007e-01
1.002156217815557859e+00
9.923741251889762749e-01
1.022253359167512032e+00
1.018984398104123335e+00
9.973281209551027038e-01
9.866977870991030519e-01
1.015228657319281691e+00
1.016648279659660981e+00
1.005257824675931611e+00
9.979909002759361769e-01
1.011171642769090218e+00
1.004233179648484686e+00
9.924994276585011876e-01
1.000717967417364962e+00
1.016450005932159950e+00
1.003756822308928598e+00
1.019261120911776342e+00
9.781423266172903919e-01
1.022400579677339660e+00
9.729957551019996487e-01
9.969922772155811463e-01
9.692711809642812204e-01
1.006029661752811943e+00
9.853357350536420256e-01
1.019227900861943592e+00
9.623466814408880854e-01
9.908568117115772456e-01
9.949718225674192285e-01
9.849949919707221557e-01
9.983717603923530914e-01
9.624946681396506776e-01
9.595845341194512157e-01
1.004437452152290966e+00
1.004967100612047526e+00
9.885750065603324810e-01
9.966823358541215816e-01
1.009522001876545172e+00
9.904782771503991556e-01
1.018475546788601305e+00
9.819607345493041040e-01
9.910978650194176565e-01
9.993115858333702084e-01
9.885384867434980904e-01
9.941783597202450418e-01
1.007609671077954294e+00
9.826083136122002459e-01
9.812643982249645846e-01
9.852436458705210454e-01
9.867651656261523518e-01
9.930741237191421655e-01
1.009654093639446693e+00
9.724202398728469809e-01
9.881362373647391006e-01
1.028958659828660638e+00
9.978704254473816926e-01
1.018767814567704821e+00
9.978786532461415559e-01
9.921765565299288658e-01
1.014322695249405104e+00
1.026848939166489894e+00
9.923564881196359488e-01
1.000365053569184814e+00
9.928051350243403128e-01
9.984202007176775640e-01
9.940931638991644670e-01
1.000784804766723823e+00
9.834647485515365384e-01
1.013282554386651491e+00
1.006229523119987812e+00
1.003666578351707805e+00
1.006202309839616005e+00
9.956600900169363388e-01
1.019892086924881092e+00
1.025734803448058230e+00
9.661593600063839160e-01
1.013526545152744207e+00
1.012040322531720715e+00
9.982590427586593984e-01
9.855712990303255872e-01
9.583476839453911600e-01
9.899266293629696012e-01
9.777997924052187484e-01
1.017088853996957587e+00
1.014873269937242695e+00
9.940926339697875314e-01
9.754960338449389923e-01
1.002632875473280283e+00
9.944639886367157011e-01
9.826250566019674171e-01
9.978310860738708321e-01
9.969413293461618641e-01
1.063570324946054635e+00
1.016244049629090096e+00
1.024612807456407371e+00
9.855686743568895514e-01
1.032965759469380185e+00
1.011693733407131424e+00
9.907231247605597924e-01
1.005830506942855473e+00
9.642960226821167824e-01
1.013661755942915521e+00
1.012743928039254060e+00
9.938557239711467428e-01
9.945181001097652684e-01
9.906065967979518216e-01
9.909500132349096102e-01
1.012506554499562172e+00
9.783563335823572960e-01
1.017078704012423618e+00
1.019942616414245329e+00
1.000548333462260464e+00
1.018860412000541116e+00
9.719867509394436444e-01
1.029828515647338794e+00
1.011785066410638478e+00
1.007543287709136370e+00
9.751875972162667994e-01
9.577440984094658383e-01
1.010761929571231788e+00
9.746230948526471982e-01
9.987944169752265289e-01
1.016348325902175942e+00
1.001971128180865422e+00
9.910660250780070069e-01
1.011994125306967307e+00
9.932918958280186894e-01
9.892029670000556107e-01
1.017427466659780899e+00
1.019388449882441705e+00
9.936863374473181576e-01
9.937010020334589022e-01
1.006384265595907435e+00
9.549547169334019481e-01
9.991146344209315133e-01
1.016754396768238422e+00
9.964175782190304309e-01
9.995257247979897341e-01
9.587072712493820426e-01
9.705861100988405488e-01
9.948570878639546589e-01
1.006266133050182088e+00
1.005566296152926142e+00
1.001337933309375039e+00
1.021788885569798078e+00
1.008390984291041015e+00
9.897939945756576430e-01
1.021530601998937637e+00
1.013612557190824548e+00
1.027030651085201418e+00
1.006918431250194867e+00
1.019034702841458806e+00
1.018840460119896818e+00
9.899915756915302900e-01
9.907616920373838454e-01
9.731863898656025746e-01
9.909785607294484544e-01
1.004404792630480658e+00
9.964496091767210961e-01
1.054320052531520835e+00
1.015842086737170247e+00
1.019525392637546490e+00
9.802135975351017327e-01
9.663607480848146469e-01
9.508227098208456018e-01
9.747995454642151003e-01
9.864058936128120569e-01
9.785091825602483251e-01
9.943352598616174154e-01
9.947214113288455062e-01
1.021520697545202694e+00
1.005900555102277272e+00
1.004502675166161874e+00
9.869559578561110103e-01
9.938404110963011684e-01
9.848303547915869816e-01
1.005380402988051314e+00
9.743995214170164676e-01
1.026148407087183800e+00
9.995903310412431741e-01
1.002185364262608180e+00
9.891772071188908999e-01
9.844924455431447452e-01
9.983391469990885447e-01
1.027688796663414061e+00
1.018212760867192257e+00
1.021848923481727400e+00
1.034473533208235096e+00
1.020072472118204621e+00
9.691934563723241247e-01
9.948184613818344957e-01
1.036502542364444501e+00
9.833698658838210260e-01
1.017088746815577149e+00
1.009229208633181996e+00
1.007899897922686083e+00
9.727820819125798657e-01
9.972867091222337166e-01
9.786888368518208425e-01
9.981021236344052028e-01
9.942339301571383459e-01
1.025445541711496045e+00
1.029515379164525068e+00
1.006893817642457556e+00
9.883257892940270350e-01
9.885917366824996666e-01
1.003370020719207334e+00
9.641157313849543220e-01
1.011103251471106690e+00
1.007068952272616613e+00
1.018685504851620127e+00
9.784954588316501223e-01
9.640882766601041043e-01
9.669494647496322814e-01
9.531114158139075698e-01
1.001267042403350294e+00
9.979120402034914461e-01
9.579108536534133300e-01
1.002013785109477251e+00
1.014856018780073255e+00
9.923755532536748802e-01
1.014602767401532546e+00
9.671243732375138791e-01
9.945457070443155523e-01
1.024911188557191988e+00
1.034779924921273242e+00
1.003007920358222727e+00
9.855223234048133829e-01
1.002027940430299857e+00
1.025119161743964780e+00
1.033252992882477850e+00
1.000460160205966620e+00
9.892530221116118128e-01
9.919569418818017237e-01
1.029914435940337381e+00
9.921507249238732395e-01
9.834744621290909539e-01
1.012867498255245025e+00
1.004772099561076271e+00
1.037898267729550295e+00
9.725070452803751264e-01
1.022390190302914892e+00
9.984532982862918127e-01
9.867971256081460307e-01
9.672374462177403265e-01
9.731406205480618299e-01
1.004933705816376532e+00
1.021008815221301269e+00
9.964280803629504968e-01
1.006535307780298094e+00
1.005881757885594974e+00
9.625181219367487939e-01
1.015802947341043261e+00
1.009748702866078318e+00
9.818667130940492704e-01
9.853998506564879412e-01
9.749007033442003145e-01
9.736423945029152316e-01
1.025235437697773033e+00
9.724837183149613873e-01
1.010985866538246958e+00
9.895289326657867868e-01
9.914152057986544975e-01
9.850430313914984026e-01
1.003997516126079459e+00
1.009275534157447529e+00
1.003585692402031881e+00
1.004389228938391776e+00
1.027526625682459116e+00
9.478114553802668985e-01
9.752448535814611796e-01
9.913444603612537875e-01
1.000085354669515869e+00
9.845615018119719952e-01
9.730368739718139315e-01
9.954985772447866310e-01
1.022591421994806904e+00
9.712859511231289877e-01
9.925246689232027908e-01
1.002353754116905638e+00
9.930307504017493736e-01
1.008979236302699034e+00
1.012053236073954920e+00
9.959157849238102767e-01
9.752113507415565152e-01
1.015823592180108648e+00
1.017600575340755764e+00
1.009466966600778726e+00
9.671993811509178585e-01
1.009547750865955162e+00
9.955946975365885798e-01
1.002775029883444802e+00
1.016276299550283424e+00
1.036007903499359672e+00
9.930526011563293176e-01
1.039310535617887332e+00
9.818901001789370753e-01
9.806229893447818702e-01
9.712224177117562141e-01
1.000497277401587670e+00
9.871267812936904695e-01
9.737763061347400884e-01
1.013051769533088065e+00
9.917592935623658068e-01
9.900791651179450259e-01
1.011477897449708951e+00
9.915378680591715455e-01
9.899723896752249397e-01
9.785797252054972972e-01
1.027814395276654524e+00
1.001491173569978077e+00
1.021599986798352067e+00
1.001509319865686809e+00
1.024868847646718484e+00
1.009041924479370023e+00
1.005008771809146717e+00
1.036038146688294415e+00
