# data in one-minute intervals
9.832647010149537792e-01
1.008336869397360669e+00
1.000228854098360376e+00
9.774115231861854047e-01
9.905994057130189656e-01
9.967656620799034695e-01
9.940319334752637515e-01
9.787149531012243608e-01
9.586381789951172738e-01
1.008061640076549415e+00
1.023102810843111943e+00
9.878444558099050976e-01
9.911132508645985606e-01
1.024609310409732688e+00
9.887238419659892807e-01
1.032299788205330637e+00
9.975027158745198852e-01
9.855709155686228629e-01
9.898926548480575516e-01
1.003145468804167439e+00
1.003819869719839275e+00
1.011605782744013693e+00
1.043690556462141039e+00
1.038450807975145329e+00
9.859342535364662430e-01
9.968843992708908974e-01
1.013164634456107605e+00
9.838289763769531016e-01
1.003429039064220207e+00
1.005035175509925605e+00
9.592653609240876511e-01
9.850294274396117489e-01
9.935648889463968292e-01
9.771557467553128040e-01
9.869544752024280720e-01
9.794770164178562277e-01
9.774331388198344017e-01
9.954277552188769418e-01
9.963191791118518603e-01
1.035980890554504708e+00
9.901780829036807008e-01
9.990721629790123570e-01
9.881465764485941605e-01
1.021727766232073398e+00
9.416173337922534303e-01
1.002999914264800285e+00
1.027176399590008060e+00
1.012414001175747646e+00
1.001591384764069614e+00
9.965794614786140926e-01
1.001341458921053640e+00
1.022116057957502377e+00
9.971585321705915828e-01
9.830026301193495186e-01
1.008468818573177161e+00
9.966646420416597207e-01
1.031074766182574098e+00
9.857248448722325529e-01
9.908894302591549907e-01
1.008772218552397959e+00
9.357358652218886741e-01
9.961073912764426552e-01
1.014397276247891444e+00
1.006401477170729697e+00
1.002862540974319261e+00
1.007156273207408859e+00
1.003718130163865352e+00
9.844478747391118834e-01
9.852143414467970928e-01
1.011064380236924576e+00
9.858860099457485981e-01
9.994019801874955977e-01
1.027049358365449194e+00
1.031539166851082712e+00
1.030160568626180773e+00
1.016807255358425754e+00
1.007704549700745300e+00
1.015333074792992063e+00
9.772656162999149299e-01
1.015496143026568321e+00
1.010398305941269115e+00
1.006036164877074590e+00
9.843684813905707598e-01
9.971790644279335813e-01
9.597639411714481428e-01
1.011313064199757861e+00
9.954825329177371396e-01
1.028330460503317445e+00
9.717830969687455411e-01
1.026957656008609776e+00
9.948801403772224994e-01
1.026621643553171648e+00
9.947434365173887238e-01
9.893597220119109137e-01
1.008129957818421518e+00
1.009047381092644802e+00
9.855436906231404004e-01
9.810025980281501523e-01
9.797259463838521309e-01
9.835626034987520194e-01
1.005501410857301048e+00
9.842104448117252602e-01
9.931488880180522338e-01
9.782276455632678003e-01
9.837666565597049662e-01
9.649943642422617041e-01
9.862454256456404389e-01
1.008818377414141265e+00
9.905193348264020869e-01
1.021340817499785114e+00
1.018366889983178369e+00
1.008967472884086725e+00
1.035712598764942705e+00
1.001684658256905225e+00
1.021014605877402781e+00
1.017920010723479374e+00
1.015248912544016058e+00
9.980704156253509263e-01
1.011504488511995703e+00
9.939741579410111827e-01
9.915105686511819227e-01
9.983175005777138455e-01
1.004166422973847617e+00
9.959338423278392138e-01
1.038410637704395789e+00
1.023352708006181055e+00
1.009808987613342479e+00
9.937274319846282067e-01
1.014971797342258952e+00
1.011657943960060146e+00
9.782169558127467024e-01
1.003820922027679030e+00
9.899382649328078987e-01
9.850578815708113112e-01
1.002909759015939040e+00
9.904990655144467748e-01
9.869135283369694367e-01
1.021330495365341928e+00
1.014747769309886305e+00
1.002996375067768620e+00
1.007251997638021423e+00
1.012754762740001535e+00
1.002370652410631058e+00
1.000334605421901557e+00
1.001560491560755217e+00
1.008584026728118088e+00
9.819380452362264089e-01
9.880063767801148256e-01
1.005744248440188393e+00
1.004246182488780503e+00
1.018209666398307789e+00
1.006508833883585030e+00
9.997659441052171303e-01
1.022868024484668847e+00
9.926203344292555686e-01
9.793001635679943195e-01
9.882189315346121550e-01
9.913686161342398773e-01
9.862078239825312620e-01
9.909531248669194436e-01
1.018729004724125309e+00
1.040717220851579805e+00
1.034271007073157334e+00
1.018211807560689408e+00
9.756751899640104808e-01
9.936659146071507021e-01
9.982468402484616643e-01
1.015577453244894013e+00
9.791715641344999055e-01
1.058444704861623231e+00
9.783181128187009579e-01
1.018166065536874276e+00
9.815136770425725299e-01
1.000270348807977383e+00
9.882791593275154218e-01
1.018104110127636908e+00
9.871881992733043676e-01
1.005691138383991046e+00
1.029892983248170912e+00
1.010521960338143677e+00
1.013816907417410818e+00
1.036711953498818062e+00
1.009648913347629851e+00
1.001112678947035706e+00
9.921219474843067099e-01
1.000423370700594949e+00
9.920169129935872965e-01
9.933919972774291063e-01
9.949285515559442850e-01
9.884476056613614725e-01
1.042650917769199825e+00
1.010648403241423798e+00
1.009002837538246711e+00
1.006321938943846916e+00
1.025278946696370985e+00
9.940150955251194631e-01
1.012645501901554779e+00
1.025133611989349713e+00
1.006324113529482478e+00
9.999696088220992873e-01
1.018944274552260776e+00
9.692344408455528804e-01
9.948489215465382562e-01
9.556750795854503933e-01
9.981675112646845038e-01
9.720322859724344067e-01
9.987435484959517051e-01
1.005686257851569509e+00
9.917832547996670023e-01
1.011631775468799566e+00
9.993147048867484505e-01
9.575574847857872829e-01
1.001462024935332984e+00
9.982258533776972032e-01
1.013270517794664149e+00
9.936900378828429359e-01
1.017881037529237975e+00
9.826278942193047428e-01
1.004569837368626928e+00
9.910737261805727671e-01
1.006623695822251863e+00
1.007140332736359944e+00
9.791811983766772753e-01
9.802675713605534247e-01
9.997288935229040607e-01
9.997337901695578788e-01
9.636906296556722040e-01
9.951908958625040880e-01
9.775655867961903223e-01
1.041008730888468126e+00
9.851353600076233619e-01
1.014621672280930920e+00
9.814834448879121709e-01
9.682019989516429392e-01
1.004364877605054884e+00
1.013441820542077876e+00
1.024365078428760567e+00
9.906501752818994699e-01
9.735513721152561084e-01
1.003230953334728115e+00
1.012844482524377199e+00
1.022823968906126035e+00
9.967367611122320836e-01
1.008235082584207909e+00
1.009861443746515208e+00
9.802343493157530396e-01
1.019217560416006307e+00
9.988037414761213872e-01
1.029352955943146242e+00
9.962556017560790789e-01
1.019993055782648872e+00
1.012570082524953285e+00
1.028388957833471506e+00
1.009107555606820528e+00
9.932865847967888850e-01
1.021154379270221346e+00
9.846152598870994144e-01
1.009568615452705931e+00
9.971924584705587069e-01
1.014647274467293858e+00
9.959674318076301436e-01
1.022263692570625881e+00
1.015680141512111279e+00
9.944223925380876183e-01
9.798749711530055917e-01
9.782596239072537392e-01
9.776485847361195969e-01
9.915082679475105687e-01
9.886274210720220612e-01
9.595815706125971900e-01
9.701802753209369801e-01
9.870121914905275462e-01
1.009264335752630970e+00
9.919000031659560568e-01
1.008643561994061688e+00
1.012608078858673988e+00
1.027694265650580308e+00
9.725443842151877405e-01
1.027843417665607051e+00
9.830835277610736611e-01
9.840561694684760718e-01
9.960037733611286637e-01
1.011177867212866621e+00
9.985152959430044772e-01
1.014774116490683387e+00
1.011998224454965012e+00
9.953539850193653393e-01
9.691018956285212260e-01
9.792653673187317054e-01
1.043419314049445656e+00
1.014519872566049585e+00
1.024352122900305417e+00
1.004384327575982949e+00
9.455868531065009241e-01
9.757204733086418669e-01
9.778321545272197213e-01
9.939785250764189284e-01
1.003097418856626399e+00
9.907665587854611600e-01
1.013211359896388775e+00
1.005521600478924249e+00
9.883929474359489653e-01
1.013949094510264048e+00
1.001357647335345824e+00
9.984980277154393846e-01
1.022889640105825837e+00
9.667966357738289052e-01
9.944292137387612529e-01
1.005172121386800121e+00
9.920957785788034888e-01
9.861433820576421816e-01
1.019976225693860483e+00
9.779078110641470367e-01
9.927946135946168482e-01
9.752973204909903826e-01
9.893868716547571385e-01
9.985533277067706326e-01
9.804560611641074397e-01
9.849693799404489747e-01
1.003004196166610740e+00
1.001974046221455916e+00
9.908543042820426860e-01
9.804492991999332885e-01
1.024846979293502880e+00
9.979528372861130592e-01
9.978315294209912922e-01
1.000139724288193088e+00
1.024478827597574471e+00
1.034702078339087672e+00
9.906818299481547907e-01
9.825513179146786458e-01
1.006430125183010116e+00
9.926130301858816507e-01
9.778986462951770875e-01
1.032290753406933881e+00
1.029457974532483888e+00
1.030896850446502588e+00
9.909470075805337785e-01
9.971142870049184426e-01
9.884774857711526863e-01
1.011102883213966130e+00
9.865000547477924542e-01
9.714459951325566944e-01
9.841934849557422149e-01
1.005548124427724677e+00
9.711061686020480144e-01
1.003539236509269461e+00
9.863757746310958252e-01
9.577097579729323407e-01
9.723060347860692509e-01
1.019413768630193395e+00
9.874643648401603135e-01
9.961860875732133636e-01
1.006679353312316838e+00
9.828503037847442503e-01
1.001801629710672881e+00
9.719904491272881586e-01
1.004954589184159586e+00
9.919302719193633378e-01
1.000998665414177591e+00
1.005668909266683952e+00
9.971495741935688661e-01
1.021031231661321481e+00
1.011431729005704216e+00
9.959437288648982367e-01
1.021557251595573979e+00
9.919983991012099045e-01
1.011907965317410119e+00
1.027461367308203588e+00
9.985885434538575023e-01
9.873376348569471439e-01
9.874620027681402235e-01
1.038211481150089766e+00
1.034108849644145733e+00
9.815802312085561976e-01
9.938421374741684966e-01
9.855935358120413436e-01
1.000846045897796355e+00
1.013136524326214483e+00
1.012318286023559777e+00
1.055969093726597752e+00
9.924003062235733363e-01
1.018176410807179355e+00
1.002087588859457812e+00
1.023586224335827799e+00
9.820137447211666482e-01
1.025943009269363326e+00
9.714155082628790350e-01
1.003173860540319984e+00
9.997122745693545198e-01
9.938559778616040674e-01
1.020510549833331781e+00
1.036447475915467820e+00
9.948198739970451898e-01
1.013239481384386798e+00
9.878870686065828188e-01
9.764527208290240123e-01
9.887715678818395082e-01
9.698142104086490134e-01
9.866592501753209676e-01
1.015882258956388506e+00
9.730189719098807366e-01
9.891293414456748812e-01
1.063064995694998016e+00
9.967624378797356188e-01
1.029736242207676566e+00
1.027140287955388809e+00
1.008505964836876378e+00
9.895106856231841164e-01
1.038089736204413249e+00
1.003860428359339307e+00
1.004124285793019045e+00
9.844698050021920555e-01
1.014672963601235933e+00
9.825696259539958843e-01
1.014821133015875843e+00
9.903242618731306068e-01
9.953922845826220778e-01
1.002041104338620814e+00
1.010901351636039447e+00
1.036965809147555539e+00
1.009965916916387263e+00
1.000469883800031212e+00
9.893908435474223495e-01
1.024104457914943644e+00
1.014358202452761093e+00
9.854118888367031648e-01
9.656167981777272757e-01
9.983920875372931381e-01
1.002538695808513403e+00
1.010501377930958400e+00
9.811117357841688813e-01
1.009291921108228296e+00
9.848861537758099027e-01
1.009260419967326294e+00
1.031446935857968539e+00
1.023744955606382456e+00
1.012665573885469072e+00
9.944502303426731027e-01
1.000922856385204840e+00
9.848979486403381944e-01
1.001890536009144794e+00
9.653152269267051278e-01
9.794745849686864458e-01
1.008833283852853535e+00
9.949197378380532086e-01
1.024118434007734724e+00
1.004587785567996328e+00
9.947443692565401951e-01
9.729216566649582232e-01
1.030817825909691843e+00
9.766761323550257057e-01
9.958707939807097675e-01
9.845995412783840051e-01
9.754097994044778064e-01
9.738196945420984907e-01
1.051514270075195601e+00
1.030433934515727401e+00
9.691708896882189617e-01
1.013347645335612723e+00
1.007140916967972366e+00
9.824855107529261167e-01
1.008228606757575196e+00
9.882198214712456519e-01
1.010107534947575214e+00
9.949328041252715193e-01
1.045518505039471968e+00
1.010885843533451345e+00
1.019046223360964953e+00
1.001845119392607009e+00
1.004415715416218546e+00
1.010314329447927317e+00
9.969544688452657288e-01
1.018508550540333957e+00
9.840345266459751272e-01
1.024866018504810850e+00
9.988553570336804466e-01
1.041377233295724292e+00
1.014039235558795937e+00
1.005590258690645999e+00
9.999775669887687179e-01
1.021939178097990952e+00
9.738115627440936395e-01
9.999957376110885088e-01
1.000709929423871047e+00
9.823135613113747056e-01
1.020190087421430691e+00
1.008322541104440084e+00
9.703503051928396017e-01
9.949236321752285006e-01
9.994520826173035610e-01
9.937581545600641109e-01
1.013349863635376380e+00
1.007096645052599548e+00
1.007877293174540112e+00
9.861472125305071890e-01
1.038280733526663058e+00
9.925388109254054125e-01
9.908584447004291640e-01
1.010704943273527778e+00
1.015856952145365977e+00
9.785455041550117361e-01
1.064406600332242547e+00
9.990367955641666908e-01
9.946392143211926218e-01
1.030237269958411250e+00
1.007559842593934496e+00
1.008032933976840573e+00
1.004896586581831341e+00
9.797455921379994992e-01
9.789488758272397728e-01
9.864883372921222637e-01
9.694577802961878987e-01
1.007550963283904144e+00
9.740458064202875965e-01
9.880780506708191080e-01
1.025618995962401581e+00
1.031074854507096683e+00
9.631093705648323677e-01
1.021893750323567440e+00
1.018823692542139669e+00
9.880172818922279276e-01
9.884806636065490704e-01
9.694813933273853657e-01
9.980458103143557969e-01
9.891271877164516946e-01
1.013244542994388597e+00
9.940708937998760097e-01
1.008565922263436221e+00
9.910140276192215270e-01
1.043629629379436707e+00
1.008595600690885163e+00
1.028648795898102986e+00
1.046496848558913895e+00
1.003978297565522038e+00
1.000817724206561898e+00
9.620298229628192477e-01
9.833837547759337605e-01
1.013755007827535470e+00
9.920925435795966418e-01
1.015220958733106027e+00
9.944026039171528497e-01
1.024055411473740129e+00
9.879329628684100362e-01
1.035756617354182119e+00
1.019852370116981932e+00
9.665949592968317017e-01
1.017732479043342408e+00
9.601183990032360338e-01
1.003407655768512541e+00
9.930999385603668239e-01
1.000098007325344485e+00
1.027786985384649299e+00
1.022857207033842419e+00
9.971613910114401902e-01
9.908847186692000264e-01
9.942645396779496991e-01
9.997556068838971965e-01
9.894949514491581111e-01
9.872875901725882697e-01
9.990345277368039012e-01
9.995413959042321883e-01
1.030936110538228867e+00
9.748512703045438821e-01
1.032829169686086734e+00
9.976145851301573275e-01
1.017014289093223889e+00
1.040605816889395241e+00
1.016278404473906161e+00
1.002779141504961169e+00
9.627762911722016481e-01
9.873128121476271168e-01
1.007849017710023221e+00
1.016496360788309294e+00
9.836381417088290169e-01
1.017013000577375204e+00
9.789629623434373817e-01
1.009813708533677579e+00
1.003521278070349965e+00
1.006261450666603441e+00
1.015183351870753148e+00
9.745937026095161659e-01
1.018909421489157197e+00
1.016690049487152470e+00
1.015270077243249025e+00
9.734210617403432630e-01
1.001764038436061099e+00
1.009891222243642250e+00
9.559802957727361328e-01
1.009581385734473091e+00
1.019615931104694173e+00
1.022726374937338090e+00
9.897147347407964091e-01
1.012744570093145224e+00
1.026213659771527009e+00
1.004471756596934995e+00
1.017642425464493128e+00
1.014249940175274478e+00
9.910589181560692795e-01
9.893230049050123487e-01
1.003131129804023969e+00
9.855586127268808339e-01
9.885420796289069445e-01
1.006080765275899624e+00
1.013448958755552631e+00
1.008630321839869337e+00
9.985237273969482796e-01
1.009008412010208300e+00
1.007147191687530308e+00
9.847994166234228519e-01
1.011146963717420411e+00
9.848046533973915384e-01
1.008900164870299543e+00
9.625638290287227283e-01
9.827334482625917911e-01
9.953430566543793878e-01
1.018464147435843792e+00
1.016992210203900626e+00
9.543253348055623642e-01
1.010753119929010069e+00
1.011202127857508515e+00
9.794078132311399010e-01
1.036664017621028666e+00
1.010405662262276349e+00
1.016737958711671608e+00
1.017187832539321768e+00
1.046140624424556353e+00
9.825027561062344983e-01
1.000315194209678182e+00
9.987889379542386203e-01
1.003009418534631214e+00
9.961529333771238504e-01
9.932384850606097437e-01
1.012192956583938264e+00
1.012043637864228129e+00
1.028746193007963328e+00
9.920123549523216511e-01
9.943470134367323743e-01
1.010417303699268521e+00
1.003637728788356887e+00
9.919295452037047989e-01
1.023020734788662400e+00
9.997695046199759350e-01
9.660460957122748438e-01
1.000567051727085710e+00
9.752753909175914115e-01
9.552299126820015251e-01
1.003195094884722582e+00
1.011151776665625501e+00
9.850336501350466234e-01
9.775950955966287159e-01
1.006586035686959812e+00
9.941301999190874650e-01
1.001637504962160641e+00
9.967642508802208035e-01
9.930967540012304307e-01
9.933145575542918770e-01
1.008391725334649713e+00
1.028412131481175606e+00
1.002332448103790297e+00
1.031852897688703585e+00
9.960632769784348861e-01
1.053774799532473105e+00
1.003435464282794509e+00
9.837877135291887010e-01
1.000987415363320032e+00
1.055754425219205928e+00
1.010386412791485000e+00
1.008198259074924774e+00
1.012996918347696784e+00
1.008833198285005617e+00
9.856207341907613495e-01
1.001993264145308649e+00
1.014013002807455210e+00
9.567334326871052008e-01
1.019273444400496942e+00
9.963911075316828070e-01
9.978928148162176104e-01
9.688480482730963406e-01
1.008282980728323563e+00
9.986130356405302777e-01
9.834332812119709333e-01
9.865991350927255654e-01
9.870762759960409749e-01
9.970771605774704227e-01
1.015388814867238088e+00
1.022008260906755783e+00
1.020392528634877838e+00
1.023842538485675746e+00
1.010263034737295396e+00
1.019456482232581562e+00
1.010175077635286023e+00
9.886171535826202561e-01
1.040001716743833793e+00
1.012075305854595486e+00
9.822279323458330547e-01
9.896505841986172891e-01
1.004112849900863802e+00
1.025772308397277399e+00
1.014991286874074250e+00
1.012596698597300282e+00
9.996463694632933272e-01
9.961476693406269289e-01
9.926936381101747475e-01
9.998365474938590847e-01
9.899483660776037253e-01
9.718423965446406632e-01
9.804475865599157069e-01
9.712396902735237481e-01
1.024920612225636019e+00
1.032011458258642378e+00
1.001220137674084132e+00
9.840179290024766434e-01
9.458087851272366509e-01
1.011144902924038025e+00
9.745539617385667874e-01
9.871280122366814513e-01
9.904885869950320609e-01
1.048883770819843519e+00
1.004155407421054580e+00
1.020663546262274401e+00
9.895064251394029009e-01
1.011623709609430710e+00
1.013127940623269385e+00
9.907722893878949666e-01
1.009686103349477504e+00
9.839211373768355084e-01
9.752502194553649417e-01
1.010187033725558070e+00
1.001521832780894128e+00
9.927382431661817552e-01
9.902331834649247266e-01
1.026342297046368257e+00
1.015748692131275055e+00
1.013490778835632211e+00
1.014363094068331250e+00
9.978123558235070245e-01
9.678469034150674055e-01
1.013583066815153755e+00
9.964489161716445498e-01
1.045440366434075452e+00
1.023726551387002193e+00
9.867873119834161821e-01
9.781586682741640892e-01
9.732752423242269080e-01
9.873340685362190783e-01
1.022563695942919848e+00
1.014217203615177976e+00
9.763590246254638672e-01
1.007938665579627635e+00
9.972304769494936272e-01
9.857807814070826957e-01
1.012928274723719824e+00
9.870287863537956508e-01
1.065586827699512629e+00
1.006864917240360091e+00
1.021088424082570834e+00
9.700314294515313129e-01
1.009609644640615755e+00
9.896725756619401126e-01
1.051363471194202592e+00
1.012591069047183767e+00
1.030079790350031610e+00
9.745446809703680602e-01
1.014856083223673489e+00
1.006880533737332550e+00
1.014806638655184390e+00
1.000069282375296575e+00
9.890278985614612273e-01
9.919226822621854955e-01
1.027712112917064546e+00
1.018404030504614033e+00
9.891787238211284805e-01
1.006151286414346924e+00
9.550907426204715556e-01
9.955714589662642000e-01
9.750865507040571423e-01
9.665038831647069228e-01
9.899061009065771577e-01
9.848064876104165588e-01
1.023632007639230457e+00
1.009384062828620587e+00
9.880509329129397722e-01
9.484495779896188195e-01
9.728458457771760326e-01
1.024894650695502563e+00
9.899500015470643621e-01
1.025120940989919793e+00
1.013397868547992520e+00
1.004470419041928242e+00
9.626046305423604510e-01
9.611137573940738976e-01
9.679954951447291567e-01
1.001888974902072071e+00
1.007116935763140209e+00
9.855609877185287360e-01
9.961602612194956352e-01
9.832004393099234019e-01
1.022232158476928499e+00
9.504572115258979048e-01
9.781651202004891799e-01
9.527819035604975229e-01
9.913310554533456553e-01
1.023355252709185592e+00
1.007939873131465713e+00
9.821869489692113264e-01
1.007679937571960505e+00
9.551621758509302174e-01
1.040566554406532784e+00
1.002015461418210629e+00
9.836574555310201307e-01
9.939821703274323017e-01
1.010057242278644019e+00
1.032476564051714840e+00
1.024039940177490449e+00
9.988714214129273961e-01
1.026309151823196153e+00
1.050206198662185120e+00
1.020470265003834198e+00
1.012550429494526005e+00
9.970702437925446082e-01
9.958585642477476574e-01
9.942757354604243591e-01
9.789992590995373334e-01
1.016347233058644939e+00
1.014760649888466482e+00
1.030828096793602544e+00
1.025590000285039327e+00
9.657384389555750959e-01
9.977604835977983422e-01
1.023181483308715167e+00
1.015585202445587809e+00
1.034528432606453219e+00
9.758353862538272638e-01
1.002581225416754096e+00
9.684111096667030738e-01
9.975690485953477848e-01
9.849639645140875199e-01
1.017690109281154776e+00
1.029618035351615113e+00
1.046035534765074271e+00
9.838219110372871112e-01
9.712925960748679532e-01
9.824453030008776233e-01
1.020540927065985981e+00
9.940229590679253713e-01
1.005956086735111388e+00
9.912821877119211145e-01
1.000303462532764698e+00
1.001684545088506795e+00
1.004071066231856157e+00
9.113082158131396993e-01
1.010406347325234933e+00
1.011923793161829677e+00
9.928527441117449559e-01
9.990024433518109870e-01
9.481953837663101847e-01
1.006677755162694643e+00
9.847994715690768786e-01
9.908074167043532388e-01
1.016708745774715261e+00
1.017896480717758179e+00
9.827472971955066861e-01
1.013058944368377512e+00
1.022153673036706012e+00
9.961473832204154055e-01
1.006883195283401200e+00
9.883102823253974156e-01
1.031787774251881062e+00
9.958234081077765865e-01
1.032608354722241106e+00
1.032397280721454313e+00
1.017716010513267877e+00
1.016606688893661348e+00
1.045835603203205677e+00
1.028860530714392096e+00
1.029232165010591116e+00
1.017263835322989918e+00
1.013464664438615159e+00
1.014093463033298059e+00
9.836131672890119360e-01
1.000333340939060456e+00
1.023916706886102146e+00
1.011514491899654811e+00
9.942264356911150180e-01
9.826777025689653611e-01
1.032184998579184221e+00
1.026043842234977577e+00
1.023397323880307130e+00
1.019975110797891826e+00
1.047798967764142164e+00
9.956279022553043978e-01
9.935331928705891658e-01
1.026663353444039695e+00
1.035361136950843752e+00
9.803043451871027436e-01
9.808109771422888201e-01
1.028106470343167711e+00
9.801891227027852427e-01
1.010352881039421113e+00
1.006798372588677104e+00
9.777201879804020557e-01
1.020454414477338201e+00
9.939624946882708034e-01
1.036643240102165020e+00
1.008579510138437163e+00
1.021015952545346606e+00
9.821245020063156250e-01
9.842710769286104888e-01
9.800700557490804599e-01
9.721743814754526536e-01
9.942257638733706937e-01
1.000495758745593600e+00
9.992745636572325507e-01
1.011706432179543702e+00
9.761680549553831687e-01
9.501877417578492580e-01
1.027388897494041942e+00
1.004917598689726299e+00
1.010080032840526831e+00
1.016924669930016734e+00
1.014308280243856997e+00
1.017422790878181882e+00
9.678748550505836823e-01
9.473258688896172286e-01
9.880751921281047956e-01
1.008846534156035313e+00
1.028742502606237563e+00
9.960373630618059027e-01
1.012511257080968230e+00
9.900462777831230410e-01
1.005612438388680197e+00
9.917887569716388185e-01
9.982846282719763931e-01
9.754554919954201431e-01
1.015537200215190561e+00
1.001809227629514965e+00
9.784204715177783340e-01
9.904977857203148828e-01
1.020582276080371109e+00
1.042445794918137381e+00
1.049562909895725760e+00
9.672495936518916704e-01
1.005426913154362278e+00
1.008331098027378969e+00
9.935596186346175029e-01
1.029670594658923743e+00
9.933628645845330452e-01
9.753618831332527828e-01
9.997560531179018328e-01
9.711220065285732783e-01
1.025496895933593722e+00
1.015748622338419116e+00
1.024465442532430659e+00
9.953485467103668771e-01
9.917609437071834844e-01
9.792694434090623012e-01
1.009734661995629112e+00
9.809079602072596771e-01
1.004385778156793529e+00
1.036403463657777024e+00
9.682111540840400155e-01
9.850251090815699273e-01
1.002745974755298475e+00
1.038441822766932310e+00
1.006417046818905758e+00
9.943778240532344936e-01
9.926171219364807730e-01
9.650514844191100394e-01
1.030488547661928544e+00
1.031890027370614860e+00
1.006143855544408883e+00
9.980084730667688753e-01
9.882125119963728332e-01
1.016266673445192170e+00
1.027600040045389074e+00
9.970910436864593995e-01
9.955086232487039277e-01
1.015549763762568114e+00
1.030455366115924587e+00
9.865213852013438034e-01
9.917470264734560281e-01
9.755371454169476930e-01
1.003345507369890477e+00
9.668408078416871332e-01
1.013822144926036728e+00
1.027675094917834597e+00
1.004562724738246260e+00
1.007374539201311814e+00
9.621411913262496451e-01
9.993386069556943196e-01
1.022186035697153272e+00
1.012518304868331498e+00
1.012310117320488256e+00
9.910631389331183705e-01
1.005729906653919814e+00
9.936955114565415581e-01
9.848324503433117938e-01
9.815177745171802526e-01
1.005537435164047144e+00
1.002262842178413882e+00
9.728193630199628572e-01
1.008209787707863292e+00
9.992783800797299110e-01
9.978662840536559608e-01
9.972451747362739427e-01
1.006910349441829222e+00
1.003014902575405154e+00
1.035598277396326816e+00
1.010603432328581519e+00
9.888242675208119836e-01
1.024374101880887844e+00
9.875772435010643502e-01
9.960934199098895325e-01
1.013150594963451390e+00
1.004491058464137332e+00
9.908569213975096934e-01
9.837149088374764760e-01
1.008259047477422898e+00
1.020543723881934817e+00
1.037790224727636934e+00
9.903560489094629382e-01
1.018053352398866407e+00
9.687453531498581016e-01
9.874509982606548553e-01
9.968158856486574182e-01
9.523804091055113608e-01
9.860412320693200394e-01
1.000893465726054865e+00
1.007014080571196679e+00
9.704704013096256965e-01
1.031132867412846821e+00
1.028783372032922694e+00
1.018412228993213153e+00
1.007785828932353356e+00
1.009669213274228206e+00
9.866532235582426980e-01
9.455655751934293196e-01
9.784475634472543648e-01
1.011173038328861962e+00
9.637555428114950029e-01
1.023314426157766466e+00
9.706486857285047121e-01
9.916544322086696672e-01
9.976716322140616322e-01
9.757065325261693456e-01
9.880878156624663955e-01
9.899114338192139817e-01
9.969951947182705831e-01
1.011759934795990468e+00
9.776367662888085786e-01
1.025827364112046114e+00
9.750311356564425047e-01
1.002064503676493468e+00
9.655620224815025798e-01
1.013218807183321912e+00
9.887341459085683404e-01
9.623395007585037186e-01
1.002455707347933211e+00
9.921361468015671425e-01
9.617464163991431558e-01
9.935743553552903728e-01
1.002723598490327772e+00
1.022014850914034989e+00
9.723184582828776623e-01
1.016675196179235074e+00
1.006383375651354273e+00
9.887468400588308448e-01
9.815786573662007575e-01
9.998846276200236138e-01
1.012326782057473284e+00
9.906172707676020872e-01
9.949468413887119222e-01
9.961500024335291359e-01
9.708382779116254691e-01
9.949750379984162452e-01
9.657288592866741794e-01
1.005124961863190780e+00
9.842813475133230794e-01
9.851685159978780248e-01
1.009268632940010235e+00
9.941839195148347574e-01
1.045671360555374463e+00
9.921652349999586784e-01
1.030813507868583834e+00
1.016329892313994510e+00
9.860760462533464388e-01
9.943014182786240607e-01
9.926228251208550901e-01
1.002319460832423514e+00
1.018763157398333341e+00
1.013312970620018350e+00
9.979145620878371314e-01
1.015425931783000335e+00
1.033752086525584479e+00
9.706895901141880945e-01
1.010650471475696754e+00
9.981747809473857647e-01
1.040939893266460192e+00
9.908219786628261749e-01
9.817918717205924573e-01
9.864601904855353487e-01
9.961132475503371442e-01
1.045648977891482589e+00
1.018375195632603036e+00
1.011437955599679306e+00
1.013296524907507878e+00
1.019224119241799009e+00
1.023523300309919115e+00
1.012695739992492738e+00
9.874464614835545273e-01
1.014616175924877517e+00
1.009849767041261615e+00
9.843516908329766890e-01
1.002705156340210735e+00
9.771748819836425515e-01
1.011482289733289353e+00
9.912633775572149419e-01
9.757078667217179424e-01
1.009263745002999313e+00
9.662237935644798492e-01
1.011670589405113008e+00
1.010812115862711247e+00
9.751130460464129124e-01
9.951997494192212912e-01
9.850871717331994848e-01
9.977197507920597674e-01
1.006888924871303104e+00
9.986877143818123637e-01
1.023590696108572340e+00
1.033609674409467161e+00
1.000881986947145919e+00
1.044850479653914199e+00
1.015228656600831725e+00
9.877640219343644112e-01
9.869580077548369967e-01
9.578337490933213072e-01
1.005113342666617227e+00
9.736655168117858139e-01
1.008750508991415717e+00
9.767953590328679603e-01
1.000657407497939744e+00
9.947894381382008655e-01
1.041640767731090822e+00
1.011478469970072736e+00
1.005118219422267201e+00
1.034917774061554718e+00
9.701936977195977363e-01
9.920324022167540390e-01
1.034223941422157012e+00
9.943447834634089322e-01
9.953427788766840978e-01
1.017574042088186914e+00
9.817146687208293532e-01
9.592068453904567527e-01
9.928641180215653783e-01
1.048016268312193189e+00
1.022561397286529505e+00
9.791128336946166577e-01
1.000406480793037067e+00
1.003031150312130304e+00
9.911906117136629613e-01
9.999522364906890948e-01
9.889437070113958894e-01
9.844653243690122402e-01
9.982300901352723077e-01
1.001195327272649926e+00
9.950270527580463709e-01
1.021225126376552828e+00
1.028623705124563248e+00
9.814887153698875766e-01
9.856044290053842527e-01
9.477001642559714778e-01
1.022901982302671930e+00
1.023412110341118009e+00
1.017467377293938435e+00
1.000364884066709870e+00
9.941709888024662378e-01
9.574801764130426163e-01
1.003270977498063043e+00
1.005317754729900370e+00
9.805206477916639241e-01
1.008577602996799660e+00
9.810199844430163019e-01
9.793582926963705360e-01
1.007892181218873251e+00
9.906026824516961371e-01
1.006612991640419397e+00
1.023982444170610684e+00
9.951029896490880544e-01
1.028412760394616043e+00
1.007917623692767828e+00
9.534367277604380853e-01
1.008519042475599869e+00
9.596175387661528555e-01
9.956721260080119151e-01
1.034900717385620172e+00
1.012382195682631547e+00
1.001834628107075131e+00
9.774500503898309045e-01
9.795109424718347890e-01
1.016411896114050473e+00
1.002892964831732181e+00
9.999994611394428246e-01
1.017278868189027019e+00
1.035734318893778427e+00
9.771183826225718905e-01
1.006744329778739733e+00
9.973853585437765235e-01
1.030717749093483571e+00
1.006362524801921232e+00
9.947794832935429321e-01
9.856424189139185721e-01
1.011111285015561911e+00
1.001934508893165043e+00
1.021773174673300533e+00
1.013620668153203841e+00
9.822173168840063751e-01
9.870848093848326732e-01
1.003613604690470673e+00
1.023538287250530976e+00
9.954480058064377745e-01
1.024736001466054258e+00
9.835727712464717998e-01
1.021808072611210871e+00
9.849555736390717131e-01
1.000175350513230477e+00
1.004448412834214377e+00
9.872371888028909082e-01
9.900319124909116031e-01
9.770607885129847237e-01
9.910704581737702634e-01
1.008844554016940398e+00
1.002281385796108371e+00
9.718216238175899635e-01
1.000653798993110355e+00
1.021579754526580119e+00
9.956635951905269399e-01
1.001866517122005584e+00
9.941097301272445730e-01
1.011805834555621120e+00
9.867619417256471293e-01
9.829808795241858910e-01
1.002027931466694000e+00
1.014462479073265255e+00
9.870704939762441343e-01
1.021788616655601611e+00
1.001780098908035654e+00
9.821678885613440713e-01
1.018546876111133370e+00
1.001935809607880534e+00
1.019852176594227222e+00
9.808372444371573629e-01
1.002605706687671461e+00
9.816384761668881520e-01
9.701007656827338455e-01
1.043250911737803044e+00
9.757176396670437235e-01
9.787250337311108606e-01
9.813497258436055803e-01
9.697418034492887307e-01
9.993692086864970348e-01
1.027353472872807760e+00
1.039286775596875323e+00
9.590575146424540343e-01
9.828343921021472918e-01
9.949934090242743556e-01
1.005421654852855395e+00
9.922797655320932941e-01
1.019607673658335267e+00
9.884548828502115470e-01
1.002593411378789323e+00
1.012699457238108502e+00
9.975656390510165838e-01
1.024305749932322707e+00
9.808763563516724737e-01
1.023783362756656823e+00
9.878297919406221483e-01
9.881078421610459683e-01
1.001488550233783803e+00
9.696492349045746639e-01
1.049285049566998307e+00
1.005356349281963713e+00
9.796945477485589082e-01
1.004008047777702473e+00
9.987283966886155717e-01
1.012489522359884431e+00
1.003622863871301840e+00
1.035508363860321523e+00
1.004233583709800204e+00
1.006089253672190154e+00
1.008995858113576505e+00
1.004044919249066359e+00
1.000171581316313896e+00
9.668439396620449600e-01
9.889469297719172269e-01
1.014372495437910526e+00
1.006110637274401753e+00
1.018134510605119392e+00
9.833525357236619913e-01
9.989097148709782381e-01
1.001442043929571035e+00
1.007458003241911371e+00
1.034616108873078533e+00
1.009067170879239361e+00
1.013101860740959204e+00
1.037972267580462571e+00
1.002627287224608033e+00
9.941165427269234023e-01
9.750714956742397854e-01
9.749751952585001824e-01
1.006312510092143730e+00
9.952158662576827686e-01
9.944895172927225024e-01
9.631694794869736231e-01
9.853274377657608163e-01
1.018090179187435274e+00
1.021261829936704224e+00
9.982322211845450211e-01
9.971832193707299563e-01
1.001499726690554537e+00
9.660984457385037860e-01
9.870427257922369524e-01
1.026611330636236996e+00
1.000763400178014129e+00
1.012411669775417966e+00
1.020149855183372756e+00
1.008524115250090336e+00
9.952434101670952771e-01
9.898909997089458956e-01
9.678399918293991711e-01
1.036990365945086978e+00
9.888383631643917759e-01
1.016530227697810318e+00
9.987924965603045546e-01
9.778741235381447350e-01
9.893861458645305529e-01
1.005140306324930455e+00
1.014299989348155906e+00
1.012606094963609982e+00
1.013175116255930819e+00
9.826539138279591912e-01
1.012999781933888066e+00
1.016616457553871200e+00
1.016888003342478086e+00
9.813325124066059058e-01
1.000005866698643109e+00
1.032532961644059277e+00
1.011798158600332398e+00
9.864589829146729327e-01
9.969750411257833900e-01
9.867912693686472503e-01
9.824227122394567635e-01
9.733838508095894460e-01
1.004031529473917272e+00
9.883388808374530266e-01
1.004525959556725301e+00
1.030443711757902392e+00
1.003966013508543309e+00
9.936585504978628913e-01
9.759521985924409782e-01
1.023912339643270775e+00
1.011809843762906391e+00
9.586552958279150882e-01
1.009841701806887926e+00
1.011740535785329742e+00
9.933922534175193553e-01
1.004877907890833422e+00
9.734459786146623106e-01
1.013606854223858766e+00
9.908028698137920642e-01
1.000495596487562810e+00
9.938503287457346458e-01
9.962620856716255524e-01
1.026792230739881129e+00
1.021666938592909135e+00
1.019783473098440973e+00
9.727479959281191135e-01
1.000539149301556741e+00
1.000068194008613132e+00
1.009246027472947560e+00
9.501079572175360477e-01
1.013020087202463948e+00
9.862430726527453562e-01
1.005022772634016848e+00
9.835067607306603454e-01
9.936177852814814804e-01
1.002972742231875936e+00
1.018612555175472334e+00
9.947839865050207564e-01
1.056502506070481795e+00
1.017740772975173069e+00
1.005529319973093916e+00
1.001552926230103946e+00
1.022764573521440346e+00
9.799394163502492816e-01
9.656050450049005196e-01
9.864444597474930632e-01
9.984492729481486695e-01
1.010218656560584849e+00
9.920457646021177966e-01
9.899205903889962688e-01
1.011479566316214829e+00
9.808828282740443827e-01
1.003702138303727676e+00
1.029500046811203662e+00
9.964130641501974806e-01
1.015349790675455166e+00
9.548740099562710304e-01
9.955045421985049270e-01
1.001305475986628002e+00
1.014322960683218700e+00
9.948991418382192586e-01
9.978163804130132375e-01
1.024799859591452478e+00
9.904596040140801749e-01
1.030248209487559796e+00
1.035559204592084503e+00
9.955621808513431814e-01
1.018335956127303987e+00
9.948412606135624836e-01
1.005979589144318620e+00
9.956662622311589494e-01
9.919897003775705047e-01
1.019928960761127712e+00
9.946714584352871480e-01
1.000350377935701029e+00
1.005863495606985181e+00
9.678720428012589361e-01
9.968314996398324190e-01
9.935828225128806590e-01
9.872111832459656844e-01
1.000981519313051349e+00
1.001948827497395333e+00
1.005117010598171490e+00
9.859080561670593434e-01
9.938686287984632717e-01
1.009732811787004136e+00
9.886640983502682500e-01
9.859430083486807606e-01
1.018156208280380115e+00
1.000483194748874594e+00
9.975496149311300353e-01
1.003100185050928017e+00
1.024659195935862854e+00
9.965323730567142713e-01
1.010131192242053277e+00
9.987377155096649473e-01
1.025393581936859810e+00
1.050637891752773889e+00
1.002138041212637942e+00
9.941573070902611775e-01
1.019266037631057387e+00
1.008375391654943609e+00
1.010694807738668599e+00
1.009503966583447321e+00
1.026562648723001958e+00
9.922829652336383477e-01
9.902557370022596617e-01
9.969274424451731731e-01
1.010173060763061237e+00
1.009853617675196435e+00
1.000150746091758247e+00
9.805084550609725058e-01
1.005867672219064923e+00
9.988372235300316815e-01
1.000505902664771796e+00
1.002541692243690497e+00
9.920144363327424442e-01
1.004479420537019996e+00
1.019928038155186734e+00
1.025500674081927688e+00
1.026608634633193073e+00
1.003543327947450159e+00
9.741889094273508132e-01
9.474338643676618599e-01
9.956108248454058618e-01
1.054311223603869863e+00
9.967024458983826385e-01
9.879070225433339569e-01
1.000924415781797361e+00
1.014264864004341460e+00
9.711275263447975981e-01
1.030983242331540595e+00
9.838222392104838399e-01
9.787182475857663100e-01
1.011824107087815117e+00
1.004849083286875944e+00
1.019439025034078572e+00
9.545083228448748569e-01
1.020289215797625770e+00
9.630480121384649150e-01
9.788120629320433697e-01
1.039915207431272970e+00
1.048715069733017868e+00
1.023146165383602479e+00
9.600055144061070411e-01
1.009968931515682788e+00
9.951264412060858433e-01
1.013255167851699889e+00
9.902535859431964571e-01
9.887358917846604811e-01
1.011111120623163329e+00
9.927248361899964069e-01
1.012248589249974406e+00
9.875529089194829968e-01
9.897869519995948773e-01
1.002164662663569628e+00
9.849778519351831685e-01
9.713213961821581810e-01
9.625197383462555933e-01
9.809747877688179685e-01
1.012459584144098645e+00
1.007801182219991043e+00
9.902991921535599928e-01
1.025628766246241996e+00
9.983826718247552634e-01
9.687177416256920193e-01
9.858428307190485462e-01
9.867601164671909730e-01
1.014770901124764091e+00
1.037439139468923965e+00
1.003815178201237890e+00
9.989478754596659016e-01
9.879876921918304689e-01
9.851784725821515210e-01
9.746010617965766842e-01
9.836562020584730393e-01
9.973038801954812183e-01
1.016879105206984546e+00
1.017012021709781999e+00
1.028332243861726836e+00
9.717377617950535562e-01
1.036771117841844392e+00
1.014336766063095752e+00
9.792725210452413176e-01
1.004724343112479268e+00
9.732231450369530634e-01
1.037662214877692834e+00
9.770987058600695274e-01
1.023106203284054549e+00
1.022746555506974797e+00
1.010322887782771240e+00
9.702059128260167586e-01
9.835297188072091856e-01
9.812850942853921232e-01
1.006287358450746128e+00
9.763353305590855014e-01
1.011326425841576837e+00
9.886410993048512230e-01
1.003175015612567167e+00
1.007200495375705662e+00
9.989071848977448820e-01
9.845136940589576113e-01
9.929583199895920531e-01
1.064729422449927076e+00
9.632563764471123724e-01
9.902188488160069690e-01
9.852915975957742267e-01
9.765792892349012266e-01
9.699645254611365397e-01
1.010295583951802190e+00
9.955189394690103777e-01
1.008910550486473046e+00
1.044265975706148764e+00
9.836066016009095136e-01
1.004953232722193501e+00
1.004473881693287662e+00
9.961938216573237304e-01
1.000651467713768339e+00
9.845697737498505520e-01
9.819170442613841532e-01
1.015926649403684934e+00
9.565508197852037320e-01
1.000501277868748762e+00
1.032880316626228367e+00
9.893401860060977437e-01
9.711993509738766628e-01
9.713054709382797913e-01
9.749165868405593738e-01
9.876103633536056359e-01
9.797944076238866984e-01
9.813995073585118911e-01
9.962842888088271343e-01
1.016478314093118618e+00
1.013570201818078553e+00
9.700044479022954524e-01
1.013507496464371327e+00
9.854589724621254376e-01
1.027089112871382159e+00
9.669771569898037988e-01
9.619635218829711842e-01
1.034827470305018871e+00
1.028548904610762538e+00
1.015228971660223189e+00
1.049761391811960598e+00
9.807334816684615264e-01
9.981131729906220773e-01
1.035658162178197506e+00
9.943631355044221243e-01
9.905361259923540773e-01
9.615623285786113472e-01
9.980149870735529616e-01
1.043802154791685810e+00
9.990044150356306440e-01
1.032328854491936454e+00
1.031907013386683891e+00
9.892018023499475898e-01
1.016843863790380942e+00
9.718653399496554046e-01
1.004052458548798210e+00
9.919109679181257189e-01
1.000254502797277567e+00
1.011091479320147313e+00
9.925937291711137700e-01
9.840865525668447411e-01
1.002873824575687189e+00
1.009742423668862799e+00
1.015038967064927355e+00
9.978106634403698383e-01
1.007856476281354663e+00
9.657733133669146319e-01
9.927067022127238349e-01
9.824581440286770384e-01
9.974813448036267127e-01
1.007277150239068053e+00
1.024610548451847514e+00
9.634377855985836181e-01
9.809389134083916773e-01
9.865379409598561411e-01
9.783951893415534506e-01
9.509860478776329673e-01
9.915496832669090654e-01
1.023474605154695238e+00
1.035078613849243601e+00
1.006315930867142994e+00
9.948012234534874265e-01
1.014205475588663363e+00
9.980870616591700495e-01
1.005515250691550122e+00
1.011241847398365090e+00
9.976173552513213361e-01
1.021111165233738571e+00
1.005657074230934533e+00
1.026453690950707598e+00
1.018091389253738654e+00
1.014055914165656658e+00
1.000740713765557732e+00
9.829811946811134460e-01
9.998305780210051674e-01
1.047253788704279431e+00
1.041337113048663277e+00
1.007660699555407158e+00
1.000168826813895517e+00
1.003902923544663039e+00
9.819091629048595227e-01
1.018116632302204172e+00
9.904407347826424957e-01
1.009043627552881128e+00
9.992066191979801504e-01
9.974369385328919480e-01
9.841217787496214786e-01
1.019533891082259558e+00
1.006980247456141342e+00
1.020640165984798564e+00
1.004283415679880553e+00
1.019340594693707969e+00
9.988976508893301354e-01
1.019650059738821168e+00
9.913286624202628516e-01
9.934111172587981597e-01
9.444997477129535302e-01
1.000932889362068812e+00
9.752725659157536198e-01
9.943260230634881625e-01
1.018886016925357074e+00
9.903214310341764692e-01
1.018832705192858290e+00
9.877636138779630759e-01
1.030861334932500206e+00
1.022329500229252508e+00
1.005377262670785754e+00
9.217252674001296109e-01
9.980046177484190872e-01
1.003669329727469250e+00
1.015388170508287002e+00
1.022333391062352659e+00
9.871386943839326467e-01
9.882234409532715258e-01
9.533788110600248666e-01
9.894760293177157218e-01
1.012806414497385399e+00
1.004661557022924701e+00
9.738091435946946151e-01
1.007961453764923743e+00
1.006579139849518745e+00
1.040916141937564543e+00
1.004009689032114183e+00
9.917852301626632894e-01
1.026162908852591205e+00
1.012487801412130350e+00
1.032132402977877339e+00
9.813843492110890798e-01
1.018952869073063816e+00
9.823241218384345386e-01
9.736418815488839806e-01
9.855598634176840900e-01
1.022381058111867302e+00
1.024388417940687468e+00
9.976127722506392681e-01
9.623180268515274527e-01
9.951871449000908587e-01
1.023245035592726282e+00
1.020822385601932059e+00
9.916088119269582668e-01
1.019298369124341352e+00
1.005736610031852774e+00
1.018560685356240558e+00
9.897142850402705916e-01
1.021381834284413204e+00
9.552799516272718616e-01
9.927484317588082252e-01
1.025592953596535573e+00
9.757637953109485895e-01
9.850264415270889584e-01
1.008859361350671113e+00
9.908623186120170123e-01
1.003585035324894958e+00
1.013410295190715349e+00
1.018244345859300015e+00
1.006904435720512803e+00
9.689430213856969898e-01
9.707844355228453237e-01
1.020143541590959879e+00
1.008110499777211899e+00
9.934401678792219581e-01
1.023440022258423676e+00
9.847118023738338222e-01
1.011734024326023329e+00
1.006450456483848566e+00
9.955185277004651168e-01
1.015235850255914452e+00
9.665140148425362954e-01
9.989508166565872482e-01
9.739639786964415791e-01
1.009530644882292716e+00
9.665276656462604699e-01
9.908369001499667261e-01
9.629024167595853223e-01
9.723785119327658100e-01
1.020964919869655541e+00
1.001926844027217101e+00
9.797272754807136996e-01
1.029003299781811265e+00
1.006880441635755075e+00
1.006966469764623895e+00
9.735957129109806818e-01
1.023049241635409334e+00
9.892793442295053641e-01
9.499427737704154717e-01
9.889921457240120617e-01
9.755463892010080018e-01
9.992447988794950220e-01
1.019281817804440271e+00
9.774788378323319149e-01
9.878542977863313812e-01
9.801515651372388893e-01
9.969420319817410281e-01
9.915517373971476367e-01
9.961157409380174688e-01
1.008233949159730525e+00
9.680232947638274243e-01
9.867677766880759149e-01
9.924134201354196660e-01
1.001077453656035621e+00
1.006839164740108039e+00
1.005124884867237389e+00
9.990240500092398834e-01
1.005689633591037691e+00
1.001550591932503398e+00
1.018938422018384138e+00
9.771617454885150877e-01
9.870429187552277606e-01
9.840498607775430839e-01
1.001399778585486677e+00
9.884001771183750229e-01
9.846787245390170584e-01
9.950412811597033613e-01
9.795422917998760637e-01
1.007162122636238832e+00
9.651819801837487889e-01
1.048507280377718232e+00
9.888342364037592258e-01
1.015299486709580590e+00
1.031496530413967383e+00
9.914718209781762104e-01
1.025468497249866218e+00
9.762688107953102490e-01
9.944245100991229158e-01
9.812246333270919774e-01
