# data in one-minute intervals
9.331539970674910256e-01
8.377908876008630656e-01
9.022732559121163787e-01
1.151592110430941895e+00
9.431044177028491404e-01
9.839545693354545541e-01
9.139987395643687229e-01
9.339358745979706722e-01
1.034081242396878153e+00
1.031522887940126809e+00
1.049770116539859632e+00
9.939341470308944437e-01
7.844718854485226434e-01
1.149448097282090409e+00
8.892083670211020641e-01
1.048506449886605019e+00
1.031123590533759016e+00
1.029852734244182111e+00
1.061180192862543947e+00
9.000937826990821344e-01
1.093164290465687971e+00
1.213123188444475975e+00
8.701081136021573403e-01
9.973038827755705826e-01
1.111457548259333405e+00
8.631656127315061600e-01
1.246128551100001758e+00
8.348391145965352589e-01
1.098490158177690690e+00
9.702702811396628491e-01
1.019558560241012213e+00
8.706298106592336161e-01
1.034340881300861881e+00
9.380363152845488939e-01
1.054325630421239390e+00
1.028158582058001480e+00
1.100217163965869993e+00
8.727262472714581998e-01
1.104351553420758858e+00
9.329751102120691364e-01
1.020350458747462330e+00
1.001067754869229720e+00
9.332348822101387276e-01
9.879031614326567734e-01
1.181645782545698076e+00
1.004891205487240313e+00
9.774697514243233520e-01
7.832000539906944780e-01
1.048707991995041056e+00
8.604722631115865328e-01
1.056217005865126790e+00
1.171969941720604202e+00
9.759288905111920265e-01
9.427896058086638886e-01
9.570424538109542079e-01
1.068481893319754406e+00
1.095075135457080240e+00
9.898392562050069010e-01
9.750147816634500142e-01
1.150151955557882744e+00
1.154403995196958022e+00
9.499960679829219101e-01
9.791368315076861562e-01
1.272224749392983911e+00
9.610104132937853372e-01
1.001110635989987951e+00
1.051624446242978017e+00
8.529414658959483253e-01
1.095423647345753038e+00
1.072804091859467235e+00
9.856832834993970449e-01
9.460974438209845960e-01
9.513711258770920498e-01
1.180360089999407780e+00
9.228618279980389527e-01
1.087108012196838391e+00
9.461524217322151431e-01
9.662994973832249590e-01
8.957102220363227785e-01
1.035720845305303950e+00
9.083728241527747604e-01
8.896159043829449109e-01
9.901723397167785379e-01
1.098234506866862192e+00
9.626994593999100847e-01
7.942365754982552151e-01
9.518184043567762265e-01
1.065275004083932275e+00
1.095473612656242102e+00
9.873140893020044828e-01
9.936576411174375956e-01
9.944435600275765008e-01
1.175533631907809129e+00
1.098928396449207590e+00
1.128983216837134540e+00
1.100962664374393718e+00
9.346603487611455652e-01
8.876043268194235836e-01
1.064448601882777456e+00
1.052582619106923856e+00
8.912635539215332248e-01
8.375092470107591280e-01
1.068284212205374395e+00
9.802486742007188170e-01
1.085744353382044780e+00
9.671551937302165225e-01
9.029977985748910418e-01
1.033775578709301035e+00
9.719234537062525492e-01
1.145369677721343349e+00
1.039662341857779282e+00
7.328613515242801135e-01
9.191227161788523281e-01
9.714202108102896194e-01
1.096290141825151609e+00
8.868393649211904206e-01
1.072862308891916028e+00
9.103308155536831148e-01
9.250995425722197130e-01
1.116657341565339134e+00
9.052581863939053175e-01
9.868831773965721643e-01
1.116643929030852744e+00
1.182842385461619461e+00
1.109981774480134797e+00
1.000674981335135660e+00
9.682357559130321256e-01
1.097982400708381823e+00
1.015131387021372955e+00
9.900502826236854403e-01
9.938099312245118888e-01
9.437302628945060112e-01
9.936599343299927778e-01
9.603553689224378909e-01
9.839417187713088708e-01
9.345017709899858804e-01
9.639796722999026679e-01
9.575004114767022845e-01
1.267192604643041731e+00
8.764493813509103282e-01
8.966526737654304524e-01
1.052285014099525906e+00
9.936774071783448514e-01
1.016780187747026609e+00
1.002241906444214070e+00
1.089681200217926360e+00
1.135980637934895565e+00
8.440080939053076214e-01
8.808206613193996226e-01
8.632131308130921443e-01
9.714552677829193517e-01
1.043013359813612428e+00
1.058956602125396440e+00
1.067668168284769958e+00
1.070951472276264971e+00
9.090852612104618480e-01
1.010218366789406685e+00
8.546806952850379835e-01
1.005784986614517873e+00
1.034181267261739423e+00
1.035685738916231946e+00
1.079940265358752871e+00
1.142153247043822928e+00
9.808845944782974557e-01
9.791527701679983986e-01
8.823729666055795118e-01
9.999271396692671621e-01
9.338315160411360116e-01
1.108113272513219671e+00
9.634803274919105931e-01
9.379365565340702648e-01
9.874439356593871508e-01
1.056855370492667090e+00
9.186242958729711194e-01
1.077342183589404367e+00
1.198202075685955492e+00
1.118229241196106338e+00
1.218941862901501860e+00
9.688111093025665310e-01
1.007761276627575420e+00
9.833782869605282029e-01
8.558339746793797165e-01
1.050776502067671148e+00
9.647886638169191897e-01
1.069569605818616820e+00
1.021097398892609753e+00
7.946314989128793194e-01
1.044625495851349894e+00
9.903475407126937080e-01
9.333752897175757735e-01
9.637941011050726869e-01
1.128217099105415011e+00
7.324998735464185451e-01
9.753401689015986920e-01
9.948814498944358320e-01
1.113011289355500644e+00
9.491708939248364452e-01
1.167394600214868294e+00
9.597990002242754448e-01
1.027738275898052445e+00
1.065002253905624530e+00
1.089185300529584177e+00
1.018619617790910814e+00
9.077536392799513409e-01
9.181125225071022911e-01
8.953154000869784079e-01
9.449357865422347569e-01
1.131707612408998642e+00
1.059884721472143188e+00
9.033333058535386595e-01
9.065825487065958255e-01
1.041853956829753569e+00
1.004590208373613347e+00
9.278548071152727950e-01
9.415643256698638108e-01
9.200832093537519851e-01
9.148206667090654776e-01
8.744072034094194645e-01
9.798441380795724909e-01
1.111479413065686206e+00
1.068607138263751422e+00
1.117178985177118555e+00
9.951609353497796739e-01
9.951294336625503556e-01
9.678602214124492065e-01
9.018693412215046390e-01
9.171254765751064575e-01
1.003395000250161040e+00
9.708552839518985733e-01
1.133384828245775688e+00
1.124739091635313049e+00
1.006347482508940017e+00
9.740855815332449819e-01
1.130030724904050654e+00
9.246229108556245357e-01
1.081317892433309558e+00
1.128426303056259572e+00
1.271119125252391679e+00
1.125408440025015500e+00
9.028069789606022466e-01
1.094996610419901151e+00
1.048758041061905955e+00
1.071735187037206494e+00
1.061350955813704422e+00
1.065906241984589498e+00
1.168751339479758622e+00
8.933835041358937357e-01
9.768652912773089225e-01
1.024069369936096763e+00
9.160482831815341953e-01
1.001762898723943529e+00
1.021183257979478842e+00
1.064908481145131924e+00
9.233607303370875430e-01
8.657198089738969982e-01
1.118210510125879908e+00
1.137123689025962392e+00
9.036470096981592537e-01
9.773592515124064350e-01
8.472621481664561749e-01
1.067960377145619644e+00
1.027346289536073209e+00
9.473455345109210723e-01
1.117052824568772973e+00
1.044183028059818552e+00
9.902024133148702445e-01
1.080720961868162133e+00
1.204503837874347338e+00
9.779371355519799192e-01
9.491991064259964750e-01
1.199618410377211175e+00
8.524204497730589747e-01
1.038381660484323454e+00
1.109069936059970951e+00
9.004773316089759172e-01
1.038081490005949181e+00
1.152635286570435680e+00
8.863058469145572715e-01
8.967924823777736476e-01
1.110506852040263004e+00
9.965218411996442649e-01
1.166226391151978348e+00
1.039710543335871096e+00
9.364045365723434600e-01
1.096323039967301627e+00
1.060247552703671214e+00
1.013340207192386488e+00
1.095176822318091325e+00
8.718987700371260141e-01
9.719096496933048446e-01
1.036248419297624901e+00
8.313678341995278664e-01
9.914994020820526721e-01
8.840259554471983083e-01
8.657753669726843126e-01
1.029626288403621803e+00
1.009352604272123255e+00
1.085415223610376456e+00
1.117953792886388964e+00
1.098760199295102380e+00
8.335084813473707666e-01
1.076235836649899413e+00
9.262018629000877690e-01
8.804570232757835679e-01
8.669450280087278582e-01
1.063138484106888271e+00
1.075695476822410068e+00
9.110468077196957060e-01
1.019568377555713612e+00
8.376946706143153509e-01
1.027753895953950503e+00
9.263076256030200462e-01
7.694790161539877271e-01
9.379065836853420768e-01
9.889910612596251038e-01
1.139949560701584597e+00
9.855794122809284907e-01
9.511300827275305236e-01
1.103926205105429492e+00
9.065683788008845889e-01
1.084380317813688155e+00
8.689480084369293200e-01
1.043834886587296173e+00
1.144201480207995392e+00
1.126649438621986743e+00
1.032367654401689760e+00
1.093362652632608345e+00
8.395901886470266140e-01
9.083251265065752644e-01
9.713048742730688856e-01
8.267675133441143576e-01
1.021111127962193832e+00
1.088710074763482361e+00
1.059706206795822947e+00
1.131052875350607057e+00
9.446708557333023393e-01
1.132752901774290555e+00
9.258029429932933541e-01
1.001231073577330655e+00
8.860595012837044759e-01
1.078491418880170860e+00
9.455784544590504215e-01
9.578072831235862061e-01
7.573328193534859532e-01
9.774988052767860092e-01
1.115752701497763066e+00
9.222392216148265209e-01
1.233510830255989621e+00
8.715854602475541224e-01
9.295286975029627419e-01
9.688952222805508052e-01
1.166484133887369268e+00
1.092881065600634027e+00
1.054262332100938782e+00
1.026624118238924854e+00
1.079421560093330346e+00
9.856068302935503400e-01
1.119548933744917818e+00
9.258922098129324096e-01
1.037229636547624123e+00
1.062428559688846086e+00
9.461019961018514168e-01
1.012173599458239259e+00
9.964240803534110125e-01
9.250154680599884660e-01
8.402666338961054526e-01
8.809230222981607739e-01
1.100981140678272130e+00
1.032920609487676833e+00
1.161130040919813311e+00
9.384378927138358195e-01
9.455553201399327090e-01
9.419983114704427729e-01
1.142363638985768093e+00
9.180968607568484874e-01
9.058184403254966321e-01
7.724438705159517582e-01
9.367220034130301354e-01
1.054898433477354569e+00
9.817194789697016866e-01
1.010503592946115470e+00
1.053237031976953286e+00
9.809123468069168572e-01
1.026697672661199823e+00
9.963950319115956189e-01
1.065855750056370788e+00
9.772539164555938962e-01
1.018596070623488226e+00
9.714422600960208598e-01
1.091122796836740738e+00
1.251425359882567534e+00
8.807938484707573679e-01
8.759555335229288753e-01
9.084376184240354757e-01
1.092468736497977266e+00
1.017798266733054735e+00
1.120618309451395955e+00
9.100127092246251825e-01
1.003368742700312621e+00
1.023815485554946392e+00
8.934506022130135339e-01
1.239782587068769981e+00
7.985471232740768421e-01
1.030674956335645431e+00
7.399856324655493811e-01
9.661007894927591266e-01
9.411649257054711670e-01
1.092554126910559198e+00
1.109363950919087127e+00
9.206263718742856428e-01
9.338417628569410933e-01
8.376941975776150962e-01
1.060492677136595452e+00
1.074075949235956173e+00
9.471291320063650598e-01
9.871403991928971999e-01
9.751194042001234408e-01
1.058769210857147591e+00
1.034212453293370304e+00
1.080417167445369531e+00
9.404960299933544654e-01
1.196084183219364494e+00
8.793815260360652308e-01
9.830972195511763490e-01
9.118076122573158804e-01
1.000142809056953297e+00
9.970292433827480094e-01
1.277966918308512057e+00
1.066725839098974005e+00
8.983628164660377724e-01
1.014246088871833429e+00
1.094879711260330346e+00
9.646522389970499933e-01
9.544043769188260695e-01
1.251262200919608825e+00
9.833688815097112457e-01
9.746789034514956596e-01
1.138051350458001432e+00
9.708458108243093188e-01
9.641858746968442473e-01
9.641708634879455619e-01
1.056682361299720485e+00
1.033599213917682169e+00
9.545245097416862334e-01
1.081863937122585995e+00
7.820367387853850438e-01
1.077112307649674916e+00
9.056648180649686797e-01
1.030679610620090392e+00
1.051910576380097551e+00
1.113593356726666928e+00
1.093820991933235121e+00
1.179008591694495012e+00
9.904045652765438579e-01
9.641783022135423931e-01
1.234675596309037893e+00
9.494838157568826764e-01
9.184606734289286756e-01
1.037488129731465092e+00
9.391149339085880232e-01
1.139716283162608645e+00
1.109595586101371323e+00
1.178717887029831601e+00
1.095065921654325924e+00
8.979722877916869184e-01
1.113281302828755370e+00
9.080330473191620122e-01
9.928460656745885515e-01
9.527290446046435823e-01
1.091666900371530913e+00
1.088717204306914210e+00
1.085456961909875950e+00
8.320489853547146097e-01
9.955529901820123762e-01
1.022060917642831246e+00
9.193732414120985297e-01
9.325743456189704572e-01
1.082312640312372176e+00
1.086961946342876351e+00
9.653001995313194028e-01
9.966521927099913913e-01
1.059380767519281674e+00
9.769353563380477334e-01
7.963723629290470063e-01
1.239415331362430983e+00
1.071183522310243275e+00
8.343595961986896015e-01
9.803023442467320159e-01
9.609458292941820412e-01
1.213595288723360088e+00
9.684602242411712858e-01
9.674992041559710154e-01
1.048119455048409865e+00
1.052871380206479968e+00
1.165065831031527388e+00
1.017335762500452212e+00
7.826159865500804669e-01
1.069216210086036067e+00
1.045571784855396702e+00
9.627723963433781895e-01
9.551206916217303000e-01
1.032793720252505043e+00
1.111503639670660126e+00
1.151324020175233720e+00
8.347211837303243342e-01
1.050995860288709505e+00
8.609375942691142036e-01
1.046237616787374813e+00
1.016754263349747722e+00
9.259703256391134119e-01
1.074731926652431557e+00
9.724556536408752727e-01
8.351430677778715062e-01
1.126753087402597941e+00
1.045923902538345773e+00
9.517238856083303222e-01
9.754835089894593469e-01
1.003998085638658999e+00
9.893755970427652313e-01
9.962627756144315505e-01
1.190394031694669064e+00
9.347734142076569164e-01
1.179091795030874801e+00
9.849630795157026109e-01
9.900780226201728595e-01
9.704973276210372424e-01
9.435884411544935846e-01
7.945966082231521455e-01
1.039849382871891992e+00
8.387970443626223682e-01
1.116897447093171181e+00
9.961915972174295586e-01
1.010519832910907745e+00
9.955473805171954904e-01
1.056572682391325069e+00
1.152788534144669752e+00
8.560694842659146708e-01
1.234113502437542920e+00
1.099897773348968988e+00
1.033089183461466387e+00
1.075029797791726693e+00
7.924791736702361256e-01
1.038954875527334121e+00
8.528657359261540005e-01
1.049291072254123547e+00
1.003579366881269364e+00
8.596467119311473892e-01
9.638470376950465379e-01
9.936983379197392718e-01
9.968561509040618773e-01
9.058401513047718012e-01
8.402596059839433362e-01
1.062440230188428814e+00
9.741500087661850715e-01
9.186666599265784772e-01
1.052815956660466457e+00
8.906800364226781230e-01
1.107249267691052586e+00
9.425418424306919452e-01
9.643109692348975637e-01
1.256979188487559407e+00
1.076039291988069913e+00
1.292641949059749162e+00
9.637520265059243973e-01
1.055664680798877875e+00
8.658868903082665991e-01
7.578897594171866148e-01
1.000242169730403807e+00
1.042870404795261052e+00
1.138474892338972699e+00
1.056099432913409242e+00
9.114306740532613915e-01
1.023551950414223644e+00
8.699765929921792207e-01
1.018654624550512811e+00
1.071555734394039394e+00
1.027183006950453725e+00
1.041293501160796220e+00
1.113008472765226298e+00
9.462676935587911453e-01
9.280300788178134086e-01
1.016166816280932084e+00
9.804427929385586271e-01
1.110834022353554440e+00
9.723735841147067571e-01
1.057684667114180410e+00
9.999494072578810622e-01
7.732019322123032667e-01
1.001094825086727980e+00
1.078382212860771627e+00
1.044480068363453196e+00
1.159677987715445724e+00
8.353327061798816455e-01
9.956935192840346005e-01
9.081228828491387794e-01
1.047495353180074806e+00
9.363180637580352794e-01
8.746736230271823231e-01
9.457262290480809019e-01
9.152302599886447121e-01
9.762094348306792346e-01
1.025396802145366548e+00
9.028314600792969324e-01
9.338712363377374981e-01
9.707403155456061361e-01
1.004389487728304831e+00
9.017917995354987060e-01
1.042217685209774869e+00
9.160585534328919977e-01
9.466501867406115212e-01
9.851161911855104147e-01
1.001692519983429674e+00
9.480716318414493804e-01
1.121812655813046122e+00
8.910749588896382800e-01
9.534059836896194851e-01
9.848769243477299984e-01
1.070573003524088573e+00
9.616565606947243827e-01
1.077993784541770195e+00
1.037950391022383290e+00
9.788674159423020882e-01
9.845633567185481105e-01
8.455892306764625221e-01
9.928107674814433681e-01
1.001218985705091047e+00
1.023491084179834809e+00
9.940243514074056375e-01
8.995079862836147244e-01
9.438744321649511493e-01
1.034673158780470281e+00
1.074464871164122259e+00
8.863395651290111310e-01
1.036968966792287450e+00
9.656136385198165195e-01
1.151877315743551566e+00
1.030797763232200959e+00
1.034667280368122944e+00
1.138758184831521358e+00
9.722309705631062560e-01
1.012270049998990729e+00
9.744317235991042381e-01
1.000795221774217758e+00
1.125012933934607551e+00
1.020146266133218127e+00
1.090829300325783624e+00
1.079919384639308255e+00
1.050278914634311000e+00
9.162146188820218251e-01
1.035022045846401673e+00
1.187876682750045543e+00
1.006380973887160080e+00
9.945074433126439573e-01
1.084429684321932097e+00
1.169325246286922804e+00
8.992706472907348036e-01
9.823948369933844793e-01
1.023531697361628634e+00
1.093811938642434534e+00
1.097286354543361320e+00
9.579684880244625500e-01
1.258325021974669777e+00
1.019940022834081139e+00
1.036710299489501441e+00
1.015854112997651937e+00
9.304240561186410963e-01
1.006280254505413918e+00
1.007151150918323301e+00
9.439412685690237170e-01
9.517438235127125834e-01
1.191964864863549245e+00
9.580223490948379661e-01
9.750395116990242528e-01
8.018643688259494695e-01
9.924540760421604046e-01
8.126014733959985303e-01
9.199487779823181111e-01
1.078645766136550721e+00
8.815363249291854331e-01
1.012364756897136120e+00
8.036984390372149401e-01
1.054308088417508671e+00
8.762598566455463978e-01
1.140489493130853571e+00
9.563851745547472527e-01
8.543559474373222384e-01
9.207807337508179257e-01
8.773283893647658704e-01
7.479021013711828481e-01
8.931478944054231928e-01
1.110517092538159334e+00
8.995942517729709209e-01
9.304946298736447297e-01
1.077631890313460739e+00
1.091159118313720811e+00
1.161833576701136961e+00
9.829327770371591999e-01
9.044101688203008971e-01
9.223396495310480780e-01
1.062121932261994584e+00
1.041649314495883827e+00
1.063813356776394992e+00
8.970093459784495016e-01
9.779370419528495839e-01
8.736718587417298121e-01
1.064854348745690293e+00
8.336735958159693372e-01
1.010210183060011868e+00
9.154331908271795548e-01
1.012079530160116869e+00
9.011677662491756058e-01
1.039445966975087288e+00
8.449937975350818586e-01
9.132364011571368900e-01
1.132868399640611701e+00
1.049686614909723481e+00
8.723675938034407551e-01
8.065943292748397608e-01
1.016879736233931020e+00
1.270518284804072362e+00
1.008691957685825757e+00
1.016705084308352047e+00
8.711682581467028452e-01
9.492561926896586622e-01
1.130771734955878127e+00
9.468312086199985877e-01
1.065926495438961341e+00
1.176607003978452637e+00
1.098371818154107338e+00
8.919478256327997290e-01
9.267133662472134548e-01
7.954961552590187335e-01
1.061730345217162252e+00
9.730550125737232880e-01
8.928053515274348984e-01
1.072768084127977417e+00
1.029561751334331809e+00
8.842996615524689741e-01
1.094153128614678394e+00
8.879455707056115310e-01
1.002475584311874446e+00
1.136953164598339949e+00
1.151836546143265361e+00
1.074098444875929426e+00
1.079454026393046995e+00
1.029046080757525461e+00
8.547933888085300635e-01
1.129864281277570770e+00
1.066338177952869781e+00
1.003972264205861942e+00
1.177578956087216078e+00
9.883732739103521237e-01
1.121622030108377466e+00
1.134741488987390357e+00
9.341203454983203480e-01
8.672455784201729134e-01
1.047062327901936651e+00
8.504724284248337263e-01
9.285342693418334736e-01
1.020213384806255563e+00
1.097727149693348059e+00
1.091172652956450717e+00
9.423351314865866524e-01
1.051563724943912481e+00
1.053001435267469699e+00
1.036474149415645751e+00
1.083421985988936243e+00
9.105648000317989599e-01
8.540397333236811050e-01
9.377468640645796327e-01
9.247836186183202578e-01
7.666842157626995169e-01
9.545748663074871132e-01
1.028206566244574516e+00
9.204709322138122651e-01
1.084792428572576739e+00
9.947001704923630339e-01
9.640957502875555640e-01
8.418466241050366339e-01
9.928332170926655875e-01
1.044706986243435942e+00
1.044322123350842402e+00
1.196428291448555115e+00
1.015638141328453870e+00
1.099326763557218367e+00
9.787554503638999925e-01
9.206293487433014899e-01
9.718192124500052431e-01
1.057803513826347963e+00
9.649896276619346347e-01
1.112405486937324328e+00
1.188677819517603762e+00
9.858469283089833501e-01
9.198749657158753479e-01
9.182983655594424421e-01
1.045313046243325328e+00
8.934041327386248454e-01
1.004977768938344340e+00
1.147685233406214422e+00
8.000190634443039572e-01
9.373995461642841143e-01
1.113360882892235448e+00
9.308759178336352136e-01
8.639730127714814190e-01
1.140304878798181543e+00
9.131937159645432400e-01
1.033643592288981727e+00
9.719131427009685131e-01
9.570701732601618605e-01
1.088388000784516141e+00
9.505850507833591978e-01
9.404812091809036101e-01
8.216770061192580910e-01
9.279556312844222665e-01
1.026237986221862020e+00
1.118157631336419211e+00
9.316650481706918452e-01
9.016498604067948452e-01
1.092632840414179851e+00
1.093840397000940712e+00
9.001716978496946409e-01
1.076547581726817082e+00
9.415770771521025928e-01
9.100687611851008274e-01
9.753416067076632334e-01
1.002827189798080054e+00
9.052266574408307509e-01
1.158324127127728032e+00
9.883719500039727102e-01
9.862922507732727606e-01
1.103121010423477655e+00
1.225205557702418124e+00
9.091135172333109082e-01
1.153007809315751420e+00
9.379847564934699067e-01
1.196893069171012236e+00
1.059831019021492349e+00
9.200342241962997658e-01
7.805535517241686261e-01
8.407654942369184869e-01
8.891089435687574705e-01
1.069676507974015589e+00
9.486010163581630739e-01
9.396695549954141580e-01
1.030891222903383309e+00
1.047256155664751942e+00
9.653572662672962323e-01
9.246855731756109531e-01
1.154718028245712791e+00
1.126671745993962137e+00
1.189384968119916897e+00
1.082295654457529288e+00
8.641367604150198556e-01
9.759239457749125934e-01
9.407632868941377957e-01
1.106658033374707362e+00
9.050904790481690831e-01
1.105797611640626288e+00
8.718800646586198910e-01
1.154608430255645413e+00
9.813202806842248327e-01
1.082617779995382001e+00
9.855112129911581809e-01
9.945716988535546754e-01
8.668784653161273335e-01
9.254119982603694616e-01
1.016939941400430092e+00
9.877367162300072501e-01
9.801203487441235707e-01
1.024766376099014442e+00
9.222936450710446099e-01
7.664938775411835881e-01
8.464405400228277587e-01
1.067228425548113924e+00
8.490133359121049272e-01
9.386018204437478474e-01
1.049818379505387478e+00
1.103562676457226388e+00
1.084058316207844985e+00
1.113067616362649392e+00
8.447131575554399641e-01
8.651307420454756869e-01
9.442173297021088096e-01
1.096947431908277926e+00
8.764487400092544345e-01
1.070772798197188624e+00
8.859995912669299534e-01
9.597953667955736456e-01
8.554979975556290528e-01
8.538060925977046800e-01
1.106514764832431386e+00
1.125720831122432708e+00
9.762551561175695225e-01
1.005638489639472777e+00
7.858442446056539410e-01
9.870035770099705452e-01
9.480253697293651305e-01
8.913225987857062993e-01
9.463104112394937761e-01
9.642343060890677942e-01
1.037995530704391545e+00
1.027089519363538317e+00
1.085019492158977306e+00
9.969035991766057592e-01
1.080737247490351383e+00
9.173231258303288227e-01
1.147336738041162763e+00
1.082088177955218944e+00
9.886659793824333908e-01
1.021392838533661696e+00
8.146254475268690509e-01
1.178291984275579907e+00
1.020350341255102045e+00
8.301070026951967717e-01
9.922907247516751239e-01
9.719254528170936380e-01
8.485465408191406045e-01
1.103088697665954188e+00
9.059766484809204101e-01
8.966974078610421284e-01
1.030555980611416400e+00
8.792749383330463742e-01
9.320354366089357301e-01
9.882896662324879289e-01
7.718606572327642024e-01
9.655137253449227464e-01
9.989186525868358757e-01
1.086527516503174917e+00
1.046441957867925376e+00
9.476887056667254727e-01
9.801438814463586668e-01
1.013629124604568110e+00
1.020224011456468016e+00
9.534199811673133018e-01
9.673278242141919447e-01
9.900488886404081867e-01
9.911104454900571126e-01
1.046967341613331381e+00
1.203421026141931360e+00
1.068473730976901015e+00
1.124721306930860365e+00
9.271466740301926857e-01
1.161035723484630466e+00
1.185225450086564214e+00
1.100269865238769018e+00
1.195533363940325833e+00
1.033037023706915303e+00
9.861671015233336446e-01
1.104529861640877186e+00
1.010114195168275275e+00
9.450108391904322724e-01
1.159060070080821125e+00
9.782161412633337827e-01
1.020013766664903399e+00
1.001499180046460546e+00
8.422849259950245804e-01
9.463826215261386121e-01
1.078241685659641291e+00
1.090470364109581869e+00
9.882732235490456763e-01
1.044746448138992312e+00
1.098440620573295723e+00
1.028461660259327060e+00
9.034882291513224306e-01
9.871418921943332370e-01
1.098046198762613335e+00
1.002805077692611846e+00
9.149459707123405172e-01
1.106043039359601687e+00
1.191127891194086574e+00
9.122548674681957293e-01
1.146489924677277727e+00
1.085248502204201770e+00
8.118293565290236602e-01
9.874298990526633180e-01
9.625790225219994500e-01
1.205423126732038330e+00
8.957030415197049233e-01
9.420710273612890040e-01
9.473961605372197559e-01
1.041341332369466022e+00
9.947896113080418878e-01
1.027893380801263579e+00
1.057847892397956846e+00
9.030586714306921836e-01
9.853178567414123679e-01
9.932676133378094407e-01
9.573257098083285399e-01
9.131337695518100261e-01
9.448339239139229573e-01
9.933067540235801518e-01
1.032764538535593246e+00
1.056787049904401865e+00
9.412295290958982985e-01
1.119819907255105385e+00
9.112676791359619610e-01
1.020829265750417214e+00
1.094650127581864307e+00
1.102997383614822802e+00
9.972332104558025989e-01
9.052399492066380837e-01
9.602501314896961793e-01
9.045435423396640529e-01
1.041368428575307092e+00
1.063948866005916871e+00
1.121212104929177444e+00
9.316732861158040224e-01
9.427584938945413606e-01
9.516571311748560635e-01
8.884947297473032579e-01
9.623314605649568865e-01
1.028840020333402494e+00
1.065740759702845430e+00
1.082207976701837104e+00
9.991071063941601160e-01
9.511159196900451640e-01
1.024218234469342681e+00
1.018358188868865533e+00
1.160257657338898518e+00
1.022973671776513882e+00
9.412607695447753331e-01
9.761132670363743546e-01
9.270546014331028095e-01
1.101166349681723888e+00
1.174342091215588857e+00
1.083936739009875305e+00
1.133901593693828813e+00
1.109974602658285514e+00
1.036617137132604505e+00
9.156553484603072723e-01
9.516882350513572453e-01
1.027726826489545608e+00
1.010014400202182472e+00
8.438027018535230184e-01
1.052056898149750896e+00
1.056530084325551400e+00
1.080326464762009220e+00
1.007158004977531274e+00
9.803695795890483566e-01
1.035785387088885567e+00
1.048154619820369060e+00
9.990221395129178505e-01
9.573507972084656092e-01
1.077239058634838154e+00
9.651190531063028599e-01
9.091223441491045332e-01
1.152464415374093942e+00
9.659071570984518740e-01
9.382629443411577563e-01
9.964046943983247973e-01
1.040984806259954709e+00
1.002096137516497842e+00
9.856745893038808548e-01
1.005897388936484615e+00
1.317686782262934120e+00
1.053349993184089284e+00
1.000463549935340923e+00
1.027421811062821932e+00
8.003289062025005229e-01
1.145932084900461723e+00
1.104813630861495310e+00
1.022048546059572960e+00
1.050236550930166768e+00
1.047587165452972702e+00
8.620428584002238770e-01
9.008073250122126119e-01
9.035945334435433463e-01
9.429103729197961803e-01
9.887679609775905654e-01
1.010908944089999650e+00
9.379724403328669746e-01
8.757167719173353237e-01
9.468048024280770747e-01
9.582331917619022477e-01
9.982805059106394374e-01
9.648347586150562982e-01
9.944461854212857110e-01
9.595221148507017128e-01
9.810430694014289354e-01
1.008372368097491423e+00
9.972548494638813210e-01
9.883671646315298487e-01
1.015553628305810641e+00
9.711099503703359836e-01
9.445278594158877938e-01
8.056191542242461257e-01
9.383622417773823665e-01
9.289594844766069226e-01
1.113470619545164464e+00
8.751512152778336828e-01
1.050436172747734709e+00
1.089827471511672252e+00
1.144287255213403132e+00
1.031439341288941991e+00
9.767070142574157954e-01
8.341070188686914300e-01
9.441722961726891628e-01
1.042747717131827345e+00
9.059986495041767451e-01
9.527703625052645897e-01
1.039221366733338758e+00
1.047891986300242273e+00
9.496525415139266402e-01
1.231297319274337276e+00
1.018442642328777348e+00
1.120881954896965293e+00
1.113125318030631083e+00
8.842002564723411284e-01
1.026045696890168113e+00
9.417731665247041084e-01
1.092441979438560251e+00
1.168523273247399796e+00
8.624219538439452659e-01
9.887387549404668130e-01
1.038598083216509149e+00
9.535245717699183388e-01
1.092068457851463004e+00
1.126028039778856460e+00
6.975955002553839712e-01
9.333767114527743436e-01
1.166696134137338969e+00
9.640327083898833083e-01
9.874961200206755496e-01
1.019691217985003506e+00
1.013984046866295063e+00
1.124522464497075047e+00
1.030160624529144586e+00
9.193357207740264769e-01
8.285032423311877725e-01
9.938259442345104278e-01
1.135031855550062696e+00
9.158636382560049194e-01
1.045213904809234595e+00
1.057807172181046917e+00
1.069409214298749244e+00
9.320229466096481286e-01
8.358882703509519230e-01
1.161910725886404538e+00
1.074835490488983192e+00
9.701938722366891810e-01
9.291720018390035030e-01
1.039181582628899037e+00
9.047310372349617325e-01
8.479778148495016321e-01
9.573324265001943445e-01
1.028892430276202807e+00
1.006198184462880230e+00
1.106638907203597588e+00
9.722586154465847619e-01
8.920226875432387681e-01
1.088757286376659916e+00
1.153098487616115664e+00
9.543970623349429250e-01
1.023224261194396023e+00
9.922725027823731114e-01
1.131614634186685064e+00
8.769454221815805584e-01
1.113528417140692506e+00
1.102080156267273292e+00
9.130501271724424939e-01
9.037922442828925096e-01
1.128271225170474734e+00
1.069087609259168570e+00
8.801192871622613989e-01
9.136069212583359800e-01
1.244514239935626154e+00
1.124285060677206793e+00
9.477177835118371085e-01
1.050967303246991946e+00
1.041801958430678354e+00
8.542870005286672397e-01
9.203942768826391951e-01
9.936321786043429416e-01
1.108959370378039155e+00
9.501457090580294196e-01
1.015713272540960777e+00
1.102621971071695572e+00
1.003770609736852615e+00
1.099759854763773248e+00
9.259759645824735541e-01
1.017322460241088633e+00
1.068549722211536990e+00
1.004124455587818376e+00
1.116485832891289665e+00
9.754143065056963824e-01
8.918671992565493367e-01
1.002379398325546678e+00
9.300040605894087653e-01
1.092762239531140489e+00
1.115546822161340268e+00
1.098908362699417829e+00
1.045726304534430939e+00
1.083044702179620566e+00
9.994678396797209707e-01
9.188730001448940365e-01
9.233059953699562783e-01
1.103911038137653344e+00
1.113551816854985388e+00
9.268381072914552155e-01
9.587021709907055378e-01
1.066816650547171896e+00
8.583623263435965489e-01
1.032181771942522142e+00
9.028372801506528988e-01
9.975827742521249375e-01
7.871533893430198159e-01
1.192602390937259171e+00
9.024013330973696956e-01
1.016365272398879194e+00
9.712797326390719688e-01
1.068494506965230739e+00
1.145672619941017434e+00
1.039618537581786351e+00
1.034325438144327869e+00
1.140703982549604367e+00
9.816859185119256592e-01
1.054677587223855628e+00
1.097094292118292902e+00
8.350255847713380364e-01
1.094225385268103867e+00
1.073169440579552658e+00
1.115434261689297601e+00
1.000823555626820127e+00
1.000038001790092057e+00
9.396933263041441498e-01
9.157495832439741523e-01
1.165403636668436604e+00
1.068431278949078855e+00
9.838467122333012238e-01
9.199445978199445317e-01
9.418274875246567257e-01
9.529141839412956783e-01
1.069358400733761316e+00
1.121711246906783810e+00
1.041685895140346707e+00
9.177019776941175433e-01
9.828836141859724762e-01
9.580992305486851768e-01
1.103865132750160738e+00
9.930330957094249955e-01
9.060902303785434153e-01
1.242068650444144273e+00
9.312899131160997657e-01
1.068981674654033931e+00
1.016945225346195247e+00
1.003436454877477901e+00
1.131436742048425925e+00
1.041573386762856712e+00
8.289146434521972306e-01
8.077259314761062736e-01
1.008458885676675854e+00
9.825041994392448297e-01
9.395984583672726265e-01
9.984347922620733229e-01
9.628762038546392343e-01
9.316791055176179004e-01
1.006767241399663115e+00
1.117048032952822734e+00
1.007685345126932086e+00
8.331026918600573650e-01
9.893456922528335307e-01
1.036471281543509315e+00
1.016501802116650088e+00
1.238943607229090915e+00
1.024139246090761457e+00
7.528643372173313697e-01
1.088386734933475264e+00
9.553485277828287492e-01
8.980124931040092129e-01
9.334115712972027579e-01
1.024010384019654163e+00
9.303262503781610793e-01
1.059554844476275459e+00
1.021828508951511782e+00
1.037110250339307260e+00
8.185124856651119218e-01
9.081028917255424826e-01
1.054545014122352908e+00
9.466603616883115802e-01
1.027319753507921929e+00
8.854329442391593030e-01
1.063035994269913243e+00
1.073802514732147051e+00
8.787640633148329217e-01
9.846396594436861438e-01
1.067669537862007800e+00
8.152852531857623930e-01
1.192406802253106468e+00
1.044355961100372987e+00
9.675932876395496596e-01
1.148930745017928690e+00
1.104838946628360796e+00
1.165027112652738506e+00
9.598541430484377468e-01
1.108787830846152511e+00
8.535577016094263447e-01
9.840660421111854239e-01
1.097845864772458269e+00
9.727091582320880336e-01
9.593223196539408804e-01
9.412069388134195469e-01
9.044563440985293745e-01
1.120065663165158432e+00
1.049990824943780598e+00
1.073482970509939349e+00
1.099133782433069362e+00
9.188560097133029458e-01
9.969083014794843933e-01
9.850134941180025416e-01
1.063786990777604302e+00
1.285384910006016845e+00
8.835508772683793310e-01
1.015051068426424230e+00
7.927988622338566493e-01
9.866643310196463457e-01
1.158227644409708379e+00
8.766836594487178447e-01
1.105337375038946801e+00
7.755295018763198600e-01
8.873225072539183689e-01
1.027890292823794294e+00
9.433264508130955184e-01
9.181426644714614227e-01
1.014286970603211380e+00
9.790383509590530053e-01
1.020864343215879488e+00
1.017827254533808956e+00
1.026301324316806651e+00
1.015747560241360370e+00
1.006947457136073254e+00
1.006589239303183003e+00
1.105074590844568716e+00
8.928996760505839569e-01
9.687682903133608692e-01
1.067552254551209057e+00
9.995067487707174347e-01
8.851743473200012202e-01
9.951111520148520073e-01
1.116959551718612387e+00
1.023902305715572725e+00
1.127241045872302783e+00
8.155479383413790639e-01
1.051844370633029380e+00
8.370178605845380870e-01
9.128474385596268004e-01
7.907757854242011275e-01
1.036282415472731255e+00
8.475907858046354271e-01
1.035316692640837033e+00
1.087808295161483807e+00
1.141119167952721059e+00
1.050152423853354611e+00
1.018173418685087483e+00
8.583401368505162443e-01
1.053576615288375873e+00
1.052376177262541956e+00
9.937880897122626234e-01
1.057154746738476980e+00
1.038096084649588580e+00
1.069111494113609506e+00
9.667822020427556673e-01
9.558362319737953028e-01
1.063293111301617078e+00
9.868884387653547030e-01
1.018589800965715275e+00
8.610954324348492062e-01
1.009724683315045057e+00
9.005655512943536722e-01
9.084700755410829442e-01
1.009067272490761669e+00
1.062737641304245084e+00
1.092937044816240100e+00
9.580024444859969179e-01
1.085266089519487887e+00
9.284391479778952849e-01
1.069073188241161709e+00
9.491306522240097188e-01
9.642284620943751827e-01
1.021260854323749134e+00
9.956697728150534221e-01
9.714496121288975772e-01
1.016438677210406372e+00
1.211939711208644299e+00
9.511120196093356682e-01
1.205122440701365871e+00
1.056483619857405465e+00
1.016161663429057782e+00
1.032746129312920536e+00
1.043420593367673455e+00
9.772967191755077554e-01
8.964671660924186103e-01
9.866497919792360793e-01
9.506426914526197036e-01
1.166268748158513446e+00
9.652510985426422385e-01
1.135542171243586473e+00
9.934029235663274227e-01
9.795141264798261638e-01
8.905950655334444743e-01
1.044778285382885752e+00
9.162945514823988002e-01
9.087176521570958787e-01
8.152446106640186541e-01
9.566733640772506764e-01
1.036513137111879646e+00
9.743009127190760399e-01
9.905584930066133609e-01
1.139569179053102177e+00
1.049690007806206804e+00
9.937896799252101676e-01
1.028121664138382352e+00
8.721761973845540972e-01
1.037827014400490855e+00
8.844340696871572094e-01
1.111322045358261512e+00
9.284747242316400140e-01
1.057456392480146334e+00
1.018563530027118968e+00
8.821913908106122637e-01
1.045899946498988431e+00
1.073781658055290578e+00
9.787552698849238952e-01
8.240644810430309830e-01
1.055133128839295775e+00
1.146835306633297025e+00
1.138716251792492695e+00
8.569705528049040844e-01
1.107464472272081668e+00
7.371477803565880116e-01
9.001424060169513908e-01
1.101364419868941402e+00
9.631283349565787910e-01
1.149694704041994919e+00
8.851604607883128972e-01
1.056734607914321167e+00
9.484087718608541495e-01
8.782093736884560853e-01
7.780532191176970924e-01
1.017286099692099599e+00
1.067634374176168910e+00
9.720127290323794522e-01
8.556202302412131422e-01
1.035586330268994493e+00
1.152105358593031870e+00
1.087841701732255029e+00
1.123787153608387657e+00
1.062786559373763984e+00
9.706180117257496853e-01
1.081383248745760417e+00
1.182715224797160181e+00
9.827583040312594109e-01
9.699878755154546228e-01
8.902540132371734583e-01
7.738629973590552824e-01
9.780003717742919989e-01
1.111846858811206928e+00
1.130579074239330684e+00
9.743400956383799771e-01
8.490873558421779821e-01
9.331295986133673059e-01
9.023506893517893035e-01
1.244259299717513034e+00
1.082190881509637270e+00
7.965329006269699086e-01
1.019981720819127746e+00
9.520571180038397419e-01
1.085902650342543740e+00
1.004478726095573204e+00
7.100772879168115725e-01
1.178464086858835413e+00
1.000962582184948380e+00
9.863803116520687420e-01
8.719700134839066807e-01
8.872493510553880469e-01
1.050600007087133525e+00
9.289670854292023661e-01
1.024322098245789014e+00
8.360790642136619599e-01
1.050103373731888112e+00
9.535749016934105260e-01
1.069059284884428029e+00
1.170667246931519800e+00
9.683468181685059850e-01
1.085661835286668708e+00
9.380978973480221805e-01
1.052486216956565190e+00
8.656189808937755359e-01
9.928793696298966465e-01
7.976379617853011084e-01
1.109598560440948622e+00
1.027755784498852520e+00
9.547570149732061973e-01
1.088760550026459439e+00
1.179322366772986852e+00
9.782211176228773342e-01
1.092577709337309688e+00
9.754134756523233918e-01
1.091135556399498885e+00
1.011525854154581516e+00
1.084185566472712470e+00
1.012622635278058958e+00
1.017050399798479665e+00
1.058072000983131700e+00
1.114731698418836014e+00
1.101243016115886597e+00
1.065890605492783916e+00
9.390614989190166906e-01
9.499559078796595557e-01
9.378811488170148980e-01
9.379631511388231146e-01
9.969829321781502607e-01
1.007555786455357261e+00
1.045484588790680736e+00
9.980534355341600383e-01
8.013871942669833492e-01
1.081319630837909163e+00
1.071043118063472743e+00
8.955020078439317466e-01
9.621819202482898570e-01
1.086034250384793731e+00
9.831106737851803556e-01
1.096450628130364979e+00
9.604315816060114974e-01
9.438743917693597218e-01
9.488980732561297371e-01
1.084818109645721007e+00
1.015577530123298544e+00
9.018729920748649320e-01
8.716847088966028778e-01
9.046794989840387657e-01
1.168354519588768792e+00
9.970235755347583995e-01
9.236823966999483382e-01
9.872474378956678231e-01
1.067455765217474983e+00
1.179233646640496902e+00
9.503597645991553877e-01
9.555603676687374204e-01
7.635690084227407803e-01
1.051540213451999994e+00
1.056264051434678164e+00
1.055373124407219976e+00
9.629480740506068948e-01
1.064641141265857405e+00
9.545896587207144401e-01
1.032863277782108957e+00
1.100158447225045633e+00
1.027600654687158777e+00
9.542614351900354785e-01
9.215125527359695479e-01
9.076643173321257141e-01
9.915403941090791262e-01
8.589034669182858961e-01
1.090475578356354003e+00
8.787788427621329168e-01
1.172173340917692208e+00
9.804088375145313394e-01
1.038962508647826466e+00
9.009128055992843276e-01
9.669450833832770043e-01
1.000363566228569479e+00
9.603998277495218172e-01
1.166780303223360571e+00
9.391288785679436923e-01
1.031716081653778927e+00
1.189236894730827609e+00
1.130900104027890096e+00
8.031072198531443718e-01
9.063383588456026541e-01
9.618745753504097662e-01
9.614237245552629263e-01
1.317167662090792390e+00
9.179393962363605608e-01
9.194844621526315764e-01
8.102017312307873143e-01
1.078950872366230218e+00
1.080886385254594462e+00
1.161810430187642185e+00
9.463223828920571679e-01
1.115015786600251468e+00
1.116041758340473811e+00
8.429576418867438248e-01
1.196093141970047569e+00
1.059229811034091862e+00
1.051176779390379457e+00
1.186139037717733657e+00
8.580899433302151547e-01
1.022650084160858786e+00
9.546331342404603681e-01
1.060807579719876381e+00
1.030896282663728680e+00
1.083897653096977276e+00
9.636392883434168333e-01
9.944345438208295196e-01
8.629003688127361293e-01
1.164103558931570914e+00
9.077694729249219385e-01
1.124594239683258889e+00
9.088754196556111387e-01
9.306040508681816537e-01
1.154493146527113767e+00
9.549781060199032945e-01
9.086188375488191138e-01
9.765047630196725947e-01
8.824189189413708112e-01
1.146078189942824732e+00
1.182993132330514063e+00
1.044185067975515802e+00
9.699043386913216436e-01
8.902887218527046898e-01
1.118610163254210921e+00
1.064225193718978391e+00
8.309215980076237740e-01
1.140215487469678823e+00
1.192525271762857164e+00
1.071436866304748881e+00
1.070718206278347573e+00
1.010222712926390987e+00
9.252148446053716224e-01
1.153171344478260085e+00
1.015832957591545460e+00
9.268968766121792324e-01
9.869982396193497376e-01
1.018723725807684444e+00
9.479031105254825951e-01
1.167276805372779780e+00
9.704568879370228940e-01
9.531930395950765078e-01
9.690940222228990875e-01
1.027162339440916172e+00
9.439638148288608255e-01
9.299817747933413203e-01
1.005316867436653938e+00
9.103173025743843683e-01
1.106335839179110492e+00
1.087562680575761442e+00
1.064507290060269895e+00
9.805240278715557922e-01
9.068017904567595711e-01
9.737437881361606928e-01
8.696423941816222580e-01
8.592194098814681658e-01
9.586634343991411455e-01
1.063675235034573507e+00
9.331963074979032768e-01
1.031917568190430901e+00
9.830171250456342102e-01
1.129780998635720568e+00
1.092701245000466281e+00
9.264306738085235082e-01
9.538634287493177322e-01
1.036039586159286374e+00
9.934345669308756177e-01
7.492820161940494383e-01
1.021194267374758713e+00
9.235903664668696500e-01
1.121058296161849599e+00
8.859783763907135290e-01
9.354078686139960519e-01
9.455050169488707912e-01
1.167790821103459331e+00
8.798351118160958606e-01
1.061987399783617558e+00
1.075672061312921368e+00
1.224613142817366995e+00
9.995448977105856336e-01
9.957688267181957764e-01
1.152987115156169473e+00
1.338302407462729215e+00
9.436336543571951507e-01
9.060075905031811372e-01
9.383489753112941312e-01
1.074464241192732095e+00
1.011672485219552442e+00
8.272132515791947860e-01
9.429930978506990691e-01
1.010262215881146508e+00
9.743366096208661009e-01
1.100034922587135533e+00
9.771032883075956299e-01
1.023233190010772731e+00
1.164998791917229992e+00
9.703091180063652121e-01
1.161788315749498146e+00
1.049364478066959316e+00
9.355876989803575405e-01
9.203125753344437721e-01
1.015731597193671787e+00
9.214605320161568525e-01
9.751328620072006181e-01
1.010046759823652662e+00
1.048050199440148988e+00
1.035876545190906439e+00
8.988180844366839839e-01
1.161278189975974762e+00
9.021318438746002144e-01
9.615766825949819685e-01
1.021766377967240569e+00
9.999716907285289835e-01
9.255542860964900420e-01
7.579236762402566940e-01
8.702779589923607118e-01
1.187125753461222066e+00
8.710511762529028479e-01
9.625248362330649510e-01
1.069389456834503704e+00
9.182646302238063329e-01
8.729447974089891149e-01
9.701944932861524817e-01
9.756111276911946240e-01
8.600829324606471538e-01
1.100746155290143635e+00
1.068410632478740352e+00
1.103728416868816620e+00
8.666103874997930223e-01
9.377139757136687681e-01
8.812669090284398488e-01
9.417160851502279773e-01
1.000703515340002570e+00
9.463604319029366163e-01
1.107532166004355112e+00
9.039159752024219507e-01
9.993979398981113205e-01
9.112018253539316825e-01
8.747903810043234918e-01
9.189647117100181450e-01
1.046952590199770716e+00
8.333345329339951757e-01
1.053088817531303123e+00
8.377719355671171542e-01
9.147266414049161076e-01
8.156629551898985087e-01
1.020011697632760894e+00
8.314354653737556777e-01
1.190462083183152942e+00
9.124768481289484701e-01
9.961387198602182913e-01
1.058515681167496503e+00
9.903664265695880653e-01
1.045816362529249144e+00
9.294595878883997742e-01
9.185095662298323749e-01
1.051257523674665295e+00
9.899913795002002193e-01
1.122774309255169189e+00
9.621589605911320398e-01
1.037845306147334501e+00
8.994605750921300658e-01
8.595801619730077947e-01
1.051851069087816670e+00
1.111208024970653296e+00
9.396208808521743228e-01
8.766756900954090215e-01
9.378660467871986484e-01
9.871365143607753190e-01
1.033256179128588581e+00
9.816652213827549156e-01
8.690570843442704252e-01
1.116043015157125895e+00
9.374428355354131881e-01
9.818207672782719442e-01
9.996768565429777764e-01
1.113064021271285009e+00
9.879262721505658318e-01
9.495253036253328283e-01
1.033574638690053060e+00
9.892087313009432226e-01
9.617647956197522552e-01
9.135785874705715237e-01
1.080415268897042536e+00
8.044527320200431930e-01
9.619997590409532506e-01
1.134464697523401400e+00
9.523312219572410697e-01
1.110630215557345091e+00
8.313445551605230799e-01
8.616198624788340421e-01
1.000353010953811017e+00
9.017388954989005168e-01
8.880771759782591923e-01
1.120392091948636759e+00
9.708555026391052500e-01
1.169799897804946642e+00
1.070442480179267353e+00
1.123228904563881470e+00
1.067854767074219335e+00
1.197873152527137774e+00
9.589783108453113769e-01
1.120519122128397438e+00
1.112923820702400590e+00
8.886879268719075631e-01
7.719666250965455667e-01
1.080634424301827101e+00
1.196108300572267469e+00
9.513426645218283628e-01
1.060174517831342422e+00
8.496149704734505814e-01
8.725740619784352337e-01
9.895619762619969340e-01
7.715831913108179840e-01
