# signal periods in days
1.550853685417235539e+01
1.565532612249579643e+02
5.526083238620715932e+00
2.541977879595987844e+01
1.092707953740963589e+01
3.304535055025135648e+02
3.266421190202377645e+00
2.153112587901655317e+01
1.590222550968906745e+01
1.837723424777339289e+02
2.435822098716212025e+01
2.099301286013052348e+01
2.677423728079502396e+01
3.280861324757054263e+02
2.679084850907674920e+01
2.557123338081729003e+01
1.262917769420556091e+01
1.656794805083534925e+02
1.481557495250989120e+01
2.945508003336130187e+01
