# signal periods in days
5.005658377668333436e+00
3.604268239238480191e+02
8.567857794725265208e+00
9.189338322698286987e+00
1.417602935915108375e+01
1.847288733306376116e+02
3.943753107873590125e+00
4.807958651940239747e+00
2.688930190864616421e+01
2.363378000503068961e+02
3.686562877436448726e+00
1.071199852379071160e+01
2.130670945589802656e+01
3.309348389276967737e+02
1.741048122090443684e+01
9.038833672985434831e+00
8.799890752900962454e+00
2.210760204378655658e+02
1.352101639493112373e+01
2.327718760062032999e+01
