# signal periods in days
8.115978853912231727e+00
1.577412563963354728e+02
7.424821350950576715e+00
2.513747559556847477e+01
1.885095475241142182e+01
2.005526629716353568e+02
5.680242526480833831e+00
1.635013925130263956e+01
1.484143539932458822e+01
2.481704450514766336e+02
1.396083486304311094e+01
2.863409438052960709e+01
1.198395075042386537e+01
3.697186878580519078e+02
1.216019011020240015e+01
4.264409254187116360e+00
1.463721587009367298e+01
2.126007650151981068e+02
3.075498138640540002e+00
1.116981784830988111e+01
