# signal periods in days
2.246982453245553302e+01
2.430140819596424535e+02
2.275307447575579900e+01
2.432966036625178319e+01
9.202668546718566489e+00
3.455763332542633748e+02
1.543774667379169330e+01
2.491857727396655164e+01
2.900568100201225619e+01
3.420205532314109860e+02
2.766702671583384543e+01
2.454788241691488437e+01
1.829040220156239727e+01
2.143259854552485137e+02
1.745316022392510291e+01
2.419733554077561877e+01
9.342734369235534686e+00
2.392772442216523814e+02
2.659904722067471639e+01
2.375425266136731040e+01
