# data in one-minute intervals
9.678012303498195745e-01
9.142982470339168222e-01
7.271170874826744512e-01
1.177794693920426461e+00
1.080546552303908170e+00
1.101213995956797476e+00
8.790398211554012464e-01
9.450052745043573399e-01
1.023080154349723880e+00
9.366599180938566249e-01
9.381650651676834984e-01
1.052921880389152243e+00
1.091644593210927550e+00
1.171135057362992393e+00
1.105892281653327647e+00
9.906457466061910910e-01
1.046310242507431765e+00
9.463440617326950299e-01
8.519481946939237993e-01
9.099653225607624574e-01
1.038380626548256247e+00
1.071900459118146243e+00
1.009336668789333480e+00
1.032982525790216766e+00
8.578853431901307669e-01
8.794902001691612403e-01
9.875354057059066992e-01
1.011043300721632177e+00
1.061325679516191833e+00
9.251705064705851855e-01
1.083212975219442376e+00
1.040462744968968734e+00
9.545943000532248757e-01
1.025883857581466163e+00
9.882662106434767502e-01
1.044439215976249224e+00
1.050982013932494352e+00
9.947130992769911417e-01
1.026614888697089611e+00
1.000921435947915494e+00
8.957897734014794722e-01
1.043588314264295436e+00
1.094856091850596957e+00
1.019158364012321405e+00
9.897018899992274799e-01
9.430639257540436304e-01
9.945520964100013073e-01
9.935699580906500739e-01
1.015060737922760969e+00
9.610252928003613082e-01
9.727453659598839231e-01
9.954776652884821386e-01
1.075268932172641634e+00
9.649961061923401084e-01
1.032626294380977860e+00
8.383828097286986081e-01
9.531566303088599978e-01
9.993124942948438116e-01
1.125121473013420692e+00
1.070765294879729934e+00
1.069546860779221342e+00
8.206493885624330797e-01
1.183900568882444659e+00
1.031105442047349330e+00
8.265294187216702948e-01
9.793654302927289335e-01
1.174152357153473325e+00
1.039497702699806680e+00
1.072479599193910893e+00
8.978460112331899667e-01
1.014691142735547835e+00
8.003169069762139376e-01
9.131254124918517512e-01
1.099979406914257662e+00
9.817155800304364632e-01
8.532133698528706622e-01
1.041354765079498756e+00
1.028607930982818441e+00
8.013425126322042402e-01
9.946062647405842227e-01
1.077731583806093241e+00
1.000004533082361258e+00
7.886279033745263733e-01
1.034833390024900268e+00
8.502741047838000554e-01
1.090505401990120804e+00
1.009628574732132078e+00
8.990500597414829986e-01
9.963126350710804768e-01
1.000393694354043683e+00
8.665721370304528826e-01
9.639098831385056743e-01
8.649443848664714052e-01
9.783672294386117629e-01
8.580097194180763553e-01
9.219481708495738115e-01
1.087925716563689971e+00
9.535406818209054558e-01
8.149896038866863979e-01
1.007454447180691659e+00
9.714892880742894699e-01
9.885700645690326249e-01
1.129461902206579271e+00
1.068048833590507396e+00
1.180624710291444668e+00
1.043051646055984660e+00
7.094016972207259908e-01
9.988372635384500375e-01
1.035609385698003093e+00
9.522756814040793660e-01
9.384470907017163910e-01
1.129759122426804874e+00
9.692697918615849062e-01
1.059181648262419451e+00
9.303776543403327048e-01
1.142810212182067131e+00
9.716825375967262923e-01
1.014307553210363588e+00
8.378418130590807866e-01
8.835965139644605948e-01
1.073208104868758950e+00
9.644775408617008994e-01
8.908194059399677789e-01
9.731520704537923727e-01
1.218428897803556232e+00
1.053431775559286576e+00
1.005460998001699524e+00
1.040259130566022483e+00
9.122364687867736688e-01
8.881088761131444853e-01
9.880269655480138358e-01
9.365661195108408998e-01
9.702012694045974994e-01
9.973536614518007104e-01
1.041459153454413533e+00
1.214417509488594060e+00
1.048629941993172388e+00
9.841746704558792525e-01
1.121637167895505938e+00
9.283617411923090756e-01
1.017505917285575379e+00
9.592762540876500488e-01
1.025770076833096400e+00
9.709295401332721509e-01
1.190391195886969733e+00
1.071014909769104850e+00
1.112017622127404071e+00
1.068037725496106649e+00
1.039485069335445822e+00
7.271914130481104133e-01
9.500337987125475614e-01
1.017427465409675991e+00
9.830966901191499074e-01
8.036081866718314259e-01
9.281486731345832686e-01
1.141237372391520122e+00
1.095122891079027161e+00
9.746591529304464707e-01
7.087412513318074314e-01
7.924332625149876907e-01
1.064123328701943594e+00
1.071160979409376157e+00
9.755608854916165695e-01
9.722008279206904025e-01
9.101605359416953256e-01
8.716402351336740573e-01
1.058591300609994734e+00
9.645053884567038605e-01
1.064500664844651778e+00
1.005008233557054043e+00
1.200015535243195597e+00
1.040685958555512602e+00
1.036589131273712550e+00
8.709207531938312208e-01
1.033199109911718372e+00
8.806155466251773811e-01
8.415775947880724805e-01
9.898863837643507857e-01
9.731433123639344762e-01
1.045305111508455065e+00
1.101053594177499484e+00
9.666970902318345882e-01
1.020362216990144066e+00
9.817144586362642755e-01
9.366134611284498979e-01
9.723590262074545132e-01
1.197672288350529080e+00
9.963688993906024693e-01
8.273297755552369015e-01
9.601933502602600923e-01
1.177817665751617060e+00
1.196525841719688232e+00
1.090054081826735466e+00
9.984265997245640456e-01
1.105177696033740053e+00
9.847067040235623070e-01
1.015707154496366282e+00
9.940263960935049603e-01
8.637045432112353538e-01
9.070039936718260476e-01
8.248057693898080966e-01
1.086557631139478231e+00
9.375179952595796840e-01
8.954632410872982451e-01
9.140317418973387120e-01
1.089239489341963241e+00
7.822686278627865031e-01
8.648316959936039883e-01
1.076914868743802600e+00
1.056881425315034928e+00
8.918043845085014132e-01
8.973755795755689046e-01
8.662605907399891780e-01
9.543000427591308288e-01
1.063100031163875636e+00
8.486852760780096983e-01
9.952430504064287975e-01
9.836370764977107051e-01
9.040079979980532032e-01
1.099092116885224124e+00
9.240050532696689745e-01
1.015694193628234654e+00
1.159475595345464072e+00
1.063986273654255132e+00
1.160204718067279872e+00
1.107500321748615457e+00
7.586183593976830730e-01
9.953515992044663641e-01
9.849450930694712003e-01
1.042419194016930950e+00
1.135966575041345461e+00
8.576631313629199393e-01
9.362345495911447157e-01
1.084780516570065689e+00
8.873385456415578965e-01
9.149312976921293306e-01
8.322689097734793373e-01
8.985310406373007153e-01
1.049061380450283743e+00
9.323551471104625232e-01
1.071711774485597735e+00
1.083213834385078123e+00
1.147740218644589527e+00
9.009006448312764093e-01
9.858537914350997688e-01
9.838514210264759363e-01
1.015444843355091553e+00
9.369669396356116176e-01
1.041072617902080610e+00
9.350582311041650829e-01
1.027768557701483898e+00
8.517760424418676646e-01
9.100727616965269551e-01
1.234776717874196406e+00
8.728687880446828196e-01
1.016685279874844472e+00
9.820639422499123361e-01
9.294126660675047225e-01
8.357121537350260532e-01
1.093199945957214148e+00
9.140842959979286197e-01
9.431105307211601341e-01
1.099284623677341699e+00
9.279193322078083117e-01
9.692976188042594643e-01
9.846588045574033998e-01
9.777861392739911617e-01
9.606044072586074067e-01
9.823558784162211843e-01
1.011579269468313225e+00
9.749779110052715358e-01
8.759033626279070228e-01
9.313346192012041946e-01
1.091829388119451627e+00
8.157704232391282950e-01
9.762982004878388853e-01
1.031067397463819368e+00
1.084853737564632992e+00
1.234644821202416587e+00
1.034894798190940213e+00
9.055988065331348480e-01
7.958921085515255900e-01
8.663557685324203561e-01
8.833585098004801406e-01
1.069622617623940286e+00
9.806683885935049139e-01
1.163649482655610967e+00
1.107244917595899825e+00
9.588921052465625428e-01
1.007355651742029012e+00
1.105143770606455078e+00
9.834923074860419945e-01
9.191416490484454194e-01
8.340156890503763742e-01
1.043679148491963415e+00
8.654199002426475884e-01
1.080119326538449220e+00
1.071860587180007318e+00
1.011520024162430698e+00
7.526327057441138946e-01
1.050754117961900436e+00
9.389138177289774179e-01
9.972343859576588976e-01
1.045462343641547331e+00
9.446591722909856159e-01
9.356956891305513446e-01
1.179914356861976987e+00
1.054730529762175184e+00
1.031368547303634475e+00
1.099248864041249663e+00
1.063646752668525375e+00
1.178529204076633752e+00
8.977379787150417956e-01
1.050450585991965502e+00
9.631697554002786044e-01
8.568507465370825971e-01
8.731995884425971521e-01
1.078212591368895579e+00
8.331385216726686638e-01
9.894919166907973906e-01
1.005556413708052377e+00
9.195439027410322597e-01
9.382228225804960520e-01
9.415421862698725164e-01
9.482149813331789412e-01
8.988941607473268647e-01
9.507756565521710002e-01
9.985460227971688640e-01
9.199023873583566102e-01
8.947622371262810015e-01
1.063731308873355985e+00
8.986007337153689711e-01
9.174276163030097297e-01
8.567576667159522152e-01
9.296685096570932449e-01
1.039708291571156407e+00
1.138423978079212251e+00
9.312696577183318114e-01
9.794100631294981874e-01
1.136394559100542212e+00
1.120425675557244816e+00
1.039084686160794524e+00
1.126451276880545249e+00
1.092114932412601602e+00
9.149173660643491468e-01
7.989934810068826110e-01
1.223397651827491606e+00
9.734580794606469967e-01
9.287244864516142062e-01
1.010643977780545155e+00
7.574954362677357445e-01
1.042067402493200179e+00
1.051158581246534718e+00
1.044232764443383310e+00
1.204076662824122845e+00
1.042933665398970922e+00
9.330516459975253252e-01
9.881442259714113829e-01
8.230814463137078318e-01
1.001665240990783357e+00
1.160589575534401563e+00
9.292044047944643115e-01
9.597921694750936039e-01
1.045857911531018924e+00
9.560803293177316808e-01
9.007980795032245469e-01
7.633327829222156247e-01
1.067435644836041586e+00
1.206341152924291116e+00
1.087325768604420873e+00
9.053802148027720875e-01
9.881898314394848004e-01
9.666680524749958758e-01
7.726720207411030827e-01
9.499127897235548623e-01
8.870196011608594278e-01
1.026660859452642072e+00
9.994916046242118268e-01
9.390412854439270651e-01
1.198870079133870004e+00
1.032466155209139869e+00
9.953765997310189961e-01
9.846566604650179855e-01
9.249460063831248524e-01
8.785703780409450658e-01
9.357314833214327443e-01
9.582752349657601698e-01
1.192220532076690542e+00
1.043166312913220484e+00
9.943402641620101567e-01
1.051067601680841790e+00
9.799366276331197279e-01
9.184995203094219463e-01
1.027688090822290512e+00
1.014360802681502749e+00
9.850569789570404744e-01
8.926351716049086837e-01
9.916801472973468812e-01
1.092078666800005537e+00
1.136105635708987149e+00
9.738878649502967777e-01
1.088204574645807998e+00
7.229717810819551449e-01
1.057916416948728289e+00
9.766260766947796323e-01
1.018567440155636827e+00
9.210166179105629958e-01
9.570735455000334291e-01
9.500274702088196133e-01
9.689535021655862890e-01
9.629893431819905869e-01
1.117508330379002324e+00
9.417680045998694238e-01
1.110876517554879817e+00
9.119751772385544797e-01
9.888911097375892023e-01
1.105834782242255176e+00
9.092430600312291222e-01
1.113285237591725707e+00
1.219833138684966789e+00
1.000442724341221723e+00
1.010392725710316686e+00
8.711901488424931284e-01
1.152314620903714504e+00
1.069128331296155698e+00
1.043683759793911037e+00
1.044290900634762709e+00
8.674769473840494571e-01
9.177712945465950067e-01
9.659195000195268666e-01
9.713504403796420217e-01
9.933139547314677742e-01
1.138522870039970325e+00
1.030469309789520560e+00
1.024753353075423146e+00
1.082159354600124024e+00
1.046756491480320461e+00
9.245988099718798203e-01
1.070291488494441667e+00
9.797454569290856563e-01
1.122752963063119225e+00
1.030164551880221824e+00
1.014506792521963074e+00
1.187096086635212266e+00
9.948164190344742641e-01
1.141389466504419747e+00
9.497930177261829643e-01
8.580089515502365982e-01
1.058738821881433090e+00
8.382482019685935093e-01
9.934017927247346114e-01
1.139746970559726957e+00
1.071214460386393119e+00
1.029293662050755342e+00
1.067696458314523200e+00
8.307025343367476777e-01
1.074550040291899045e+00
1.146381606811308851e+00
9.629916991682792027e-01
8.056058656395641560e-01
1.113440274353527881e+00
9.484741239645074762e-01
9.025379184026797175e-01
1.091692237879209548e+00
1.043228571673719296e+00
9.628452291194622426e-01
1.021203659894970750e+00
1.026782561489264278e+00
1.022550080089116964e+00
9.365770027466917558e-01
9.736241940358830727e-01
8.875262003628167085e-01
1.038959663636163322e+00
9.602858278347290444e-01
1.073503314256524011e+00
8.760709973995551847e-01
1.035226620400349962e+00
1.013898903483861469e+00
1.044782739822268658e+00
1.039695951729323165e+00
8.387957356961621702e-01
8.770403353114273326e-01
1.006495969964648518e+00
1.016773943094589683e+00
9.420688788748460274e-01
9.465619027129665852e-01
8.390208669068930369e-01
9.571057113640711878e-01
9.754489133607611162e-01
1.021973864609713178e+00
1.065955160986569616e+00
1.074436774424736063e+00
9.497458530204133664e-01
1.095546968455956893e+00
1.057956136858849927e+00
1.001512314419795269e+00
1.047368891345699993e+00
8.783472223409498625e-01
9.090918118238930923e-01
9.827642865674426353e-01
9.733345666182161571e-01
1.004831007264930909e+00
8.824019076266025330e-01
8.823182175881293388e-01
1.087987283995210275e+00
1.099645513254708939e+00
1.014649010644172789e+00
1.168766667617144872e+00
9.623858088298589131e-01
1.101688530295662050e+00
1.120019387464253002e+00
1.273692613492963810e+00
9.916889864162145019e-01
9.128968140150749422e-01
8.680957351981538617e-01
1.033437178597692796e+00
8.941802424907352442e-01
9.703366242968031186e-01
9.890278964393923733e-01
9.035580988774744027e-01
8.705792475663926000e-01
1.099265962617080428e+00
1.002435389610360383e+00
9.645358571054051255e-01
1.045280478982433925e+00
1.066199466696896359e+00
1.005260245242724615e+00
8.846912427248836419e-01
8.522117683204529781e-01
9.545233440543345882e-01
9.325328880697913991e-01
8.529474078813488180e-01
9.793322048250953094e-01
1.003308355671697960e+00
8.084475673702354870e-01
1.164470095718847187e+00
9.683574529782171814e-01
1.070441630798975696e+00
1.093198372234490456e+00
1.093890997514696650e+00
1.050175875316982310e+00
9.834302479354606330e-01
8.985303606939185617e-01
9.841716777905189506e-01
9.083528649827059542e-01
1.030257067775599555e+00
1.049187437296530412e+00
1.036036593447167364e+00
8.281105561629277245e-01
9.222369182421747968e-01
9.944296541375272636e-01
1.100324031490818255e+00
9.394107025273993328e-01
9.765690799568268465e-01
1.071475172077143823e+00
9.842251825924543951e-01
1.064836858071931402e+00
1.019629454906284982e+00
7.466977919989525869e-01
1.166348010406026869e+00
1.042845937657533639e+00
1.087701402775182791e+00
8.628112357904352825e-01
8.215164363987517149e-01
9.887641465924986717e-01
1.046147654651719883e+00
9.967127878623999182e-01
9.036228436628208627e-01
1.013131735178483206e+00
9.004946945467343644e-01
8.365911416696562020e-01
1.121979103744713324e+00
1.087117912185642243e+00
8.104772828152367881e-01
8.420818253054342950e-01
8.659564686188065963e-01
1.191131959775602045e+00
1.119071324502786791e+00
9.806339005251243357e-01
1.028217655079189052e+00
9.599239464168377589e-01
9.749738600671872257e-01
9.789793177771263233e-01
9.370355985588539882e-01
9.677181381643570335e-01
9.810233332766977732e-01
1.184533813406343006e+00
9.492336610977736289e-01
9.602866502048510444e-01
1.019987873214711405e+00
9.001576963037964951e-01
1.094467538221036262e+00
1.078021620521373736e+00
8.847270861926186392e-01
9.402658950813658212e-01
1.071088332227308815e+00
9.710801836097457951e-01
1.190751962071411763e+00
9.423635099905662837e-01
1.066198211153423170e+00
8.627163256262866398e-01
1.113365568844454589e+00
1.089611687155542130e+00
1.145969745357046987e+00
9.908268528696702049e-01
7.906330118238271698e-01
9.877094854934311829e-01
9.244131233648232859e-01
1.120466109337583616e+00
1.051487866346049849e+00
9.733054429889022030e-01
9.835095953532382307e-01
9.758985958149782869e-01
1.120229133964585122e+00
1.000084572015393469e+00
1.041913418795378465e+00
1.187671055621907890e+00
9.675816045324430181e-01
9.929578593522400132e-01
8.091546735205743524e-01
1.118513354743609689e+00
1.013288046822028665e+00
8.706627955323027468e-01
9.842376434962551990e-01
1.004099610480231775e+00
9.173219411143389568e-01
1.096619951885622779e+00
1.136344451925446419e+00
1.106604996363889093e+00
8.040171626961893914e-01
1.004497939998089562e+00
1.071140113696169349e+00
9.400043514529323740e-01
1.033942118448253122e+00
1.069652232097139333e+00
1.049017243597915039e+00
1.000717201896418773e+00
1.105119224449036652e+00
1.199385431613951836e+00
1.044126869302502536e+00
1.119568429548372546e+00
1.100742691295071074e+00
9.020090993860212514e-01
9.890270446760148770e-01
9.481286851282128003e-01
8.391312774824547516e-01
9.807385985088016289e-01
1.146239545133506121e+00
1.077847044859829184e+00
8.543460399478779443e-01
1.116918298019447420e+00
7.616692114790044599e-01
1.037388254566957713e+00
9.468307304487747489e-01
9.781374566747387256e-01
8.803464434820271745e-01
9.762193433457099223e-01
7.811684195701240618e-01
8.819572608090584520e-01
9.939508867318097574e-01
9.977750661450277558e-01
1.092514938658372570e+00
8.698980724911302698e-01
9.724333812901198026e-01
1.085645399300990910e+00
1.118949803571778867e+00
1.006919949697762551e+00
1.033687111551512938e+00
1.081657554627273532e+00
8.749325135844591150e-01
9.773770367832056438e-01
1.097403944794445252e+00
1.103628004383495842e+00
8.773794588867960265e-01
1.093976812904493334e+00
1.107540106042049555e+00
9.909598395930102610e-01
9.797367338142332072e-01
1.227649444664899780e+00
9.069037896873002325e-01
8.554503008512494011e-01
9.262312131293277684e-01
8.507867117125922363e-01
1.087912046595872706e+00
1.078640935879939367e+00
9.488082387473503188e-01
9.045345368781483320e-01
9.369370380488840633e-01
9.763822912691811906e-01
7.254885449616854665e-01
1.035182110323477289e+00
7.828761348660308039e-01
1.045149048602498576e+00
1.059359804560298768e+00
1.142229305758524660e+00
8.313125565102515990e-01
1.090539517200896036e+00
8.797733911163051479e-01
9.793356255850838021e-01
8.751551340360415043e-01
1.089476415073209914e+00
9.039607199302396312e-01
1.005518284077414393e+00
9.503480196126133928e-01
1.074109147973828504e+00
1.011477006731597461e+00
1.159382598248297924e+00
8.708837513607536884e-01
9.355482575678130130e-01
9.990589250884596151e-01
9.107689348619130154e-01
8.903384022224573036e-01
1.021988939604643543e+00
9.811417625702238965e-01
9.611332772578965455e-01
8.442412635142266808e-01
9.930540950309240111e-01
1.000538155720683386e+00
9.479438831132508403e-01
1.023192947671601516e+00
1.003194657140384471e+00
1.154730306891260216e+00
9.432483367885816650e-01
8.957599073929944922e-01
9.552892647391366676e-01
9.364889868218880808e-01
9.553856403656582064e-01
1.031393510920385337e+00
9.845126798399875812e-01
1.081256631214774000e+00
9.121124630922268217e-01
8.980091296664960421e-01
9.869939018561249000e-01
1.026489591704630167e+00
1.054626761877682339e+00
1.156603471432674057e+00
1.076660963175379404e+00
1.059386168590404020e+00
1.026093880993855345e+00
1.034865792205428514e+00
1.159533259943492212e+00
9.581304823522017733e-01
9.651482990195495715e-01
1.011540399876843521e+00
1.058845206557281315e+00
1.167767328082308431e+00
1.122367262171963143e+00
1.072532847981023663e+00
9.832775437440759436e-01
9.248895365851141914e-01
9.207856502138378474e-01
1.002475206152646736e+00
1.124883878134847137e+00
8.329744241915193470e-01
9.636035251770695975e-01
1.051582308958978640e+00
1.036783527349899758e+00
8.974566822794427523e-01
8.893909361868815866e-01
1.024858316539555947e+00
8.775048909144187448e-01
1.070222891147237121e+00
9.393763626124979060e-01
9.610942906075684578e-01
1.029976779571436074e+00
8.743402420135609754e-01
1.160913848413956728e+00
9.101899462621112491e-01
1.164152175413260437e+00
9.122051339251109336e-01
1.127262774843002857e+00
9.545169884771093072e-01
1.001950759363916754e+00
1.212336154819241285e+00
1.045435361336803926e+00
8.442632944531547334e-01
1.026156041479574954e+00
1.016665495338765712e+00
8.158143903825973986e-01
9.087410923078714786e-01
9.821211834717475941e-01
7.940552215789558055e-01
9.271975543513233387e-01
1.038252798103226571e+00
9.936279683029342058e-01
8.367672375056049994e-01
8.916694508310460954e-01
9.122746117861677551e-01
9.213181234413216902e-01
9.419091327406243774e-01
1.052880536471818118e+00
9.735700005947777180e-01
9.069494870316608948e-01
9.953840078889705234e-01
1.071963881403283247e+00
9.193259901769302855e-01
1.000413946205348070e+00
9.399425916201291642e-01
1.024173652465508289e+00
1.052813553313937778e+00
8.945571338241267156e-01
1.008240231411887011e+00
7.331907266096509002e-01
9.555380540803029010e-01
1.020688969332529172e+00
9.381921125196922562e-01
1.052564605538969689e+00
8.436452133770695472e-01
1.121937324583164752e+00
9.456372165530170237e-01
1.003001164263878087e+00
9.553974247092004157e-01
1.010273488198150771e+00
1.118895309247894820e+00
1.065943847776186670e+00
9.590724361049314250e-01
1.082190700787172055e+00
1.007744742772484825e+00
8.441502022657192406e-01
1.144855874958484510e+00
1.134356576526766469e+00
1.021429241654562947e+00
1.062121305843665819e+00
9.733928197230399260e-01
1.060698047547367295e+00
1.131563879143020923e+00
8.464420464076816142e-01
8.902545675762099098e-01
1.040009462658237016e+00
1.181939584360542250e+00
1.033223055440474214e+00
9.152485495829476569e-01
9.635709560544331032e-01
1.029630878199933486e+00
1.104916672809387990e+00
7.720827454896981301e-01
8.921114987524421114e-01
1.062816385503204453e+00
8.687856585434237111e-01
1.146561291933546611e+00
1.160967557659339011e+00
1.002685472719493154e+00
1.166420809550095639e+00
1.078044898644615612e+00
9.872596987821160575e-01
1.049231432856545077e+00
9.454678430448015813e-01
1.036756791896331187e+00
9.481155265044003411e-01
9.263037141953618381e-01
9.342253609917564594e-01
9.322807960206325184e-01
1.177578499272175616e+00
1.038742218871870238e+00
1.052520894399936680e+00
9.223786395522671766e-01
8.261840861519036405e-01
9.255381958238796392e-01
8.000061604686359296e-01
9.801306144983257251e-01
1.055007405293423517e+00
1.094543745831332515e+00
9.734031759419836671e-01
9.543297321822992174e-01
9.933428193615182478e-01
1.008807267641247618e+00
8.351992523387612444e-01
1.038808180133615977e+00
1.016356289283173231e+00
9.184907844034801983e-01
1.025121882773506687e+00
1.017441784377412839e+00
9.212510850637258830e-01
1.266533587863356569e+00
1.065445867269611879e+00
9.954948031085223414e-01
1.144683616322748732e+00
1.004882879451250766e+00
9.735154319896469621e-01
1.052014343775528271e+00
9.942799882181616589e-01
1.001861889360744717e+00
9.634587817297846080e-01
9.397642049118135610e-01
9.964230055765852523e-01
9.907659022276330552e-01
1.056171521888500608e+00
1.020328910416782531e+00
9.886965977376427350e-01
9.672500803590227125e-01
1.119394727881661611e+00
9.711159429351985395e-01
1.078812890009730685e+00
8.878686115519571764e-01
9.576563292935522664e-01
9.828201457061972457e-01
1.041450145089072521e+00
1.052862845952661885e+00
1.115945737705986041e+00
1.134406325445307617e+00
8.894694524975420569e-01
1.091912538215054962e+00
9.619240422966787163e-01
1.080204596308994347e+00
8.812845054619770080e-01
9.170019242626884504e-01
1.081141473824798638e+00
9.209408412414271661e-01
1.170127815759863354e+00
9.450863272966762985e-01
7.957992332063020813e-01
1.019668485307197558e+00
8.811150251675821110e-01
9.574214247832396607e-01
8.414287658982523288e-01
8.328393812796114348e-01
9.744574853735664677e-01
1.122271395426410301e+00
8.608337588581621569e-01
9.211014180286836162e-01
1.054131475499628712e+00
9.315905364864125460e-01
1.045521553200289500e+00
9.478370345630768856e-01
1.120217633983952688e+00
9.610837444225185378e-01
1.086258858013880557e+00
1.306806188157571658e+00
1.161493054086613519e+00
1.142164285098723919e+00
8.909840649462817952e-01
9.528894127039542195e-01
1.095858260495836012e+00
8.859171841127804203e-01
9.205762770055930799e-01
1.076015475165404300e+00
9.236537949807985814e-01
8.888254457724423796e-01
7.994788877222417378e-01
1.168092957802410181e+00
1.076680689546872793e+00
1.203993010367634842e+00
1.093318067649265979e+00
1.120126627887017889e+00
1.107064556581567327e+00
1.114971457772192531e+00
9.716630329916909892e-01
1.063140555813529620e+00
9.289300640166213707e-01
1.038553622650888020e+00
8.876423339432365500e-01
8.774917269145678933e-01
8.298868671740998737e-01
9.511780044414845925e-01
1.046288701243032415e+00
9.638029529305950360e-01
1.034455034458229283e+00
1.010582427412896944e+00
8.304092431187387602e-01
1.208932553961518552e+00
9.516307242548045497e-01
1.111079526132019213e+00
1.207996069359793312e+00
1.007042515017465556e+00
9.980196799970133537e-01
9.683123674697544647e-01
9.483728540375803151e-01
1.096642348889437235e+00
1.045965143990727597e+00
1.049379130552367423e+00
9.764879273592617093e-01
9.338821231139756707e-01
9.560035718135083682e-01
9.834867597290513075e-01
1.044054489224643945e+00
9.726639033058492867e-01
9.078692430685452175e-01
1.161045659787083295e+00
1.020864913250353112e+00
1.015106473729382675e+00
1.134420507225163188e+00
1.059305643796293106e+00
1.010807244044111819e+00
1.209714701770644441e+00
9.938209766526039379e-01
8.949570715082406647e-01
8.998072433519734847e-01
1.080066180941142040e+00
9.663375614400010472e-01
8.850383180169230091e-01
8.566317709751056775e-01
9.483263634202706571e-01
1.160345740779633150e+00
1.141620387626129496e+00
9.116865002392600115e-01
1.003649012788452755e+00
9.385237608162910750e-01
1.032417591962832892e+00
9.618846250777988161e-01
9.399999255388351571e-01
1.044043736349902218e+00
1.062615282865192690e+00
8.701454947685224317e-01
9.602130725258288813e-01
9.805611664230202695e-01
1.240017336647098123e+00
1.036443383857189815e+00
8.356306448379294816e-01
9.858269031342709043e-01
1.145555960035797405e+00
1.094489358374808985e+00
1.000877235423914824e+00
1.072933343031787778e+00
9.321947072138275781e-01
1.017164419926805952e+00
9.333102277426807980e-01
9.756497784845538090e-01
9.432706843017288900e-01
9.635997710353221279e-01
1.140305058367878432e+00
1.116555280838795738e+00
9.905854804184233142e-01
9.958138170842697479e-01
9.788580407543701067e-01
1.085539816408402691e+00
9.305537594651287492e-01
9.293912931935857102e-01
9.765560773636777769e-01
1.213346186895139400e+00
1.041304900581584425e+00
1.079166006959422885e+00
1.008009569882566847e+00
1.045181937966740637e+00
9.404786625767844743e-01
9.637154461634491742e-01
1.126560819260235213e+00
1.030392812236766042e+00
9.041620132958887446e-01
1.012731500150342523e+00
1.175865468766176480e+00
1.120310495837994136e+00
8.930437560727166879e-01
9.128189022884917181e-01
1.002906025030631865e+00
1.191133646069465035e+00
9.643810540627545391e-01
9.050161646433126927e-01
7.691156670754212277e-01
9.854313461213829450e-01
8.383916710106704695e-01
1.037134837646105145e+00
9.402349094251974959e-01
8.513944083401608909e-01
9.031410012294576184e-01
9.639802002813051551e-01
8.617316367223289975e-01
1.049540418321643687e+00
9.157164016313030785e-01
9.731847827841220155e-01
7.683424598997328214e-01
9.321140963966638715e-01
1.042207015554059035e+00
1.135350749980359009e+00
9.876622960634838799e-01
9.485221866309719863e-01
8.813046862864196695e-01
1.094439031809266716e+00
9.870307936740312371e-01
9.224268916053923739e-01
8.863665160303341173e-01
1.106105224280131694e+00
1.065700986459377608e+00
9.623277906665546055e-01
8.212240558521747280e-01
1.093690534934205649e+00
9.952134396142264805e-01
1.090923654491599448e+00
1.049546129253562166e+00
1.140105884123707503e+00
9.146846335944962547e-01
9.362215918602841969e-01
9.158775729591637216e-01
1.055631624244409483e+00
1.078824311055060381e+00
1.127681386390268603e+00
1.047612405474739106e+00
9.120990266558504089e-01
1.128299029185930724e+00
9.435671710912068022e-01
8.113016825395789056e-01
9.034754785963663437e-01
9.901449172084008099e-01
1.022329725569668613e+00
1.043868208365925199e+00
1.094120993956982035e+00
7.561903606417039736e-01
1.121298940989179149e+00
8.968428854751100410e-01
1.043038997000823587e+00
1.082568035601312317e+00
8.700369776884467887e-01
7.970767368466065150e-01
1.027815297602020284e+00
8.917739801416093570e-01
1.094278283858517664e+00
1.160367013468998509e+00
1.004957578421543873e+00
1.005420214638232279e+00
1.004616208276041256e+00
8.459567985407702162e-01
9.166448355251600733e-01
1.215305972636054221e+00
9.922565549994362133e-01
1.041874286793121218e+00
9.471866312203134353e-01
1.016717167512303677e+00
1.011585529752158763e+00
1.057508247434397530e+00
1.074609664233464601e+00
9.979336597817264343e-01
9.189495713498335716e-01
9.796357643097112211e-01
1.047717340974090972e+00
1.205041445088297580e+00
1.198741315648739647e+00
9.801346147966794042e-01
1.094381985494714549e+00
9.591882250938972287e-01
9.801862065347741737e-01
9.985103091381952733e-01
8.961907316796670075e-01
8.712881353336690005e-01
1.068883815520821567e+00
1.086743495324825615e+00
1.043123685505668918e+00
1.031752646334358481e+00
1.098909782352820441e+00
1.090651322352111263e+00
8.320906937058951680e-01
8.685779424805774029e-01
1.026141593192015700e+00
8.118897480857468762e-01
9.302508663901596364e-01
1.118642146422637040e+00
9.748787232488699273e-01
1.022753276379759990e+00
1.021465750777171166e+00
1.010980981973565562e+00
9.053190794710034295e-01
1.356041544419090084e+00
1.029723857167844203e+00
1.037455069252568585e+00
9.194078285373277204e-01
9.523904962681905007e-01
1.146616263290872739e+00
7.996955926057882635e-01
9.851936222979632563e-01
1.133812625323484813e+00
1.054440637188359675e+00
9.380164430009033660e-01
8.408308065071363746e-01
9.204184799132179018e-01
1.065344898360636616e+00
9.109536840106915445e-01
1.018635383585610343e+00
1.113700734102936796e+00
1.155683138428619694e+00
8.821920802927430971e-01
9.605223754006594339e-01
9.400113321549498080e-01
1.049846064913379839e+00
1.097244849601780148e+00
9.277163572059903274e-01
9.796546594350160619e-01
8.902650675339792707e-01
1.180319999344768167e+00
1.067414960924042866e+00
1.110860407166374575e+00
1.042507276435341357e+00
9.497472719998940605e-01
9.224129316503849596e-01
1.035943987054752213e+00
1.124782546131879002e+00
1.124102490748966288e+00
9.253672729449663459e-01
1.052669738776134567e+00
9.046924772369109302e-01
1.011605373258270157e+00
1.202920051999506912e+00
7.057076818189988998e-01
1.013847917910729812e+00
1.129880449197953496e+00
1.200228958109897714e+00
1.056359124320231047e+00
9.953866295225956007e-01
7.968647975988945031e-01
9.147891545063255858e-01
1.047379550002009774e+00
1.038171871854398631e+00
1.042662018461634199e+00
9.694749734710986777e-01
1.011813286049546567e+00
1.050026135438840935e+00
9.612152455761603376e-01
1.090439159294287697e+00
7.857512808227511414e-01
1.029250741906869493e+00
9.551084456683941459e-01
8.842236759523427470e-01
9.066625852474446967e-01
8.680040120869728648e-01
8.750763791014180004e-01
1.180623595402428450e+00
1.285138039032802437e+00
9.722287602200946344e-01
8.149169434670811007e-01
8.855274433969523296e-01
1.183939970407272835e+00
9.282495644610659902e-01
1.105825586409873607e+00
9.526237550593744663e-01
8.482322465497494912e-01
1.038120689543930553e+00
1.134683617246053933e+00
1.091478495163489937e+00
1.057315474017497037e+00
9.452245110237129655e-01
1.248045973734786207e+00
1.098498684547171811e+00
1.060517477520271923e+00
8.407002148515616557e-01
8.747827392202733865e-01
9.923344965188056754e-01
1.113289998861357377e+00
9.665155497689419395e-01
9.633636603380576480e-01
9.513925401690497274e-01
8.671667812580032830e-01
8.848967835213332744e-01
9.956210006732443274e-01
1.108077681221601551e+00
9.785199362328187433e-01
1.053171149888707525e+00
9.912672906240257431e-01
1.122202645880390426e+00
1.091715665514912281e+00
1.126655861605342812e+00
9.602325057177379941e-01
1.072957064808286232e+00
1.138225259422728897e+00
9.901517691178981506e-01
1.040349432076228542e+00
9.998383604397228508e-01
9.961977064864677711e-01
8.311489500947896181e-01
1.029175674251919803e+00
1.121744988385648734e+00
1.005753076172849481e+00
1.215547511473128894e+00
1.088643645629721934e+00
1.070406978067801607e+00
1.003597099374721191e+00
9.857025785438215948e-01
9.186934666122655857e-01
9.907414645973829925e-01
1.183919711552525289e+00
7.223176210091595273e-01
1.211132642710364582e+00
8.751418811983600055e-01
9.545286282019416202e-01
1.072075749526493205e+00
1.048209029671633319e+00
8.418489652916795185e-01
1.069106840150647608e+00
8.422804301916710923e-01
1.065610657672932282e+00
1.080177359285543925e+00
9.859948751070077844e-01
9.315142206064261909e-01
9.853708457314642732e-01
9.280869158556457332e-01
1.015141747568888864e+00
9.357525626468362612e-01
9.686685204393599147e-01
1.073447288251538678e+00
9.896694484193375718e-01
1.181083369710951514e+00
1.055630227937785159e+00
1.025877024985083263e+00
1.025954441336865530e+00
9.329917452890267304e-01
8.366750878113329293e-01
9.324837798871508099e-01
8.115758343407697417e-01
1.233453133577315786e+00
1.104677340735585434e+00
1.003701663101840280e+00
1.102069327615047722e+00
9.318600218787168599e-01
9.540579351485848347e-01
9.605776862729098475e-01
7.944193697883553673e-01
1.133570577192902995e+00
1.164033542049821568e+00
1.136218931673321553e+00
1.193125794993110000e+00
8.832649457765439083e-01
9.650512450749204607e-01
1.115500258785391052e+00
1.022055874580153345e+00
9.747114005085999455e-01
1.083829796472351337e+00
9.175395940356165791e-01
8.922413455304903929e-01
9.310827450522545234e-01
9.710358972074685235e-01
1.115032655606523981e+00
1.054361677048647028e+00
1.014255534021513361e+00
8.346223249907503972e-01
9.240975811989227129e-01
9.873187072600850822e-01
1.013184710852746973e+00
1.078366501217158158e+00
9.458930727063572519e-01
9.686272528285364558e-01
9.601627938294839959e-01
1.069891189258539210e+00
9.598989830048486604e-01
1.098511213217246540e+00
1.020399557961672921e+00
9.685599187579847502e-01
1.091036532606797893e+00
1.094721310628305577e+00
1.012257530304410125e+00
9.180263233623715546e-01
9.968346865478483476e-01
1.039921001069205042e+00
8.575510508489588846e-01
1.250310524622180619e+00
1.095446851309426428e+00
1.160665241121778823e+00
8.261911438549588427e-01
8.861299967960749591e-01
9.106442899450063466e-01
1.068385566757998006e+00
1.111541841472717840e+00
1.067262215068758957e+00
8.952990433566252459e-01
9.764927398129563674e-01
1.117783966336876489e+00
1.088316334459886736e+00
1.054494721902115684e+00
9.680330277111351966e-01
1.015821016308389391e+00
9.801736203144387760e-01
1.099120967935033999e+00
1.134924384907801898e+00
1.005741140607814721e+00
1.057000711572555485e+00
9.822948347059458074e-01
9.786491290471702742e-01
1.018439866640311831e+00
9.352943591358289233e-01
1.231012851760341809e+00
8.515501012507760148e-01
9.053790469047362510e-01
9.254953506038461342e-01
8.848566402109567797e-01
8.386149131788172006e-01
1.011390898073913247e+00
8.148373701517426237e-01
8.536099131389709438e-01
1.007628369052892436e+00
1.145877481029034639e+00
1.231761150384142134e+00
1.071527896544226088e+00
1.035802510699952661e+00
9.272694754517091242e-01
1.021698643300273490e+00
8.777219032193872561e-01
1.055584420226245879e+00
1.025757577942910004e+00
8.851598117516987774e-01
1.030858163713642028e+00
1.033469851264689154e+00
9.834673500736360596e-01
9.690949565983176806e-01
9.432383159222537117e-01
1.026511676187260802e+00
1.095497917977940938e+00
1.059878859348007962e+00
1.010891219469063795e+00
8.350438842961984687e-01
1.029193633756263715e+00
9.619180541606321411e-01
9.822090671928194183e-01
1.169976994758788802e+00
9.866919446342073963e-01
9.519177966957004244e-01
1.096414978426582421e+00
1.101360496907529463e+00
1.000373727705225146e+00
1.034157112773669285e+00
1.112008833788368012e+00
1.000949466300069757e+00
9.057331311772474081e-01
1.125140517137258156e+00
1.178752813035733871e+00
9.139517714581838481e-01
8.562928192297030172e-01
1.091416193582368743e+00
1.036522228199789675e+00
9.714520068011673892e-01
1.024325547104383505e+00
8.907833752141413042e-01
8.944777668149792582e-01
9.018627796623641668e-01
9.227428208627347361e-01
1.045150011720929362e+00
9.902907834228956707e-01
1.083606180410879194e+00
8.485315626260968580e-01
1.117617249482945496e+00
9.268880496675199199e-01
8.831190684550946912e-01
1.161979118313621662e+00
9.758233667361019270e-01
1.028706058891962982e+00
1.078019472651451149e+00
1.039935993495643585e+00
7.788174527036990646e-01
9.764047248672264034e-01
9.785667476179926716e-01
1.004981377226906503e+00
1.044489365917756984e+00
9.527635930099044304e-01
1.170225309035094030e+00
1.012454813653411501e+00
1.152346968683446882e+00
1.053744818371842973e+00
8.421166776988220359e-01
1.090065081801867342e+00
1.064048465897273088e+00
9.603079625811749009e-01
7.734549633734117968e-01
1.165186897431168767e+00
1.034725000214888224e+00
1.057978086997840350e+00
9.373637658997889810e-01
8.366428813054319624e-01
9.077678245211916463e-01
1.121920038910841688e+00
1.104387330498535658e+00
1.039299852476370356e+00
1.101779969303936735e+00
1.193243184215097230e+00
9.606244994156944994e-01
1.022198468193142862e+00
9.595350819474567361e-01
1.055480355025506967e+00
1.190876298086177787e+00
9.094702907586347251e-01
8.654533325167689251e-01
9.495997231257424787e-01
1.028166423126115836e+00
1.064330958294928298e+00
1.082869050536512612e+00
1.009090418306802350e+00
1.026253763126446783e+00
1.054073917233505187e+00
9.255019738453247324e-01
1.092678285861084619e+00
1.025444398384947498e+00
1.011046261543666169e+00
1.079802927627948383e+00
1.032923363088766644e+00
8.328903853243958544e-01
8.650837243911603247e-01
1.084290849900005682e+00
1.212726894588603610e+00
1.108751287533928265e+00
1.045623336559861283e+00
1.016916524800223653e+00
9.495468764912026183e-01
1.176224788097574914e+00
1.076471201245990272e+00
1.141066047273061823e+00
9.085777893421449480e-01
1.022967925372404885e+00
9.913773320921238641e-01
1.106674059955850886e+00
1.017601255070392119e+00
9.118475860202673866e-01
9.898447600672917179e-01
9.484755833995265339e-01
8.305420784910837462e-01
1.008700565877986177e+00
1.046771207373732304e+00
9.822577164182351162e-01
9.203200718525595958e-01
1.117517890669716074e+00
1.018392578151640526e+00
1.205521327926692088e+00
1.014160878100883512e+00
1.040135247231376736e+00
9.103378593062845248e-01
1.020678310974274527e+00
1.073309747095301026e+00
1.084146963925368246e+00
8.976904638301533845e-01
9.807037676085851308e-01
1.039669995068967179e+00
9.310225169408573587e-01
1.096773991720191299e+00
8.901618078760520358e-01
8.562523020134067409e-01
9.484730437453549046e-01
9.473823818007692799e-01
8.394693619858137890e-01
9.882996781293627020e-01
7.599245368823908109e-01
1.125990856491328795e+00
9.908080266721217555e-01
1.117383136706453950e+00
1.001584933956257695e+00
8.662649488342939463e-01
9.277064217133749180e-01
9.311992644573187095e-01
9.455900279878611814e-01
9.474561279676863013e-01
1.018256109550125688e+00
8.951317020176394745e-01
9.699803684698112827e-01
9.123379898476153826e-01
9.341498185351115868e-01
1.065082274479842717e+00
9.523235562697737189e-01
1.049939399115602523e+00
1.101996037741645784e+00
9.520124479472441559e-01
8.991220843400928864e-01
1.229584870346472014e+00
1.131343803250389302e+00
9.888737745546157809e-01
1.178130029558697611e+00
1.182285474728191677e+00
9.534717143062443334e-01
1.077907790919573783e+00
1.055853495907042916e+00
1.096315717662853073e+00
1.059198636605250821e+00
8.913104733347160247e-01
1.048785337217010394e+00
1.001948126979282039e+00
1.040120529572335917e+00
8.434796299073120673e-01
9.498053547274338815e-01
9.258039562114703802e-01
8.893925072751844851e-01
8.544769175876676393e-01
9.750471133183173933e-01
1.117619022127162243e+00
9.883898468505248891e-01
1.114558820108964010e+00
9.701598417112389239e-01
1.001842501035760113e+00
8.620140595526657457e-01
1.096070705530231892e+00
9.337276016867055439e-01
9.344768332778526920e-01
1.081021598629495317e+00
9.246936355046554423e-01
1.091503150584336002e+00
9.805907690664701359e-01
9.984813649986813422e-01
1.008273171827198222e+00
1.231048475977124301e+00
1.007116449083770959e+00
1.003218639610994778e+00
9.227228533263043264e-01
1.147553142420236538e+00
8.687371069292419978e-01
7.115904778554527077e-01
1.076880505510796615e+00
1.080970050238176050e+00
8.647636733347274784e-01
9.891053894546196767e-01
1.005919492436252671e+00
1.107560346720457112e+00
9.415020769415191060e-01
1.063594402936016703e+00
9.063537068714275780e-01
1.150448896786377961e+00
9.264158981503998191e-01
1.087487315676957333e+00
9.301097342909524501e-01
1.003255110428164620e+00
9.876461769535992419e-01
1.039247168750117911e+00
9.049396091947257137e-01
9.194361660937313552e-01
9.864735940690168015e-01
9.087153829768507274e-01
8.994803090966251302e-01
9.230109036608471484e-01
1.021362039357931462e+00
1.168043892100866454e+00
9.427369589295194752e-01
9.640728761664676405e-01
8.772291678819237326e-01
8.791645627804886010e-01
1.052298933965048366e+00
1.064501394646546029e+00
1.043348425706292382e+00
9.790154080097086542e-01
1.051776478693933869e+00
9.345433135901816124e-01
1.221373057921782079e+00
9.433476101778645040e-01
1.052738399295392036e+00
1.037630663917838980e+00
9.041138324738953180e-01
6.802478613776881122e-01
1.021455271563583622e+00
9.919291575199447042e-01
9.759354196787468627e-01
1.067406175776416166e+00
1.014821668906177088e+00
8.575000849945635384e-01
9.931456645773761860e-01
9.097763592485385020e-01
1.248561851972384229e+00
9.684572996859704963e-01
1.012752847494617026e+00
9.434957944448276734e-01
1.099855168782936987e+00
1.052709593283090328e+00
1.157482097777515317e+00
1.013273370733125400e+00
1.027615408050295054e+00
1.049463817478313965e+00
1.045395783965509251e+00
1.232703103602885930e+00
1.178521963581710796e+00
7.893830280132829724e-01
1.049282211628019379e+00
9.143610254955363281e-01
9.094388699750389771e-01
9.234437630268912400e-01
1.135438621956447180e+00
1.055658698092227121e+00
1.045517291487081613e+00
1.072633500553179964e+00
9.693916486803928478e-01
1.028739533299132480e+00
1.070988660184953201e+00
9.029672656800509234e-01
9.535592282911053985e-01
1.042328552609914194e+00
1.138682538882751505e+00
1.093868715156176341e+00
9.686864366259526626e-01
1.051466645092973939e+00
1.150531397122452448e+00
1.152550315593482866e+00
9.151546298320500927e-01
8.065744158547383247e-01
1.061747825885651642e+00
1.037116358538590966e+00
8.827969220623755886e-01
9.009161934270734085e-01
9.008102957284158663e-01
9.585961087665620939e-01
9.485134227099991655e-01
8.474653568425909445e-01
1.134172560820577047e+00
1.054476002205021468e+00
1.012971157875892203e+00
1.044794154010328935e+00
9.373088699398696155e-01
1.129459714780022273e+00
1.191683195003590878e+00
8.579576613710651056e-01
7.863602301192382793e-01
1.204756458574342881e+00
9.031224961201639312e-01
1.061101935877707403e+00
9.538423711362229440e-01
1.075383823209358658e+00
8.087283534802647278e-01
1.035805065646264289e+00
8.272730916329351647e-01
1.072542451723529799e+00
7.725077858527731323e-01
9.799720280818837725e-01
1.007221868974632173e+00
9.346289153819048456e-01
1.053263282877467510e+00
8.615343960009254065e-01
9.502330133802984191e-01
9.220486043106674856e-01
9.993196381726472399e-01
9.272523531276901654e-01
1.204492985243397207e+00
1.072130891253101792e+00
1.079782784223775716e+00
1.040961386780213882e+00
1.040525162907456558e+00
1.028268608067800960e+00
1.068281049313221764e+00
1.052580708620588723e+00
9.953317811856720043e-01
9.954919297142349466e-01
9.944798422314180542e-01
1.187112127774282655e+00
9.327024755190502781e-01
9.785098927514761513e-01
1.013335587905236812e+00
8.900572540251178166e-01
1.132637892859936546e+00
1.011582522610073642e+00
9.923007897491861184e-01
9.162417904985690198e-01
9.996940774580479472e-01
9.540912140667154873e-01
9.606684775415386124e-01
9.712627047847957051e-01
9.781967500228979651e-01
1.185340621675262884e+00
8.349915660225994962e-01
8.747523052142182065e-01
6.100250894756347186e-01
1.008257467080017511e+00
1.048765812190848523e+00
9.962624388852253654e-01
9.162802238522458342e-01
1.063238145733721884e+00
1.026778688576479803e+00
9.097549657250574295e-01
9.381902976608040845e-01
1.045105914358074761e+00
9.657312570322422740e-01
1.044894238998441027e+00
9.963436818625909241e-01
9.012332187727831734e-01
8.863411763389797970e-01
1.053954250061198916e+00
1.018734356757627912e+00
9.622296886986857478e-01
1.050098529555199889e+00
9.148171227029386898e-01
1.003120185016891819e+00
1.118153259218749751e+00
1.185795531975374795e+00
9.092897032464214435e-01
1.039556336140465831e+00
9.574783239157669268e-01
1.040206458112487242e+00
9.856898487564221822e-01
1.168078790667970823e+00
9.074993803327076058e-01
9.700535950341372393e-01
1.192481288320843547e+00
9.175195373240606633e-01
9.305576478206463165e-01
9.115421175545652677e-01
9.099393165284713758e-01
9.701342919198812087e-01
8.541745726059245536e-01
9.508595060094793272e-01
8.939327843005530072e-01
9.930872250585821570e-01
9.378297647800928338e-01
9.922358528220418528e-01
1.105257169673312001e+00
1.008373019362394762e+00
9.842945087125395398e-01
9.732795715659293689e-01
1.083071350362035501e+00
8.569374037602703886e-01
9.242071551100329296e-01
1.017799444650461238e+00
9.008738470177362068e-01
9.198788503755035428e-01
9.090588937513984780e-01
1.130975149863199913e+00
9.159703445195532812e-01
9.522975741893909829e-01
9.165131730060149806e-01
1.002462501881952850e+00
1.024958536783732610e+00
1.005801943553123134e+00
8.139941674418953443e-01
9.535021831285337424e-01
9.915071473130800950e-01
9.787304327947191629e-01
9.944461021105145404e-01
8.647994527996318848e-01
1.029451859920056389e+00
