9.957785945744107581e-01
9.892144820236241642e-01
9.888574761933599522e-01
1.016966620725002990e+00
9.944950964863354947e-01
1.013538429189408951e+00
9.668492918752522591e-01
1.002696209217664780e+00
1.020585906412072585e+00
9.801464552830619903e-01
9.858059099707515704e-01
9.952259337480745538e-01
1.015855196857919029e+00
9.799350799206485441e-01
1.017769500579837949e+00
1.022623857676050463e+00
9.940809526853416900e-01
1.033309011428766189e+00
9.886589844209490163e-01
1.008127549132238343e+00
9.739938235387948229e-01
1.027903079806004927e+00
9.855092921857577792e-01
9.815970131412621313e-01
9.748820596074064815e-01
9.857770928715252623e-01
1.005420264686124110e+00
1.008175936219052327e+00
1.002782023184713101e+00
1.003673247832255644e+00
9.856946198669804815e-01
9.897236853576237836e-01
9.675673179582237049e-01
9.915854871915907864e-01
1.003962909501186385e+00
1.025259037104038429e+00
9.647610795101657644e-01
9.577411620154053784e-01
9.581445143028030076e-01
1.012189747440751075e+00
9.954047479232115414e-01
9.849615916038452212e-01
9.885267703467354172e-01
1.025970540981942847e+00
9.881110450232544196e-01
1.022872494303368462e+00
1.034111641761085831e+00
9.802352049681558599e-01
9.890583167755233607e-01
1.002105220111668249e+00
9.996837978429231608e-01
1.019843848114329710e+00
9.654721856376700106e-01
1.004757070266121266e+00
1.023873785570882822e+00
9.873447939903466919e-01
9.964199832593820805e-01
9.873931563088951258e-01
9.513119295278956722e-01
9.988348989169293368e-01
9.964864085804372440e-01
9.740880267808864623e-01
1.013616560091315622e+00
9.829512452201746298e-01
1.008785163758801673e+00
1.016862507392571002e+00
1.002419470553085334e+00
9.976618871484472795e-01
9.898670902153368090e-01
9.980937982532522845e-01
9.852816060918054841e-01
9.934841142739040398e-01
9.938021714042162280e-01
9.948867965203478381e-01
1.016666966288741314e+00
9.921168112901077585e-01
1.018313832745714187e+00
9.573636862154492055e-01
9.668509006871803813e-01
1.039421994874460298e+00
9.961858830602762227e-01
1.015269218746441160e+00
9.875475133736882905e-01
1.024760849908433746e+00
1.006021438050407557e+00
1.005969842863262187e+00
9.828005525259871922e-01
9.592405015120822886e-01
9.918067822969284242e-01
1.001651654742090392e+00
1.019193829235943261e+00
1.001617401582992173e+00
9.912118349922487415e-01
9.885404353648007403e-01
9.848303140671962330e-01
9.727863592814515181e-01
9.654435717432252595e-01
1.003812257379972372e+00
1.030773076195033999e+00
9.706697932313725907e-01
1.019970255328836561e+00
9.983923349689465265e-01
9.540925540581464137e-01
1.002517353460232297e+00
1.009344380014882026e+00
1.048922276277081123e+00
1.016869255996359689e+00
9.824150846161531225e-01
9.777441487925135899e-01
9.936785212448128179e-01
9.754495438054248124e-01
1.013043065743337134e+00
1.025250007344287173e+00
9.924232615889664322e-01
9.663995476761904069e-01
1.044864147315774705e+00
9.992080285125310990e-01
9.839522467528912797e-01
1.004600165956631264e+00
9.913460948212025059e-01
9.948172565946254986e-01
9.963697256752598319e-01
9.801860221570688481e-01
9.896829247310005018e-01
1.029142091365400802e+00
1.026676614484501870e+00
9.962479192128764760e-01
9.980524286007278478e-01
9.919159834590363101e-01
1.010418639036880339e+00
9.808192257399296343e-01
1.026531671111037713e+00
1.036538099982833305e+00
1.040210829709249607e+00
9.675249034571353768e-01
9.671276110678008742e-01
9.846646392855702423e-01
9.984070193888318068e-01
9.732269429738767963e-01
1.001880193996353974e+00
9.897900035989065648e-01
1.009374231342790029e+00
1.010076944179516101e+00
9.654044027020370899e-01
1.017620406027025526e+00
1.008796263592425024e+00
1.007059047792592477e+00
9.917841253174012328e-01
9.957624633087656107e-01
1.050421309509588452e+00
1.003738087013049451e+00
1.002169506478794991e+00
1.020109980120613047e+00
1.021512005834477987e+00
9.980443862885575168e-01
1.001655943864454779e+00
9.949503312247216513e-01
1.004335560703621288e+00
9.922907459813600228e-01
9.777361750401748486e-01
9.979990132734141151e-01
1.017964782562509996e+00
9.913581568118161602e-01
1.028752647078386762e+00
9.508675029040339899e-01
1.004459941516384847e+00
1.008584572758935982e+00
9.605951645342694079e-01
9.834808327126010052e-01
1.000750799530900848e+00
1.005514189619600929e+00
1.001504111385257634e+00
9.774927757089759695e-01
1.005642237641318992e+00
1.033147061189321425e+00
1.000376488015888077e+00
9.947565372964586317e-01
1.005661375034529792e+00
1.023741193898099588e+00
9.680941801192297635e-01
1.026084507847341065e+00
1.014966603732538664e+00
9.948806492895233555e-01
9.587036811983479234e-01
1.010175170279370649e+00
1.017627725561654373e+00
1.002800477861310435e+00
1.003198727651956723e+00
9.436353964814638839e-01
9.834741219241952548e-01
1.022461264146599325e+00
1.021339660605310895e+00
9.818603240349967898e-01
1.028435281803708135e+00
9.730208950874482676e-01
1.000743657905454942e+00
9.792924096666694167e-01
9.792487153574946923e-01
1.001534371292839065e+00
1.000942194169476718e+00
9.888243520002333309e-01
9.665034757702647417e-01
1.014416053278834662e+00
9.794412360868179901e-01
1.008580620155557606e+00
1.041040668635046185e+00
9.861324120116649050e-01
9.791351796479393910e-01
1.015588571574168597e+00
1.033381087658359343e+00
1.020605528301994580e+00
9.899362465744711015e-01
1.011811799955932178e+00
1.010299840529993221e+00
1.002742494382645955e+00
9.765281779699218623e-01
1.001479250810956900e+00
9.889937349508374220e-01
9.973735505157359515e-01
9.929944089734636936e-01
9.861235645358467083e-01
1.018872740684512612e+00
9.722461378670809173e-01
1.008543575040083295e+00
1.008906755047435100e+00
1.002171629873265468e+00
1.009314011649817600e+00
1.004747960560230524e+00
1.012324332426320694e+00
1.016007167101889319e+00
1.001594020088212300e+00
9.816764362902515861e-01
1.047968782338526417e+00
9.756261316243446391e-01
9.959432639678027499e-01
9.850828137944915852e-01
1.029341123667916635e+00
1.020447313849452309e+00
9.714023961114460759e-01
9.805991826525476407e-01
9.880758283122342833e-01
1.029931628554140666e+00
9.857764228986932720e-01
1.019689986198999421e+00
1.011116804004930980e+00
9.775098302622426960e-01
9.652101008803569693e-01
9.982348388223944990e-01
9.999173278953955579e-01
1.006017525425339176e+00
1.024074306339479712e+00
9.908799681495332745e-01
1.026396173891720220e+00
9.767280903631551103e-01
1.015515705030768379e+00
1.013458327598237618e+00
1.000029132532249676e+00
9.929935327583432336e-01
1.008663125262790228e+00
1.014027911021173400e+00
9.718708525519926811e-01
9.644710794235877849e-01
9.735807830351972392e-01
9.610954674700361577e-01
1.008378668824402080e+00
1.020975059953789899e+00
1.007344242066872786e+00
1.021120937023256348e+00
1.023354763705373927e+00
9.946587951563344854e-01
9.632522767811773079e-01
1.017363137897048908e+00
1.013536720041643413e+00
9.836556172181555313e-01
9.944112120379281494e-01
1.006274883839665790e+00
1.016113040620552077e+00
9.979919116163474824e-01
1.024677320937172009e+00
1.015514330540603360e+00
1.003399423091545950e+00
1.052816821379093604e+00
1.009230273535010047e+00
9.684291328926268871e-01
9.796771562021208135e-01
9.918569193780312210e-01
1.002906380804239106e+00
9.867964818008455596e-01
9.888820320780480344e-01
9.909034242415191152e-01
9.853878612993840491e-01
9.813587892105358756e-01
1.028046907098148166e+00
9.946506167983468760e-01
9.986727834344180099e-01
1.027320543881640402e+00
9.992016916091290835e-01
1.007400673954377268e+00
1.001242085644846735e+00
9.954636906633234084e-01
1.009945797467006301e+00
1.010295508148030708e+00
9.949894602999630466e-01
1.004741914067252662e+00
9.999159669098606207e-01
9.822120211860521088e-01
1.019166598838636917e+00
9.334080101946178321e-01
1.014694991360506560e+00
1.012058452475268044e+00
9.822157321571619581e-01
1.001248909069723858e+00
1.026093384999375635e+00
1.008421955837928374e+00
9.505088932892000742e-01
9.640568293934204114e-01
9.929467566809662138e-01
9.792012180701837876e-01
1.039402350615336035e+00
1.017274510232103690e+00
9.922703247607173038e-01
1.007038390064978195e+00
9.771790024716793255e-01
9.934346327235084040e-01
1.001491250895757412e+00
9.966437779226199334e-01
9.904648345680544530e-01
1.028661360660007240e+00
9.746829698899990291e-01
1.017499092085579315e+00
1.018577083714884868e+00
9.904795183058743291e-01
9.785057299330881531e-01
1.011882979669852078e+00
9.873707437390953912e-01
1.017946527052590699e+00
1.019561943198010967e+00
1.000039703552226600e+00
9.837759956341548540e-01
1.016443879938571770e+00
1.056993019809054912e+00
9.947285432806352024e-01
1.010434465873130794e+00
1.013152754526492227e+00
1.012574512905522139e+00
1.000348697604731774e+00
1.037431339986544687e+00
1.005224456489112628e+00
1.002469535338570417e+00
9.940212323796648874e-01
9.907526928114901432e-01
1.018532932300395544e+00
9.847722376848933035e-01
1.031209848133090912e+00
1.014520816692418892e+00
9.888239607178572754e-01
1.001542998123409633e+00
9.667768130298147744e-01
9.958598217795390228e-01
9.761554186413091694e-01
9.693279337768818671e-01
9.882952763981432964e-01
1.024544209269163009e+00
9.834452078748271431e-01
1.004532747839563589e+00
1.006525233088437110e+00
9.976037905394816718e-01
1.006100975164497591e+00
9.805350169883383371e-01
9.972960975794042948e-01
9.807851046973463660e-01
1.024545914366693289e+00
1.019289762716029335e+00
9.781028633202505373e-01
1.036827891074206587e+00
1.010149487126849932e+00
1.008841727253430243e+00
9.931382222630475987e-01
1.007154363097282346e+00
9.937423008530346102e-01
1.007370868346944448e+00
1.040563681416885045e+00
1.000997139758292187e+00
1.011250968784624726e+00
9.685988567139036665e-01
1.015750459821528118e+00
1.001395469681222394e+00
9.794237595094377191e-01
1.007587448333790103e+00
9.778677029622214745e-01
1.016998690416659024e+00
9.847957739086503626e-01
1.011944191684663874e+00
9.902530027275355806e-01
1.011298037629037028e+00
1.011833738215248690e+00
9.658667713661841514e-01
1.011088404094248272e+00
1.022483638531942907e+00
9.826790298077742181e-01
1.014061184786611891e+00
9.822483513689604928e-01
1.002169933744547992e+00
9.901947301474085528e-01
1.001235579365127304e+00
9.959554405962893764e-01
9.879991605637599150e-01
1.039946750604920700e+00
9.797516042142083714e-01
1.011182726424774136e+00
1.011719224344830748e+00
9.942278364616478070e-01
9.676442532384569306e-01
9.841113236678489251e-01
1.023078929398316461e+00
1.016984496887050060e+00
9.874541211622733794e-01
9.865381277226797918e-01
1.001585070507333253e+00
1.002379049844248859e+00
9.944746398887849281e-01
9.568926154405603679e-01
9.874165918672087594e-01
1.024638822914727188e+00
1.031491052329455593e+00
1.004870451641471485e+00
1.001180363014358532e+00
9.704860828415876606e-01
1.006532126748322931e+00
9.787446784063325023e-01
1.009019601741693473e+00
1.007430003274386809e+00
1.014691870218055403e+00
9.970443602727018240e-01
1.009452138001635024e+00
1.019477854125101501e+00
1.014718919983511158e+00
9.841081733386146668e-01
1.000288979897369979e+00
1.017123041322012922e+00
1.005310415766228482e+00
9.959700359234907596e-01
1.001068150585202821e+00
1.002422777219871053e+00
1.007634780367472560e+00
9.874724202631203207e-01
1.002100292683478333e+00
9.739940914293528929e-01
9.896095067106387422e-01
9.732655732797510506e-01
9.972484926616986822e-01
9.860843405759166513e-01
1.034434520195491647e+00
9.881193523357848507e-01
1.002571697265448147e+00
9.494023936947028064e-01
1.014841455321952690e+00
9.861952378301738209e-01
1.010682446599317386e+00
9.681349630062778822e-01
9.994408084299297723e-01
9.963561409292596149e-01
9.577734605375030075e-01
9.531697412716971796e-01
9.561664132666432003e-01
9.846639673521577762e-01
1.017255954637297011e+00
1.007289867736562927e+00
9.833110060504046679e-01
1.026329440947709060e+00
9.538832331450082247e-01
9.634421578390091057e-01
9.937637409028867719e-01
1.005937210309800545e+00
1.028561432040467016e+00
9.966709030887187515e-01
9.621460204068905675e-01
9.954555053472954329e-01
9.656535733255660059e-01
1.012366340919556018e+00
1.029003443460982714e+00
9.966631414903034392e-01
1.016919150409862693e+00
1.001064801059977860e+00
1.029886235008352413e+00
1.004559596355037554e+00
1.014995463441838330e+00
1.014075729812144777e+00
9.820536912386677031e-01
1.020712990756865057e+00
1.006170194988528221e+00
1.013139652323796325e+00
1.021922931095775589e+00
9.941343164522918885e-01
9.878872685113598839e-01
9.676320695632787405e-01
1.001958251466228189e+00
1.011396391284634433e+00
1.003149433372914956e+00
9.948504363341641454e-01
9.874575764182607074e-01
1.001304464454727983e+00
9.904704228877484473e-01
9.953488686230412830e-01
1.020819421046757824e+00
1.033254607050673179e+00
1.015680996748330678e+00
9.889781803222688072e-01
1.024913381907067933e+00
1.007848037789936591e+00
1.000962938674577529e+00
1.020109047716279305e+00
1.002862541870882751e+00
1.006204495086613360e+00
1.030964989780866148e+00
9.690205699452444366e-01
1.028608945889885495e+00
1.031744786340113240e+00
9.742073487480423788e-01
1.033144035778451819e+00
1.000593244201715137e+00
1.007160153974973271e+00
1.026550466498493019e+00
9.848417395622819370e-01
9.867039074233568963e-01
1.035385187136691032e+00
1.034740131467653645e+00
9.740132878837542973e-01
1.037160770378071195e+00
1.026680354694975650e+00
9.548602010920460570e-01
1.016852526847781268e+00
1.013806780825433629e+00
1.030175697596225515e+00
1.015362297844502049e+00
1.038068714180827579e+00
1.009266901356994595e+00
9.695966736256120821e-01
1.002128312454479975e+00
1.008330390149319022e+00
9.767771844325600084e-01
1.007431400034144220e+00
1.012681681212973528e+00
1.013927576091193883e+00
9.808736421398812633e-01
9.972933085978376022e-01
9.935293215252783972e-01
1.006192752725329820e+00
9.845502275922295432e-01
1.040215724758034366e+00
1.003328637516293087e+00
9.841955980331584808e-01
9.751704360891891854e-01
1.002386855201843785e+00
1.017145190559079593e+00
9.882564198410102030e-01
1.018286902332897981e+00
1.001211812733481255e+00
1.021927486893855042e+00
1.008037691529406699e+00
9.914193602125965787e-01
9.860044250874161476e-01
1.000750154595806851e+00
9.706584349050619842e-01
1.001597442649521552e+00
9.591472424830027599e-01
9.965964506761195718e-01
9.690996165093632708e-01
1.012527415362312500e+00
9.853925487982123643e-01
1.002822376727101839e+00
1.004699872573754593e+00
1.011506029680380392e+00
9.914895540928854167e-01
9.956499266205863785e-01
1.010394143865114058e+00
1.029105234681737535e+00
9.745972652592910235e-01
9.849291102008697063e-01
9.984234653539922899e-01
9.991923974063255942e-01
1.000112356792633550e+00
9.940985605935486191e-01
9.937873956831411171e-01
9.978867566509757037e-01
1.009390266141448667e+00
9.848328445711628243e-01
1.046446617040424965e+00
9.990252998364580472e-01
9.891867895584007808e-01
1.030054761786487472e+00
1.033086342766479593e+00
9.764536454145551492e-01
1.016470022571512200e+00
9.938225972552537923e-01
9.812140382473677480e-01
9.788005029725209694e-01
1.013102418779777025e+00
1.003005203561615044e+00
1.029823883087892744e+00
1.021333075380027156e+00
9.691377575903898922e-01
9.976878049333736120e-01
1.001977517603964030e+00
1.003901686047541597e+00
1.037971072257047878e+00
9.991556101973214643e-01
9.959810966173567870e-01
9.748479459211145670e-01
1.019964802187127262e+00
1.006516140539462922e+00
9.891307009940392136e-01
9.816074236214744619e-01
1.021584357132594656e+00
9.820718991284042021e-01
1.051595127867588575e+00
1.021413646894607119e+00
9.949086141538971972e-01
9.827003020386605447e-01
9.781341149629108056e-01
1.019248508995864944e+00
1.034699567371518469e+00
9.861674700749263334e-01
9.697410268806399003e-01
9.776532048349663162e-01
9.785409799005185816e-01
9.778138385122561171e-01
9.891581711526180598e-01
1.021834100454702465e+00
1.011885503664263330e+00
1.016307983792678726e+00
1.022605469303786707e+00
9.890475289616772470e-01
1.005945165546661801e+00
9.841134400363644730e-01
9.760173376453998850e-01
9.702563567290387603e-01
1.018063999318588042e+00
9.980776601619986144e-01
1.030253519902875947e+00
9.924744909354618061e-01
9.894756034018792334e-01
1.012015995508856347e+00
1.020774022161821115e+00
9.863688672666645063e-01
9.780632321527487072e-01
1.004602199574807342e+00
9.849679360064765854e-01
1.001288294558526637e+00
1.011538387797735972e+00
9.966238002155456410e-01
1.005177696499977014e+00
1.006550137502192799e+00
1.027948371357727320e+00
9.772064148689372232e-01
9.734437411941859741e-01
9.715032343827803007e-01
1.039141401411479704e+00
1.038553719006388265e+00
1.002864109815405635e+00
9.908589872234478957e-01
9.832943282419475128e-01
1.020430941882849663e+00
9.647727544792167320e-01
9.844836908752762072e-01
9.963175207160807068e-01
1.017477406417457653e+00
1.008146895416368594e+00
1.018200915214949820e+00
9.938209047073719438e-01
9.908185585549810215e-01
1.009953497598685912e+00
9.910846608725630835e-01
9.486415008168068708e-01
1.015297816419030275e+00
1.008108109767793081e+00
1.026436926775873504e+00
9.903573332237135540e-01
9.942166979166918717e-01
1.009650356279253813e+00
1.000601973971916747e+00
1.004280265117660775e+00
9.748345292932897310e-01
1.019484257621798839e+00
9.676016164528998820e-01
9.891165741352476726e-01
1.004419938818526203e+00
1.027880037459528495e+00
9.875091300142490036e-01
1.005858078132435329e+00
1.023363254574452652e+00
1.018246385687562761e+00
1.023737194423014252e+00
1.029366883558998191e+00
9.861893852796657089e-01
1.010390286986845743e+00
1.019142579526051584e+00
9.886613247277314942e-01
1.041979090546859110e+00
9.872288835682547781e-01
9.708307410027633422e-01
1.029523647336183290e+00
1.005174272433027260e+00
1.036966384943424968e+00
1.025609034950387910e+00
1.012089649382322376e+00
9.906141947312362417e-01
9.969598901361369503e-01
1.016068360470051335e+00
1.005489642563762054e+00
1.010742500512022746e+00
9.484761993599166718e-01
9.995395753192759525e-01
9.914391898475015674e-01
9.807525137622533640e-01
1.018263766169584583e+00
9.980739597637290350e-01
9.635931445900290937e-01
1.017634492577213612e+00
1.013579902882003170e+00
9.781911212637233177e-01
9.654378307886445354e-01
9.997294359124488938e-01
9.839833469956218437e-01
9.700308172404792373e-01
1.012102682650541707e+00
1.000555489252512364e+00
1.006092740191787405e+00
9.828301098504613753e-01
1.006329281994178260e+00
1.012570033950632720e+00
1.038522294759264719e+00
1.023410316755524185e+00
1.011710377982707687e+00
1.017657115559705838e+00
9.963242691885546565e-01
1.023379027572016708e+00
9.912563139327215112e-01
9.988362899755377500e-01
9.971500598323931319e-01
9.790066065020870401e-01
1.006431721647853772e+00
1.030597699969496350e+00
9.920496275931894870e-01
9.888172134012352954e-01
1.013041653255366770e+00
9.725609285086022071e-01
9.997448906989953032e-01
9.972819591470591938e-01
9.858365167998552892e-01
9.762018560516358967e-01
9.883078594499183911e-01
9.957436104138227551e-01
1.004686024898934882e+00
9.938537944817084080e-01
9.899828574449107688e-01
1.008813058652845873e+00
9.830876842157717510e-01
9.610494864219151223e-01
9.795035796784206106e-01
1.020040434539834173e+00
1.002175679645509687e+00
1.001741090588444072e+00
9.928335223657663855e-01
1.013547389068965687e+00
1.006320212819685089e+00
9.576862411840002531e-01
9.852792233229674679e-01
1.015846657672485387e+00
9.890764856526151894e-01
1.013052081922100722e+00
9.721969811124486771e-01
9.579635049008590197e-01
1.032336245891767756e+00
9.676208816224735054e-01
1.020004726090744995e+00
9.580049940008333875e-01
1.012209168467244957e+00
9.922935543683398807e-01
9.967713127367594517e-01
1.012299240983312254e+00
1.010988254114308704e+00
9.899240364870791620e-01
1.014297773435294481e+00
1.002581978045347766e+00
9.898159980954803761e-01
9.955987391092829819e-01
9.765972468757184721e-01
9.825793280832660903e-01
9.669967657595048838e-01
9.788351483008587151e-01
9.952012140220499736e-01
1.024125570236559923e+00
9.818859213765738225e-01
9.699189125614987583e-01
9.634333910363550579e-01
9.985631642252771334e-01
1.001615353999315783e+00
9.896565121987901392e-01
9.933946199357074347e-01
1.031511646019788841e+00
9.910183611985126095e-01
9.708325486273545746e-01
1.005613254917381738e+00
1.026916851139025422e+00
9.919196685433734340e-01
9.808251678189600087e-01
9.968738492288752306e-01
9.975460185285671688e-01
9.963880194933055767e-01
9.859158382850390367e-01
9.889825769437395886e-01
1.006756906493112114e+00
1.000318940931075540e+00
9.989679560724515905e-01
9.857121281818098657e-01
9.839001810835551476e-01
9.907857644867800184e-01
1.000766306868817734e+00
9.579468322024555782e-01
9.681212460446760870e-01
9.896169028105016308e-01
9.662811059818081638e-01
9.700429401749987024e-01
9.967819216786281133e-01
1.023603788741609177e+00
9.782539128492552249e-01
9.811478069132358870e-01
1.006150291072892777e+00
9.629016314041218827e-01
9.704218410803630013e-01
9.836962600057780337e-01
9.919427357105963239e-01
1.003051313091353203e+00
9.930011291370136606e-01
9.959746849983074357e-01
1.008427431686794051e+00
1.000549462266805412e+00
9.904041608816422926e-01
9.777099967859556040e-01
9.926112400593888330e-01
9.965291077764169003e-01
9.975432764232288196e-01
1.022648402111755450e+00
9.818935330839470010e-01
9.794113835720282824e-01
9.549997415897293340e-01
9.859807363401610347e-01
1.009435442821586149e+00
1.000431335130274491e+00
9.889870049177067468e-01
1.017763498227334917e+00
1.000733299329266135e+00
9.905660960934902226e-01
1.020554129316596281e+00
9.978024071069301337e-01
9.754402793646989034e-01
1.019315922259409257e+00
1.010905580285207161e+00
9.987841355857060011e-01
9.987644448099989303e-01
1.002066477668986932e+00
1.009386930665155280e+00
1.040945498096610855e+00
1.004008031139674628e+00
9.761296416966972478e-01
1.020988972894227409e+00
9.828545314247474352e-01
9.859091741352067340e-01
9.812013679717528358e-01
9.555319235179190462e-01
1.005823082575740157e+00
9.724864545001923322e-01
9.650581172187732149e-01
9.612319353553148149e-01
9.650325701588435834e-01
9.832078084226923975e-01
9.797274553366840388e-01
9.786984778895001513e-01
9.732130755108884257e-01
9.883444910214725931e-01
1.025089594430216078e+00
9.712521439410157775e-01
9.861859938940753523e-01
9.623806290185378254e-01
1.010333064816907767e+00
9.923483251471888478e-01
9.763147903348066148e-01
9.702259736579206262e-01
9.759890777995436917e-01
1.014903526592280114e+00
9.997729230532380607e-01
1.011454037363145764e+00
1.005846411980182875e+00
9.907315721688476629e-01
9.829488111674010709e-01
9.614684592839867205e-01
9.765282682075443477e-01
1.007781768750920959e+00
9.666228468568728305e-01
1.005045372837684026e+00
9.892604485367245681e-01
9.999375151531685324e-01
9.900996999384867880e-01
1.011051674439173764e+00
1.017708797873037030e+00
9.961862858601132631e-01
9.973272138958877431e-01
1.002632263124253909e+00
1.001130524698566449e+00
9.718417550709133046e-01
9.906359692775906778e-01
9.743707702888156907e-01
9.765462064053155311e-01
9.830444069801697049e-01
9.790135476640139389e-01
1.010973089367197542e+00
9.992261503604079609e-01
9.979549395044354787e-01
9.940989546253319320e-01
9.811604518798634489e-01
9.705173332077225989e-01
9.839832979881244501e-01
9.674513667685162854e-01
1.012203899637410087e+00
9.861905400453481185e-01
9.813926493932144668e-01
9.606410382065448950e-01
9.853388944519513304e-01
1.031489519761751517e+00
9.998678848481615811e-01
9.852387192048323028e-01
1.015965705808685726e+00
9.715991638721085399e-01
1.001151930014549052e+00
9.861121963492127662e-01
9.721847699201627835e-01
9.437299758919756032e-01
9.644401788589133107e-01
1.016929944433580424e+00
1.015811226256734701e+00
1.032905857778070757e+00
9.988170403051831459e-01
9.757541003989689266e-01
9.821415604355725470e-01
9.936989933376370043e-01
9.949328755825137538e-01
1.025053726118902109e+00
9.873845749780416625e-01
9.886713982775315879e-01
1.014841763230399874e+00
1.048484837097298561e+00
9.784107997800434164e-01
1.012798468493340431e+00
9.611159147880662390e-01
9.744841967425871276e-01
9.668509557042100910e-01
1.013844585062295911e+00
1.024373499581749059e+00
9.877180343469568191e-01
9.939924633255604602e-01
9.625782138633500740e-01
9.983410340793946736e-01
9.478300648332359524e-01
9.989621869263678455e-01
9.948611402080129729e-01
9.766001843720437670e-01
9.798412155415719971e-01
9.615518373432353494e-01
9.956963809405258159e-01
1.002594430992191032e+00
1.041933682357861324e+00
9.766987180951390846e-01
9.477967744288925411e-01
1.022250696764998024e+00
1.007963433791425611e+00
9.872354977735563475e-01
9.929884952251601948e-01
1.008325868298788119e+00
1.046422954218857670e+00
1.032664414334703684e+00
1.006320135930350856e+00
9.795832703993717638e-01
9.613274310645798515e-01
9.840942684738717139e-01
9.805647393895915442e-01
1.003038379078798226e+00
1.029793635161680765e+00
9.987263567069736281e-01
9.624341942972004516e-01
9.953725859369898510e-01
9.979977900257391843e-01
9.737205107986038888e-01
1.028783631112012653e+00
9.909493975420777812e-01
1.005253128460997791e+00
9.800326455909612600e-01
9.901292416900383531e-01
1.027767551445385230e+00
9.715781798331920571e-01
9.559768013086262783e-01
1.000889241485884762e+00
9.854452955733452590e-01
9.617586564560023366e-01
1.012143115488285616e+00
9.929495506471276434e-01
9.624717318015733047e-01
9.576697908443101426e-01
1.030212710034470236e+00
9.874074873905175354e-01
1.003162971237532508e+00
9.561687058510809356e-01
1.007865412665824412e+00
9.753506101090707592e-01
9.893056728034290703e-01
1.014117127549209796e+00
1.041394256497096382e+00
9.959099684325130042e-01
1.025814712819423047e+00
1.008321988473688702e+00
1.021232915569900479e+00
1.001208255571786054e+00
1.017070723849407221e+00
9.923414253487499170e-01
1.004574633559834229e+00
1.014033425653416920e+00
1.039225752211089704e+00
1.001560349541276373e+00
9.997471333597742760e-01
1.016363873917764504e+00
9.860062050916672538e-01
9.903297272113805727e-01
9.719679262266772701e-01
1.002325330541321557e+00
1.000084033145498763e+00
1.036260258576439330e+00
1.028703936286522014e+00
1.017435891522487257e+00
1.035498760794979711e+00
1.018405021069923588e+00
1.021642063522355981e+00
1.009967151094271598e+00
9.901879826306843047e-01
9.660230854586397964e-01
1.012921525560331437e+00
1.000695309936427302e+00
9.864418090547678597e-01
9.846668500114237332e-01
9.953026124570057975e-01
1.004860992880535653e+00
1.012319878489605030e+00
9.749193848042980726e-01
1.002155302782407054e+00
9.842130449704693529e-01
1.011316307075672993e+00
9.612704960097956386e-01
1.027419142955506404e+00
1.013222057003257515e+00
1.008133908843293458e+00
1.021287708510184133e+00
9.863392610134843475e-01
9.892646966523076513e-01
1.030819255721515892e+00
9.786813566230181394e-01
1.036601108068761823e+00
9.866516881054033794e-01
9.737793046986450429e-01
1.055254459654744625e+00
1.007038184010910609e+00
9.989993622657500350e-01
1.018870928504949314e+00
1.022419977930068447e+00
1.043749605822708260e+00
1.000483874401937090e+00
9.892372577575603287e-01
9.769937413641464063e-01
1.026510632975154769e+00
1.020976008807165991e+00
1.011629753737091519e+00
1.008876913717859258e+00
1.021458785889918675e+00
1.014855257599477145e+00
1.022336012488630486e+00
1.025211751397307358e+00
9.968250894653326588e-01
9.996223285254176583e-01
1.014962746404188154e+00
1.019631139086602412e+00
9.856189407282819337e-01
9.792009116378638245e-01
1.020181814929603137e+00
9.715886036475888110e-01
1.005167598692427333e+00
9.833899393332589112e-01
9.708071182793180931e-01
9.873550244463270564e-01
1.000706801956298353e+00
1.026509614066865250e+00
9.767375675856176942e-01
1.010930773956161266e+00
9.859138379317028411e-01
1.011394172671398639e+00
9.915408135654503186e-01
9.843035765749047483e-01
1.005570790168512474e+00
1.011967683349935143e+00
9.920084335255097141e-01
1.005177714303127301e+00
1.007059124471231470e+00
1.010694092902381547e+00
1.039686215707034789e+00
1.010752757166382798e+00
9.564807472180676395e-01
9.852408184823063797e-01
9.754465314198595971e-01
9.588722363662007808e-01
1.011885818892039879e+00
9.761907555306612583e-01
9.881026959560745837e-01
1.007645563143426015e+00
9.735410064995829726e-01
1.029486500810972816e+00
1.002758003821550448e+00
9.738610789348789432e-01
1.012843486717487806e+00
9.800405359604696942e-01
9.973986520654193333e-01
9.717095582570624002e-01
9.812399833846566777e-01
9.926460878529117515e-01
9.815562635845653805e-01
1.020786515636465719e+00
1.034334486917126039e+00
9.922073188856301851e-01
1.016219811563844333e+00
9.726852011739165471e-01
9.653077331520024673e-01
1.016683466504914479e+00
1.018611756110034960e+00
1.022206985826802805e+00
9.701914695281290690e-01
9.757251017494175116e-01
9.965197969862837901e-01
9.771722245678029495e-01
9.780373980424365010e-01
9.973225705729958923e-01
9.936538274162463047e-01
9.869149119233316947e-01
9.843009117589726076e-01
9.989193402279509248e-01
1.021529462648748776e+00
1.014865369473847645e+00
9.975751268267248895e-01
1.004796717106920756e+00
1.010330044441093200e+00
1.040056603681047021e+00
1.018106328397546667e+00
9.822559015763058232e-01
9.620105127014704216e-01
9.863966194095479256e-01
1.006324444581212285e+00
1.008725269076252040e+00
9.984026843639896009e-01
1.032254756479278557e+00
1.035124497527427634e+00
9.754585620221939424e-01
9.940570836339206462e-01
9.897506512406253343e-01
1.007160111045946271e+00
1.001092348880739502e+00
9.847674459133554103e-01
9.668639193665943266e-01
9.916296528324771709e-01
9.961637004587261535e-01
9.858987475143604629e-01
1.012304295301828860e+00
9.865158220330975114e-01
1.013576032058213672e+00
1.018741804833794173e+00
9.766684884265729449e-01
9.705576504629852552e-01
9.892291410622121584e-01
9.818434373493751810e-01
9.860972833958098205e-01
9.899500199385207200e-01
9.836855625498485134e-01
1.002335583541623221e+00
1.009080240300276321e+00
1.013622433192608696e+00
9.856263584485216445e-01
1.010399619279611416e+00
1.009287074718531185e+00
9.791598322796998266e-01
1.006973108432204667e+00
1.000316368467448536e+00
1.019768998752292655e+00
1.003915123741157212e+00
9.591649851990835529e-01
9.656457497558881276e-01
1.001630635642928313e+00
1.034231766782270689e+00
1.003791045845627394e+00
9.945589798414181670e-01
9.823095432953733441e-01
1.030247224179321242e+00
9.809359202411277456e-01
1.008158277596885144e+00
9.967576871240493297e-01
1.021250568750812215e+00
1.010232717712082451e+00
1.020062025297273189e+00
9.838770332885459213e-01
9.846938815225189101e-01
9.828840362583349810e-01
9.513023182160152968e-01
9.928045133198978300e-01
1.006915059416093605e+00
9.921185131805730917e-01
1.005227665943634552e+00
1.032768191309393568e+00
1.014038192091290425e+00
1.015124431062654597e+00
9.938994103549710912e-01
1.006706830517815510e+00
9.862849210766359009e-01
1.004280975301683254e+00
9.720331228909214749e-01
9.726551306742438063e-01
9.999986940127056911e-01
9.846687009617349773e-01
9.845718832469373405e-01
9.772812407660820266e-01
9.943339052429179814e-01
1.023796455588072307e+00
1.021800536049474628e+00
9.834405076096028875e-01
9.938623950683583841e-01
9.749504353824777203e-01
9.902280541703482042e-01
1.011125028082204613e+00
1.030881308651766526e+00
9.809986017969087868e-01
9.835565749752769316e-01
9.998624629827504995e-01
9.897411275928823526e-01
9.901908606759558529e-01
1.015060698495413583e+00
9.972670858530313653e-01
9.486640969223087971e-01
9.949158426034111491e-01
1.004687399684421223e+00
9.636270956545872624e-01
9.667756105734490735e-01
9.528400958665551590e-01
1.020939012802871471e+00
1.008827474522948409e+00
9.920096985044944971e-01
1.001462980400056102e+00
9.981787169459100939e-01
9.871341690567548843e-01
9.635345348313424374e-01
9.931441030685670412e-01
1.063787826983868756e+00
9.857966463059185669e-01
9.767168862700139620e-01
9.802170291150137382e-01
9.853883229127706755e-01
1.005537267335608220e+00
9.848959351960625552e-01
9.677412844629840194e-01
9.955897292726597625e-01
9.732533396547746740e-01
9.715939365754848733e-01
1.023229551240504520e+00
1.024968807840142215e+00
9.954890037078262255e-01
1.021578004087508651e+00
9.878663757801539047e-01
9.821687672143109005e-01
9.888674668813083324e-01
1.050198382009855713e+00
1.040685156894805452e+00
1.001963903116364740e+00
9.737319272860903707e-01
1.008067511344035827e+00
1.010869256826539164e+00
9.981088180633029827e-01
1.047219696308996140e+00
1.011446665343170848e+00
1.003624007591353395e+00
9.596129161478244018e-01
9.923325568665728458e-01
9.946003433901176027e-01
1.004765881154735307e+00
9.883236613182249108e-01
9.606060730528457325e-01
1.000579689673810169e+00
1.019415530444092832e+00
9.987287638094584086e-01
9.892057354473926534e-01
1.019344795223176892e+00
9.607194904083428133e-01
9.824645921821671957e-01
1.002566843192403745e+00
9.694382475092186979e-01
9.866151556816438184e-01
1.009087504148849623e+00
1.001560273714187099e+00
1.055712364040531925e+00
1.013194492038502315e+00
9.894468401899961796e-01
1.027728697397075841e+00
9.805740668775514424e-01
9.926858052572729019e-01
1.007645695339796088e+00
1.013648406527380530e+00
9.826312703839980012e-01
1.004382097579541888e+00
1.002242800465902528e+00
1.014752983623434357e+00
9.712836106045412699e-01
1.021212232120956687e+00
1.021111297117322181e+00
9.674557728824033642e-01
1.020600321764239871e+00
9.857983529030767134e-01
1.004834924132218976e+00
9.920023458985888221e-01
9.949486357677683745e-01
9.775269189229983668e-01
1.008070904928417777e+00
1.009993554388831427e+00
9.970371324701314819e-01
9.961850899869122422e-01
1.009879580248618236e+00
9.878256767093163138e-01
9.945958070243180460e-01
1.005726293960022888e+00
1.013258492088969565e+00
1.013775824789663993e+00
9.984612769041573133e-01
9.999361410215008572e-01
1.005340623639862097e+00
1.056596151119643112e+00
9.986947355101636337e-01
9.866972431175696778e-01
9.810823917880748812e-01
1.012575436228184467e+00
9.656451788110165246e-01
1.028569178888122826e+00
1.005224521235838164e+00
9.469838298499135831e-01
9.954613604569624297e-01
1.012854139953201615e+00
1.025230422743631076e+00
9.775491916095667699e-01
9.798300579483932848e-01
9.954724223098642133e-01
1.013598509700169403e+00
9.818730782443184646e-01
9.944353332017226155e-01
1.012332928313347979e+00
9.838716693454816475e-01
9.872670650875591258e-01
1.014335252293358858e+00
1.003179984301538319e+00
9.799111060809265750e-01
1.007512119477923962e+00
1.002823931250010014e+00
9.659025262754958874e-01
1.024658033436226301e+00
1.004040486926093712e+00
9.913209589662543841e-01
9.873541451296041771e-01
1.014970901624993926e+00
1.000896415999716460e+00
1.005364592919334221e+00
1.003113514216008362e+00
1.026063590803872216e+00
1.000254459080441860e+00
1.013131286468286874e+00
1.017934228872960034e+00
1.041096065526327497e+00
1.005277360690905564e+00
1.001402150188895668e+00
9.909436855175695058e-01
1.012649350211256127e+00
9.811446348155532515e-01
9.729603539871396478e-01
9.861014694378991141e-01
9.914878359097731853e-01
9.956845304289293486e-01
1.026029921972138048e+00
9.543415300424058501e-01
9.935036968208212915e-01
1.008993997914995777e+00
9.963304651736747397e-01
1.030649585176173000e+00
1.012491330128004297e+00
1.011459403066204965e+00
9.944796081972059332e-01
1.011156915823154367e+00
1.036849296099312978e+00
1.007675829040512783e+00
1.000488626378183143e+00
9.722970828331770621e-01
1.004286063467411561e+00
1.021859196595440222e+00
1.017750477102320250e+00
1.014391064968826139e+00
9.727121737472057550e-01
9.530275019896143895e-01
1.033169810567990954e+00
9.794532993656042130e-01
9.627976595038278962e-01
9.905210255899526972e-01
1.011603892980652786e+00
9.867237348792378127e-01
1.009361375914343162e+00
1.001704051954314556e+00
9.477418324957800344e-01
9.898617573211331289e-01
9.756375387248600317e-01
1.011995720747627336e+00
1.013470670837682164e+00
9.827152432525769754e-01
1.025459298626819171e+00
1.012516673854148452e+00
1.021803656232121327e+00
1.013174543365548130e+00
1.008680571779717594e+00
1.042457477819362932e+00
9.942651709695724538e-01
9.799096065901603536e-01
1.002916437557828333e+00
1.008701630622289791e+00
1.002872599940073606e+00
1.007231524955606083e+00
9.985990636356049110e-01
9.898608798622372529e-01
9.962383671668242346e-01
1.002716273483769793e+00
1.000502827956857521e+00
9.865253586604855185e-01
9.966669865627199032e-01
9.229915083073435556e-01
9.784353839758640481e-01
9.913416126522281990e-01
9.973355015832803261e-01
1.029001066454971358e+00
9.890701167400252070e-01
9.880382225770084625e-01
1.016743964468864947e+00
9.684800378022637712e-01
1.023677108611037223e+00
9.943435077603467453e-01
9.769629610903503014e-01
9.685924065294305718e-01
9.803108354621606901e-01
9.855569235817785989e-01
9.949186554081593803e-01
1.022016561165346005e+00
9.787898602817907134e-01
1.014657902598843364e+00
9.870046860926481314e-01
1.028777706067787401e+00
9.958509792728486021e-01
1.031387315935372140e+00
1.015213997532897539e+00
1.017673856335158389e+00
9.804811776647132104e-01
9.886440519780499425e-01
1.012466579107239806e+00
9.955710680137179747e-01
9.844074684250292417e-01
1.042384287097622542e+00
1.009595391692794664e+00
1.013839477227254315e+00
9.924008971196319751e-01
1.007095018548766818e+00
9.938107312646892177e-01
1.008445481005416200e+00
1.006000835494156087e+00
1.005197140123713861e+00
9.985216643282600613e-01
1.045397084709600577e+00
1.021844868471549317e+00
1.005300939136493321e+00
1.006950166710432581e+00
9.892443215459358896e-01
9.945798670150218790e-01
1.030708322547616129e+00
9.889202543483759378e-01
1.013717692210845067e+00
1.018447895804250880e+00
1.004653308630785391e+00
1.009830629675121161e+00
1.004340088370313300e+00
9.808748506796340916e-01
1.003713103001284024e+00
1.001085450624497497e+00
9.703944055597317764e-01
1.005768671732429453e+00
1.054622160189751856e+00
1.014716777874745679e+00
9.779143002692950448e-01
1.018565097545447884e+00
1.040103463018141383e+00
9.799520125656762115e-01
1.025536190989038809e+00
1.012265332910181170e+00
9.888145892070815401e-01
9.866771948771281275e-01
9.939341371846101003e-01
1.019212185135748738e+00
1.004323366510597060e+00
9.911929277736166721e-01
9.975074952850113696e-01
1.038556633302827104e+00
1.019786629906302977e+00
1.009440136250521203e+00
9.897254914785245106e-01
1.022094882624179135e+00
1.021333376064720300e+00
9.738297467334615654e-01
1.005505876572699409e+00
9.665747905374051374e-01
9.955540458027439810e-01
1.001355093726334911e+00
1.012577116852692471e+00
1.009968024514044549e+00
1.019965743782658585e+00
9.939639954413981293e-01
9.998375398987900953e-01
1.032907951408119640e+00
9.512977297509083163e-01
1.013141155291799933e+00
1.003612200114710307e+00
1.004700399343116723e+00
9.781141440213371174e-01
9.962114437934997957e-01
9.813592015444297934e-01
9.974248492417686629e-01
9.895788023944351863e-01
1.027299850798276459e+00
1.027812750672125741e+00
9.966459241086556009e-01
9.774802550955533631e-01
1.008170328977824326e+00
9.924008836450577409e-01
9.984317412673352488e-01
1.007539380253911432e+00
9.908603808382465683e-01
1.018140639484149457e+00
9.843767617153190708e-01
9.799226302065527916e-01
1.008458413122756303e+00
1.022939182836379413e+00
1.001952891422936309e+00
9.844539468267144988e-01
1.004884283329354089e+00
1.026103372790631907e+00
1.016446109073956716e+00
9.967537923730875882e-01
9.585706520892002258e-01
9.895981935691176012e-01
1.005500042795274274e+00
9.863244995996223174e-01
1.014148552925265623e+00
9.771537117519172311e-01
1.022923364834776638e+00
9.635546426597078051e-01
1.016200001538803077e+00
1.010776474417366844e+00
9.947279873684454765e-01
9.880919865992473516e-01
1.009362908409296544e+00
1.030552026120868714e+00
9.960364870208050503e-01
9.822475813037331305e-01
1.010637383987450288e+00
1.009610977500849716e+00
9.937319699201564438e-01
1.025421961400574400e+00
9.766837695078214310e-01
1.012707704135889619e+00
9.793806495593565531e-01
1.004834616989043417e+00
9.928721145788181879e-01
1.007423553717176068e+00
1.027661069285318085e+00
1.021931976006438259e+00
9.979423247689281906e-01
1.000257669950980421e+00
1.012867410054143713e+00
1.000245949847518467e+00
9.861641658287824130e-01
1.006614252913916596e+00
1.003445693945550277e+00
9.870468994102695737e-01
1.010007638707367539e+00
1.020375409155365176e+00
9.892354893100068214e-01
9.999712101044364587e-01
9.865245960314564799e-01
1.021448831836953008e+00
9.784911025585473210e-01
9.739373523862303594e-01
1.037098962414707781e+00
9.678668759847159908e-01
1.017468892800136748e+00
1.002719450011754665e+00
1.026427215789742720e+00
9.704563439470905717e-01
9.984915107464519268e-01
9.963261623947690104e-01
1.009734387943336476e+00
1.005568531917268471e+00
9.945522803008433055e-01
9.937069675697571824e-01
1.014749876981678955e+00
1.000632178938068106e+00
1.001486626201242292e+00
9.837395830745115921e-01
1.008702306844847518e+00
1.011331357353269844e+00
9.863267612913166893e-01
9.916772940132794201e-01
9.873370676226606024e-01
1.017071852988793657e+00
1.028176489579223585e+00
9.953404682929501979e-01
9.968505645830358919e-01
1.015718458692161263e+00
1.004524862790677764e+00
1.026926493461851608e+00
1.013093443864194754e+00
9.963351145825811717e-01
9.817244274397772807e-01
1.019733497496954522e+00
9.804652197881159603e-01
1.009378620632949364e+00
1.023489472032754311e+00
9.824311197303038368e-01
9.970843620835149190e-01
1.030874473432610516e+00
9.960827841869237531e-01
9.809133637711225928e-01
1.003981309939129485e+00
9.995965511364740541e-01
1.001848818761361892e+00
9.343723661955035675e-01
9.769852496381804530e-01
1.034052702280302993e+00
1.015633888744037261e+00
9.801950109907504594e-01
9.942620018805191640e-01
9.697088723746629668e-01
1.063459211890118938e+00
9.781339958590808958e-01
1.012064433834841903e+00
9.817570951375143018e-01
1.027359596481832726e+00
9.894678065589592730e-01
9.895015896820145151e-01
9.953128652871254811e-01
9.574005025069003416e-01
1.021714655840626484e+00
9.833148013693636669e-01
9.950931866187270325e-01
9.985253947463718083e-01
9.903925445776992076e-01
9.996624244413175875e-01
1.023787157121007096e+00
9.874928346648128574e-01
1.036339535396372247e+00
1.016320151779815051e+00
1.022404142968966312e+00
1.006864264222356198e+00
1.022394155268258276e+00
9.942864191676243912e-01
9.909319152201803149e-01
9.456984019251784002e-01
1.042928297963598983e+00
9.999519890022057211e-01
1.021160937190469298e+00
9.853458697112735809e-01
1.006924559454020818e+00
1.035718565463638052e+00
1.020268946331789106e+00
1.031836468620376923e+00
9.989072159454529531e-01
9.801361427169117402e-01
1.012080092228413220e+00
9.923494742458925932e-01
9.873551324808784724e-01
9.726673468617865748e-01
9.927210464730659156e-01
1.035066838021499347e+00
9.652076918370483538e-01
9.931476041460747251e-01
9.978553589489483899e-01
1.017018062308913562e+00
9.915523950785377627e-01
9.912229670050636265e-01
9.931526608520276911e-01
9.932813819017669577e-01
1.053063551422546373e+00
9.729130407194692687e-01
9.843031901816899909e-01
1.011976305428914369e+00
1.027849146011558190e+00
1.013650387856112722e+00
9.785303260224206268e-01
9.935762293435543846e-01
9.745576274906488923e-01
9.892766294272429262e-01
9.860963693601332292e-01
1.000461987699742039e+00
1.005775458680732592e+00
1.004030324170598343e+00
1.023607111545429049e+00
9.940527428428860279e-01
1.010510594220400904e+00
1.017933766711433208e+00
1.023716225325078888e+00
9.697780327227175645e-01
9.991819099867664811e-01
1.022449097908270321e+00
1.008916887377144800e+00
9.817718997419229154e-01
1.023599923212350493e+00
9.577366966974388829e-01
9.632139655962079772e-01
1.002468482899408153e+00
1.013298815279359166e+00
1.004424300590169183e+00
9.811388980366673174e-01
9.823422908414312094e-01
9.885369326034249005e-01
1.017326823765317689e+00
9.956734946071030823e-01
1.014642726923674187e+00
1.005156100910747030e+00
9.984134636580145328e-01
9.665625676895390761e-01
9.803530995134819293e-01
9.926229063019627041e-01
1.013878923746906358e+00
9.948169130505065683e-01
9.954453373864159405e-01
9.691754554899555396e-01
1.002272799347209808e+00
1.031650244507519520e+00
1.005958718821668318e+00
1.021591568700310315e+00
1.000696157171082623e+00
9.710166843420358074e-01
1.005766668479303183e+00
9.938654018044623673e-01
9.680756734082459625e-01
1.025844592178778214e+00
9.878092912818537963e-01
9.923705411746280847e-01
1.008609487248550929e+00
9.933781162213038973e-01
1.003549292595274256e+00
1.019841230293184964e+00
1.018883520304956436e+00
1.004280022337980860e+00
1.022822805172812988e+00
1.023444250488899865e+00
1.027411046209603329e+00
1.017978852169589388e+00
1.017281755903546081e+00
1.005092474578382467e+00
9.700934082561916139e-01
9.891443916002489178e-01
1.006550451696680559e+00
9.918297138565218551e-01
9.873455559464877629e-01
9.920541888060648850e-01
9.998297015125930942e-01
9.663497361899089366e-01
9.977245018204865534e-01
9.782489668473928202e-01
1.013498325324861726e+00
1.009941679040854634e+00
1.027569665590432058e+00
9.921348637099208778e-01
1.027344322802779208e+00
1.004470185766490165e+00
9.804440950231982921e-01
9.744114145689207751e-01
9.783152207296031966e-01
9.913310658061611491e-01
1.026262706816882364e+00
1.000186507325767193e+00
1.021206731033213355e+00
1.000254744457890199e+00
