# data in one-minute intervals
9.844207700445435361e-01
9.808643068854319136e-01
9.888843978035668503e-01
9.792022519698330152e-01
9.569050215546729410e-01
1.011587907322862856e+00
1.017676167634995466e+00
9.868144356641471715e-01
1.006704910144362586e+00
9.923926025695921638e-01
1.006048408372478553e+00
9.742140559400803701e-01
1.004571121930256883e+00
9.796948813279608981e-01
9.793267621811110324e-01
9.785508958073294572e-01
9.955944921729406039e-01
9.994262715283881438e-01
9.786689772888106376e-01
1.019711130848229175e+00
9.706702899642408733e-01
9.851391686535866388e-01
1.019213381531897555e+00
9.926574946328803328e-01
9.850446151507810111e-01
1.004613373073293348e+00
1.023084383283475729e+00
1.019087937340029892e+00
1.019910129986671521e+00
1.003104300724722897e+00
9.816272287514442585e-01
1.003416324205107069e+00
1.000265404124965674e+00
9.855792843535806647e-01
9.904982522066816397e-01
1.026336753398237711e+00
9.509151911062195817e-01
1.014745314174314572e+00
1.003551600940147726e+00
9.916449586686235662e-01
1.024736358489678922e+00
1.003573791609716270e+00
1.036613795070685295e+00
1.015253328302653468e+00
1.018439019770207565e+00
9.646316292262933079e-01
9.998472412587868785e-01
9.706843035869524572e-01
9.815514697239735575e-01
9.913404882760467052e-01
9.743089420295615311e-01
9.761609011595731022e-01
1.006493125343438599e+00
1.025313680011753492e+00
9.825999054640592867e-01
1.011140684662833023e+00
1.021104688466529131e+00
1.024810628995667772e+00
9.698179000661253379e-01
1.003389399435489659e+00
9.434675840102740851e-01
9.787031992797974311e-01
9.531821535221678410e-01
1.008454346025714932e+00
1.015212012412596065e+00
9.741605519542536618e-01
9.954859097051249606e-01
9.909727317619002607e-01
9.990467396234208319e-01
9.958233565464968962e-01
1.008878854435945494e+00
9.820704514836581245e-01
9.627059652310711035e-01
1.010982347974372253e+00
1.002288026120329745e+00
1.017591001756605884e+00
9.867208127333442214e-01
9.753779855960638123e-01
1.008079967043050473e+00
1.003113942826097782e+00
1.004036331743855648e+00
1.000286674752912441e+00
1.000103552988073075e+00
9.939742804208132609e-01
1.017113283548187530e+00
9.851554875339371131e-01
1.011502911758095591e+00
9.817030810420990239e-01
9.978641497811526762e-01
1.000953751396670866e+00
9.665990162240788441e-01
9.946371399664089008e-01
9.902297820055120381e-01
9.769145593571172403e-01
9.908424807996223382e-01
9.998053606024155382e-01
1.012591246487262620e+00
9.792248035481989632e-01
9.961918108103494651e-01
1.022687491652306324e+00
9.949999113013969776e-01
1.001192248614249047e+00
9.704736852321874663e-01
1.008904340083851547e+00
9.940907558355717155e-01
9.752900864242570744e-01
1.035883605636469973e+00
1.010539114314874976e+00
9.748954257825150904e-01
9.926837522685538762e-01
1.010674030499632003e+00
1.021273531729319561e+00
1.005519346611279952e+00
1.007264694910842362e+00
1.005427293606802941e+00
9.945546360005304010e-01
9.864749498380680492e-01
9.768020587090150419e-01
1.004868018538076280e+00
9.945126187865184209e-01
9.673689501011970560e-01
1.041746915565246789e+00
9.513052998635751489e-01
1.012058343454538489e+00
1.007937711777862955e+00
9.799489660568878602e-01
9.878278397270366940e-01
9.804328869795619905e-01
1.005171867058997970e+00
1.000249562661116087e+00
9.995336383851997075e-01
1.001902159531858461e+00
9.764841604130680697e-01
1.013252498888713271e+00
9.958213084164078133e-01
9.884077417471101024e-01
9.825692472414291334e-01
1.006209069467237649e+00
9.892733580119693615e-01
1.014606970098515193e+00
9.847555504617677702e-01
9.671580588345706220e-01
9.820034585485034606e-01
1.025346554364074958e+00
9.885613831697253051e-01
9.709403360132761174e-01
9.959653964542325433e-01
9.685293778741200788e-01
9.884140951006102904e-01
9.711592188341040544e-01
9.744599631183421540e-01
9.847595416155920933e-01
1.024886243264606422e+00
1.024394572790910063e+00
9.738652968846203128e-01
9.780924438205055305e-01
9.865158590000441263e-01
1.027920967637023120e+00
1.027734072290594547e+00
1.007253039551841090e+00
9.872541762577639046e-01
9.839323636553581887e-01
1.023167823873115667e+00
1.020207988631924856e+00
1.002733360769829440e+00
1.001897593077502924e+00
1.016530177496610454e+00
9.987744527626499780e-01
1.002643237582291791e+00
1.000226904545373996e+00
1.014233794579282977e+00
1.022429661252017841e+00
1.005038592311431334e+00
9.935343781486202230e-01
9.737243769737480292e-01
9.897131901379840890e-01
9.998193165574191799e-01
1.001998933108525502e+00
9.928195311767342712e-01
9.910965167017724564e-01
1.004690312600619029e+00
1.014226854803113920e+00
9.916960000422603283e-01
9.894327413894639101e-01
9.917035461295992116e-01
1.002100117084361308e+00
1.065520152068445414e+00
1.009576263952829178e+00
9.996583151009574841e-01
1.015381369400961242e+00
1.009387864142073044e+00
9.719054121656881540e-01
9.919020502327101640e-01
1.002052541652743933e+00
1.015111844003770747e+00
9.840896564480436925e-01
9.914559211525206806e-01
1.001908278020683607e+00
1.002901807192445149e+00
1.019273919833167508e+00
9.885194652207851540e-01
1.038794355754092402e+00
1.002736345807798912e+00
9.630559986661287875e-01
1.015753431823702924e+00
1.028390384789528600e+00
1.014652317498846212e+00
1.005497943252670501e+00
1.003342020026063208e+00
9.969091592252132816e-01
1.010061941263116880e+00
9.819921202912031966e-01
1.021891456044042634e+00
9.850268981424927794e-01
9.907722392694027214e-01
9.662580444292372395e-01
1.027158662053424099e+00
1.000233957781062832e+00
9.790330176621857561e-01
1.007833550114348053e+00
1.005695607340169273e+00
1.001546425152175734e+00
9.901908703561060898e-01
1.001024006014033851e+00
1.005366881516272626e+00
9.803126748856577644e-01
1.000018323445879265e+00
9.883668749889144012e-01
1.002909553093001449e+00
9.878916666739432362e-01
1.026244690047195318e+00
1.021257772190257818e+00
9.883201837022362879e-01
1.023207378466394868e+00
9.814311523789558400e-01
9.886605601886270245e-01
1.037337380881889315e+00
9.957367342135512445e-01
1.020578078300615754e+00
9.862570335817233413e-01
1.008109721426897032e+00
9.800811157854039113e-01
9.851822539725413330e-01
1.001013280802707683e+00
9.877930013052250713e-01
9.889444494669628050e-01
1.024568429087997945e+00
1.009148180652071458e+00
1.023864861162220530e+00
9.989670251402451573e-01
9.760842968484316762e-01
9.915475856751574391e-01
1.003112262634189733e+00
1.016863956559128201e+00
9.888083618551166687e-01
1.009877038834098961e+00
9.601283466964082303e-01
1.026135675357197963e+00
1.005574212993665562e+00
1.012771651063576916e+00
1.023163446466798687e+00
9.942327698363079280e-01
1.016453014848875291e+00
9.628475450014347681e-01
9.984331267182001701e-01
9.787173265033141112e-01
9.688316779251138211e-01
1.036289779846740311e+00
9.961866819397360295e-01
1.032607860070894779e+00
1.027627275165696519e+00
1.026491596632762571e+00
1.054970902453159498e+00
1.019353996428222109e+00
1.027463028800836176e+00
9.977075755727690121e-01
9.679738211485445776e-01
1.013578155545020287e+00
9.879355762696868659e-01
9.887678063546945229e-01
1.007266967244299982e+00
1.007105046333249154e+00
1.015769196734016555e+00
1.004717917392681015e+00
9.914346351979894667e-01
9.810740020800597927e-01
9.852674104058050109e-01
1.025653561660170521e+00
1.002568504072484767e+00
1.037955266336833882e+00
9.781488404019820226e-01
1.021028640606994387e+00
1.019665388454750632e+00
9.883169993198143155e-01
1.003397828094062083e+00
9.893495006651400470e-01
1.002910114118225504e+00
1.004385283593071332e+00
9.803800817472120288e-01
1.001986539211998206e+00
9.991291678459989223e-01
1.003723647574982447e+00
9.895886061730438943e-01
1.007953192928084496e+00
9.859275228844646133e-01
9.869251603373075943e-01
9.788027355743785796e-01
9.994900027155309008e-01
1.014120423536460480e+00
1.029435348551854368e+00
1.039389134677377813e+00
1.010843436410405749e+00
9.927123109895562569e-01
9.895649298475861499e-01
9.757464969239404429e-01
9.806548298067605529e-01
1.003087066525285787e+00
9.798848088410879731e-01
1.011615817531387851e+00
1.002251856426519483e+00
1.047619078108772195e+00
9.839566945588036351e-01
9.784856009753591932e-01
9.929019451117633288e-01
1.003389151327092943e+00
1.023126126018865767e+00
1.005964772528311846e+00
1.018924925148966487e+00
1.009636207096124005e+00
9.659481767259399110e-01
9.812760304912070408e-01
9.857485695591250430e-01
1.022865636403051726e+00
1.002120913357301024e+00
9.841656903121024369e-01
9.724102207794438346e-01
1.005073784905436751e+00
9.926472778934699592e-01
1.011568058911960888e+00
1.016982072284587257e+00
9.682332461659088896e-01
1.014707620736972071e+00
1.004426126584466061e+00
9.884190650630579889e-01
1.001584366669838078e+00
1.027278928394934621e+00
9.865261107867739909e-01
1.007867487800104600e+00
1.023871366370510794e+00
1.017541218280027859e+00
1.042792730374175303e+00
1.000334934777151519e+00
9.943052609975661094e-01
9.632298753242189981e-01
9.451901454348039522e-01
1.030298551831997589e+00
1.001469183886506853e+00
9.920262219851052610e-01
1.013040130807998374e+00
1.005329699319804870e+00
9.981953952357072168e-01
9.944844963703182161e-01
9.954339386975362691e-01
9.709957564602376134e-01
1.039332095960183500e+00
9.837433869556466703e-01
1.004465733791372717e+00
9.928543001526423106e-01
9.858549312800702902e-01
1.009686766020929216e+00
1.020577318341076012e+00
1.019955419130512686e+00
1.010073677813332349e+00
1.026722493340858966e+00
9.858396484137976756e-01
9.890272677751020813e-01
1.029274987295296873e+00
9.945814334321251282e-01
9.818144402556875372e-01
1.005641354224670714e+00
1.025382523593296735e+00
9.916297545229979526e-01
1.018836671349991674e+00
1.008207276727283386e+00
1.012895750840647979e+00
1.014979504085198103e+00
1.004547361177409392e+00
1.044178017623123012e+00
9.614054405602384668e-01
9.912121904044921550e-01
1.013970153693979581e+00
1.004401733241348404e+00
9.696005328677630430e-01
1.007257111033112107e+00
1.036978969176958865e+00
1.038198423398543735e+00
9.902280547988542292e-01
1.041549483111503083e+00
9.825796069542820366e-01
1.022292214270056787e+00
1.021992333524031071e+00
1.037797768057916015e+00
9.542291874384232209e-01
9.725797263668261028e-01
1.001875427294534271e+00
9.792002261706499455e-01
9.918656345418482845e-01
1.015489566205334038e+00
1.030747362579901960e+00
9.914373330817970453e-01
9.996258968272692114e-01
1.004450035947505704e+00
1.002747086423064315e+00
1.014599832747056674e+00
9.882305174613341681e-01
1.002908588493678588e+00
1.015011907365008126e+00
9.816850703437866033e-01
1.022586105661661859e+00
9.897642954089725942e-01
9.694133317328249566e-01
1.024075870087420626e+00
1.011145783046367930e+00
9.986468207852433610e-01
1.003052971823707340e+00
9.877762597414968537e-01
1.006766787738227809e+00
1.013557936897001577e+00
9.888268635842983878e-01
9.870806739218537240e-01
1.017528864007522404e+00
9.914276930277287070e-01
1.041221129576083371e+00
9.838269399610191090e-01
9.710199569426689603e-01
9.965781539643502329e-01
9.540121740209768220e-01
9.844432737428391311e-01
9.521149443995459150e-01
1.026229925925963071e+00
9.902735426074642522e-01
9.729824818329166902e-01
9.894096612420317793e-01
1.007667033488413022e+00
9.724496060723979429e-01
1.023355883786923215e+00
9.953799643925230756e-01
9.829358773494386581e-01
1.045614046744395731e+00
9.910807969199092460e-01
1.004986767116349045e+00
9.944297854050613283e-01
9.855573770230209307e-01
1.014602621909659330e+00
9.995725560691757217e-01
1.000817907173949139e+00
9.703853405143678668e-01
9.962456889014107420e-01
1.009257566526092997e+00
1.023783571089797562e+00
9.935725719765272634e-01
9.744939323211574411e-01
1.005187114350992283e+00
1.018008665715161465e+00
1.004716621148107336e+00
9.763329084464922314e-01
1.021181083607069384e+00
1.019115988757279823e+00
1.030681098698494003e+00
9.889544706972137611e-01
9.772503626115451869e-01
1.022184969385180997e+00
1.000141181660961998e+00
1.005437518802774211e+00
1.001181696678516087e+00
9.863879553377398191e-01
9.936556175506592314e-01
9.997769081099596722e-01
1.011177406267291357e+00
1.016793030137453258e+00
9.979578534521710287e-01
9.987541184056667465e-01
9.961669727809204788e-01
9.741456504282085538e-01
9.836821700130138346e-01
9.537095906653706434e-01
9.833434382943605501e-01
1.027162232351214399e+00
9.817671334382499504e-01
9.925790333667890986e-01
1.001755470720908425e+00
9.964422621147096537e-01
1.019080004080663571e+00
1.014198915625265540e+00
1.012857845515770849e+00
9.797494961223235377e-01
1.018210541019048732e+00
9.716473095070286004e-01
1.000571676394905074e+00
1.002111687280081043e+00
9.878232491085822131e-01
1.014623195858786575e+00
1.003500499295074677e+00
1.019502370900539967e+00
9.909403028436712946e-01
1.005405833361409096e+00
9.986915985606341639e-01
9.993804835314133994e-01
1.038015502214971519e+00
1.007607183511032733e+00
1.001079672331840253e+00
1.015876236511306097e+00
1.021774744657366618e+00
9.889249545361130656e-01
9.878396427529305690e-01
1.003015762656478849e+00
9.815898039969090938e-01
9.878342926882008879e-01
1.039675082595317823e+00
9.911072460931641404e-01
9.698553200667541230e-01
1.019114047359278352e+00
1.000172494746480512e+00
9.891302902639484973e-01
1.027548307229637858e+00
1.008732194953118722e+00
1.010104635624440084e+00
1.017379175554903981e+00
9.620482239605190333e-01
1.024747010711618112e+00
9.874915745762794517e-01
1.015692281976619649e+00
9.808259479177903195e-01
9.888351923317838521e-01
1.015608590347040874e+00
9.898632961436297784e-01
9.953988267501191478e-01
1.006038439962430919e+00
1.016004831929631314e+00
1.006609785569019477e+00
1.007000193764830520e+00
9.741707560754645501e-01
9.819137620627649277e-01
9.956226162274576241e-01
1.022770952280083412e+00
9.763531589004426081e-01
1.009854146430203770e+00
9.641488988992460429e-01
1.043783725646543870e+00
9.614752717592410791e-01
9.843001366046828515e-01
9.839404975009095056e-01
9.418936801809940640e-01
1.022624066583970093e+00
9.896110864014246999e-01
1.020244186092692296e+00
1.059014942260863679e+00
9.862184855110252002e-01
9.994366651930608469e-01
9.939198658803971576e-01
1.014406724017809847e+00
1.021888904051287295e+00
1.015922465890589654e+00
1.027993805434305186e+00
9.885158839814591758e-01
9.978310925164513012e-01
9.761554668417637970e-01
9.760932404154269992e-01
9.919100829486622306e-01
9.999929087503829361e-01
1.020872394761905610e+00
9.855278647168509432e-01
9.948619699938316963e-01
9.918302898749610241e-01
1.018281289331241624e+00
9.801576855964191370e-01
1.018247338628535115e+00
9.860700513490543440e-01
1.005161286308615676e+00
1.005412782305568298e+00
1.020928659559023677e+00
1.029204855292515486e+00
1.046981892988353202e+00
9.899866261630365649e-01
1.024111446517947499e+00
9.824537673974077512e-01
1.006785640661671977e+00
9.800320914313401799e-01
1.029352371263649424e+00
1.035498095823129905e+00
9.761365552764840192e-01
1.013933173238338314e+00
9.681924754687902812e-01
1.011428723854853606e+00
1.012305474740447631e+00
1.025554706371670122e+00
9.984229555662457178e-01
9.960205012342465691e-01
9.930390083093419973e-01
1.012629526459781548e+00
1.030523352730113418e+00
9.767950434869697718e-01
1.008338371595651095e+00
9.877542135501715670e-01
1.031796294236040135e+00
1.004203074369892201e+00
1.006151272657531681e+00
1.000143364059021822e+00
9.681057632211422792e-01
1.031964755868420180e+00
9.941376966065905707e-01
1.005704660463714983e+00
1.032865895353316965e+00
1.042003605525756438e+00
9.961808240779926882e-01
9.951100746966243804e-01
1.005220330125607964e+00
1.020015323285683673e+00
9.860059155503885231e-01
1.012066012020214067e+00
9.895747410792600229e-01
9.552969153554201620e-01
9.858973095432793654e-01
1.009111880173870102e+00
1.040745665730478331e+00
9.619354751933311132e-01
9.930755014505719958e-01
1.004905040697305685e+00
1.008503589473208839e+00
1.010418813470131072e+00
9.799083541397387576e-01
1.013145328211280338e+00
9.995182461492292392e-01
1.004738952812264108e+00
9.973365388028381240e-01
1.009251606225863851e+00
9.983656598377447233e-01
9.981273574284251771e-01
9.958379735748899009e-01
9.986739399963042718e-01
1.019880435322022105e+00
9.696413899185765128e-01
9.766832832523545393e-01
1.029160971948561265e+00
9.681170639531517796e-01
9.912727381346715383e-01
1.004813055920756870e+00
9.914378180065166468e-01
9.750693807550865344e-01
1.009020420010501295e+00
1.008356833443653899e+00
1.012611227783351220e+00
1.001288747369058818e+00
1.011175554086206185e+00
9.997090310653584666e-01
1.007879029118026626e+00
1.017166122534528538e+00
9.824817290274476811e-01
9.926092547795862808e-01
9.700371420512076126e-01
9.738368615492731806e-01
9.979333622131580928e-01
9.793406408488676274e-01
1.015946662046286475e+00
9.914665467065204574e-01
1.033096583200677099e+00
1.022492650684825310e+00
1.019195547752029141e+00
9.889344619199388342e-01
1.022326437996369908e+00
9.468574299053187371e-01
1.014876642515593064e+00
1.000059282703944064e+00
9.831478897131216144e-01
1.028098301654159386e+00
9.672254666419559666e-01
9.969403410035451163e-01
1.010196727318732668e+00
1.000545544466566739e+00
1.003634237377729388e+00
9.890669095391860788e-01
1.000248695142764044e+00
1.015193126681543712e+00
1.018495580406287626e+00
1.001887696141480433e+00
1.007644589568419402e+00
1.014453161678873006e+00
1.015566939230074794e+00
9.911852958683228243e-01
9.840710977350548561e-01
9.969786053652600621e-01
1.003391835023010659e+00
9.978206339469145592e-01
1.017200618618334440e+00
9.605694284741378430e-01
9.927554213976638176e-01
1.005421353701569931e+00
1.006131501328803690e+00
9.900107704173499723e-01
1.017540218250815753e+00
9.901131100916705785e-01
1.009570644611133439e+00
9.870269343298693210e-01
9.683577471853993535e-01
1.018273463937845680e+00
1.031640979505126898e+00
9.858830675819383327e-01
1.026294845119660293e+00
9.751497151157731968e-01
1.014835726701520002e+00
9.567410865783344542e-01
1.001191585474080048e+00
1.004485809405649022e+00
1.025665399694986935e+00
1.031475966732608995e+00
9.972907027107319466e-01
9.953200816751114344e-01
1.003898427761399148e+00
9.742444572868492747e-01
9.848633316588611963e-01
1.025317132927642705e+00
1.034356559305062540e+00
9.865850486832689059e-01
1.008069598830726221e+00
1.007439027751637406e+00
9.983597914622911462e-01
1.006189549510310588e+00
9.800018498861654548e-01
9.779532690446359755e-01
9.843923992347004548e-01
9.951013809516644493e-01
9.961892816795231420e-01
1.013760414096940510e+00
1.013398571778099111e+00
1.000926149457982639e+00
1.007767043148955377e+00
1.033268947048892272e+00
9.892466754828964648e-01
1.004049147030081413e+00
9.786251268875774123e-01
1.020133581181406734e+00
9.990366932749171758e-01
1.016915648600818622e+00
9.921096242047668934e-01
9.964987663683962937e-01
9.749348221729364772e-01
1.021199891880933963e+00
1.042606310703095174e+00
1.004234177338560796e+00
1.016030704360667336e+00
9.778079106603640991e-01
9.959459323196778735e-01
1.003007190273865312e+00
1.009130330472097548e+00
9.918770449140853485e-01
9.732960147214342328e-01
1.002241595125334062e+00
1.017624822036009347e+00
9.753741641502039483e-01
1.001141224765203841e+00
9.706762690396890658e-01
9.851297353834749249e-01
1.014362453641030282e+00
1.004277944507918630e+00
1.007466189287007374e+00
9.865313380173775792e-01
1.015698666176672704e+00
9.894003546778152858e-01
9.973308619188180346e-01
9.894449272273831975e-01
9.931086574497725028e-01
1.004924375441812456e+00
1.024301893668026819e+00
9.810684704583488847e-01
1.028293790009850772e+00
1.012127129656470670e+00
9.776136388340329608e-01
9.971941536959355590e-01
1.031170915118231113e+00
1.009345918317027024e+00
1.011759039008232053e+00
1.001698556136471963e+00
9.956199782333416959e-01
1.001115307577326030e+00
1.044064893152525375e+00
1.016819451605689650e+00
9.877243152665887704e-01
9.985211772890005832e-01
9.898860625392038592e-01
9.816834983721389740e-01
1.010357135733413125e+00
1.000222077751659056e+00
1.006442855368081757e+00
9.976204880928783991e-01
1.010514374197943654e+00
9.891432297044836508e-01
9.951678761020379405e-01
9.803903330060839139e-01
9.889251301470373123e-01
9.975098492612937129e-01
1.040046073834070217e+00
1.004114520253718279e+00
1.002562827076407093e+00
1.004353772284147794e+00
9.849255383161356070e-01
9.854014568510407468e-01
9.944943822583364179e-01
9.998814902195963805e-01
9.766032413222307529e-01
9.957262518909638649e-01
1.019882017324700518e+00
9.749495509961803030e-01
9.873719895614094799e-01
9.966753228411546761e-01
9.695352930963672122e-01
9.756494629883811776e-01
9.940011751115273020e-01
9.856180918796210166e-01
1.001240065378190325e+00
1.001098779401658589e+00
1.041375819724679186e+00
9.879378883954559321e-01
1.037145150401689531e+00
1.016416287824296605e+00
9.872684299683496256e-01
1.027413661519122057e+00
1.000463919658828749e+00
1.015907551365411665e+00
1.025544517954786405e+00
9.987482439152848279e-01
9.892899375302531828e-01
1.011926030553336853e+00
9.858014662603930001e-01
1.039442165951675934e+00
1.004066718985803019e+00
1.024710199162822688e+00
1.030236133456971848e+00
1.019540550566769177e+00
1.019159293064638705e+00
9.862571933285176895e-01
9.824322162370449085e-01
9.736844170936845844e-01
9.945413749426893490e-01
9.987082840565418840e-01
1.033172736366781308e+00
9.765294137739215508e-01
1.041811512653888494e+00
9.896153668473244291e-01
1.022906673967296065e+00
1.014128547631617971e+00
1.032612922475386608e+00
9.923783876501232060e-01
9.875558138042338507e-01
1.008602951552322935e+00
9.810443179480009546e-01
9.817277734384165511e-01
9.886435172607556110e-01
9.875172783933328091e-01
9.749849373705382627e-01
9.860896772505226560e-01
1.005568107322245552e+00
1.008911331733100880e+00
1.022837939698883147e+00
1.007682965837377376e+00
9.962956803357760904e-01
1.021624074026574736e+00
9.973515978387234027e-01
9.955520663001710124e-01
1.006511258835398381e+00
1.012311334664756757e+00
1.015355777341182764e+00
9.672388798190453274e-01
9.838244233655899507e-01
1.034058180358820467e+00
1.013103605109080707e+00
9.918096220759957671e-01
9.746750404389962208e-01
9.991893471579310626e-01
1.002321407840992551e+00
9.776301748187820051e-01
1.015678037900751285e+00
9.909099607206434124e-01
1.003226789181439482e+00
1.004547967492647631e+00
1.009675489311032459e+00
1.011879908858511312e+00
1.021213912081965880e+00
9.805496175409432746e-01
1.008605129875088435e+00
9.822951100856446294e-01
1.036734200282183327e+00
9.629957567998116419e-01
1.001027030025305686e+00
9.943241891073392180e-01
1.009865375231562501e+00
1.010642033885436941e+00
9.908973872177558873e-01
1.002892696691966012e+00
9.567125595573602315e-01
9.688887199334402789e-01
9.802780990040512732e-01
1.046100309945562357e+00
9.708652969995830162e-01
1.011553376571173279e+00
1.014672367239919826e+00
9.969141477192703382e-01
1.022397170306274861e+00
1.026567180490578934e+00
9.693470639866188510e-01
9.832373528329449996e-01
9.912176719924832291e-01
9.873649168257552233e-01
1.010977084973877949e+00
1.006955219086436593e+00
9.932447277103609862e-01
1.004782671107007364e+00
9.844203644137062836e-01
1.008204141463941328e+00
9.845092699694375504e-01
9.941265855464079815e-01
1.023528266135585563e+00
9.926379109865540729e-01
1.008659546208964475e+00
9.956121338436862978e-01
1.002613394677647429e+00
1.024027355080120660e+00
9.684077785656208803e-01
9.891728370401161596e-01
9.793897673988802843e-01
1.006391486612772557e+00
9.918109036390710953e-01
1.003023432033420814e+00
9.768794138614548261e-01
1.009525390032740999e+00
9.652032805772609025e-01
9.897565507002016316e-01
9.759502372211379395e-01
9.906112720560436014e-01
1.023588940448124651e+00
9.940153641730198331e-01
1.021926254278981316e+00
9.847435011909757563e-01
1.021058352987047835e+00
9.776000100590551689e-01
1.003291655901469737e+00
1.009394134359404172e+00
1.022615683699455102e+00
9.674152129075874740e-01
1.023656256215516036e+00
1.012585133918959324e+00
1.001639573597476129e+00
1.010580017141196940e+00
9.828976040772454681e-01
9.584285514273449547e-01
1.018563975108384145e+00
1.000892732509060856e+00
1.006686895463199782e+00
1.032906476037077637e+00
9.955431948657308405e-01
9.909892659152262917e-01
9.519974481514316134e-01
1.009035445513163154e+00
1.004369031828189041e+00
9.893920043920509944e-01
9.712139164577168193e-01
9.877326878346108785e-01
1.003388088394172373e+00
1.010139434531254654e+00
9.870831891906275413e-01
1.013237993968956641e+00
9.816829296799139959e-01
9.510874264038016168e-01
1.023416288251705497e+00
9.736300106079551764e-01
9.491182075882816926e-01
9.902650205944591999e-01
9.579097517827138697e-01
9.829790310467731995e-01
9.684745804362440147e-01
9.641126013065214329e-01
9.715096741487839749e-01
9.856867078783592140e-01
9.931825095543901361e-01
9.686636926171334760e-01
1.042202713818246140e+00
9.912144632773702835e-01
9.808816504962537541e-01
9.999750874650825683e-01
9.540248903664110269e-01
9.780490274458213396e-01
9.511256809969116377e-01
9.493527014880501769e-01
9.866591027781485002e-01
1.039967230288149080e+00
1.010216311407183376e+00
1.031396572159795522e+00
1.007848638638476180e+00
1.006134266641424579e+00
9.858113989912904440e-01
1.017511111443017091e+00
1.023590194877389781e+00
1.034338555951696437e+00
1.043965240923860671e+00
9.907552394503259530e-01
9.890297972336639099e-01
1.000009206031186260e+00
9.877793479164697077e-01
9.916722239597838273e-01
9.882340852519087004e-01
9.841738637620267571e-01
1.007637520599240943e+00
9.631222662206599949e-01
9.560616049473634748e-01
1.007979342391876365e+00
1.007669766408222367e+00
9.736847528792027529e-01
9.784462331270570301e-01
9.846340062510424707e-01
9.818615393614807951e-01
1.029035846588596037e+00
1.005077992084004057e+00
9.698577270641196568e-01
9.611234575314729911e-01
1.032416952455563530e+00
9.914745441005512472e-01
9.819597969925962788e-01
9.665175347520419402e-01
9.927139085131008178e-01
1.012534470973402767e+00
9.883758592248984565e-01
9.928131424610893152e-01
1.009567165013749657e+00
9.908514666425434214e-01
1.016235457575738410e+00
1.026280708740028080e+00
9.853215927600736945e-01
9.976464020331237137e-01
1.002332028540626307e+00
1.004180661435956967e+00
9.849859905819989825e-01
1.000073267377771247e+00
9.993017366938656831e-01
9.994149106861667242e-01
9.801865398143297936e-01
9.962740727384583606e-01
9.739004954069265807e-01
1.011355997608291091e+00
1.037467034507265851e+00
9.883111793326644356e-01
9.889845519724476119e-01
9.898356028035613097e-01
1.017703781265625995e+00
9.859864351263846194e-01
1.001928506512874240e+00
9.718921065165593287e-01
9.855551783700213786e-01
9.874491611757301168e-01
9.692577965808937268e-01
9.931078913688486942e-01
9.852626562737677451e-01
9.900162532626659573e-01
9.848722176166601061e-01
9.898078177461072658e-01
9.674098718018427912e-01
1.011274626937331611e+00
9.683264127735868865e-01
9.867207762953117411e-01
9.671864471842203104e-01
1.004496269217690418e+00
1.010748389511048506e+00
1.003068651401080258e+00
9.826404728141265865e-01
9.950864842805299260e-01
9.983766419368633738e-01
1.001824238503733255e+00
9.844158019668440840e-01
1.008614681201974062e+00
9.967075219796974750e-01
9.903605544879595657e-01
9.826086784156919940e-01
9.608842987231208665e-01
1.009980583788586683e+00
1.013908013968068955e+00
9.869282893245487909e-01
1.010297118697816243e+00
9.633869210568880570e-01
1.045078481122223568e+00
9.712454415389445428e-01
1.024761262464954470e+00
1.038680360272187464e+00
1.000412735267720121e+00
9.669051872567669959e-01
9.990175862938192042e-01
9.998490759022180541e-01
1.005892312045389980e+00
9.869398509115865359e-01
9.869288323373018867e-01
9.807641822917259056e-01
1.003637947725395829e+00
9.722485525575577103e-01
9.957833533386574176e-01
9.918096963178353320e-01
9.937897709737196772e-01
1.012935923051224041e+00
1.005515670901734548e+00
9.853797820822143283e-01
1.010090977653580468e+00
9.934185874977345954e-01
1.018379865341024093e+00
9.785461927295503459e-01
1.009145073234947620e+00
1.009714430494211168e+00
9.984702123275639440e-01
9.879020126688796699e-01
9.895697240813978723e-01
1.008955285711569783e+00
9.941035443649555159e-01
9.806226595076841246e-01
9.991018224749862453e-01
1.029217397889425234e+00
1.009828456818945508e+00
9.933216808415950005e-01
9.889394274523518602e-01
1.005707434077218299e+00
9.910284995464742064e-01
9.905644312694599218e-01
1.025229295517734673e+00
1.006561162201949022e+00
1.038066243243085163e+00
1.029214223880765333e+00
1.019099728694977447e+00
1.011684147592588179e+00
9.648758323160508965e-01
1.000613584121946342e+00
9.654309646356017405e-01
9.794999262452980249e-01
1.017322130854542150e+00
1.021490185761057878e+00
9.888145738854698941e-01
1.005037549756326865e+00
9.793882058003879898e-01
1.007097592755726190e+00
1.012171943253330042e+00
1.032310529209034211e+00
1.027058516075456840e+00
1.026837499905365103e+00
1.020938964207965149e+00
1.005871310790849460e+00
9.657100283465525070e-01
1.024353666265930940e+00
1.033364318045368879e+00
9.909455654926139223e-01
9.643234353536068726e-01
1.010830533364764028e+00
9.978632509267744144e-01
1.024885012461505873e+00
1.010083153776005771e+00
9.940784153182482541e-01
9.913831723044681521e-01
1.020140930060232876e+00
9.833223969497261185e-01
9.651779894895625711e-01
1.007403984258048224e+00
9.901659155309087135e-01
9.535219893849559147e-01
9.744522362081502465e-01
9.812507510253077880e-01
1.025693582069781451e+00
1.003007746952321089e+00
1.000026668511833305e+00
1.010772803061680492e+00
1.045089666306432852e+00
9.916869927805090912e-01
1.008094585181704916e+00
9.972687573344319878e-01
9.683238479856057790e-01
1.014797848147070081e+00
9.544327000342917033e-01
1.008143442759439568e+00
1.030426116797794389e+00
1.022492976454515423e+00
1.020748178209824664e+00
9.676801144278646127e-01
9.731806190602371176e-01
1.022329390173842611e+00
1.018359485780790052e+00
1.018786731894852027e+00
1.002828270651816345e+00
1.018334407624876814e+00
1.001377534656850754e+00
9.938301601866410540e-01
1.011230074449374072e+00
1.031680795388559169e+00
9.778262548915684915e-01
1.051729619328389598e+00
9.911644417936393836e-01
9.900863800419511529e-01
9.874846530172985970e-01
9.912399336178017162e-01
1.021163536154060969e+00
1.015541064562443641e+00
9.964544652082472087e-01
1.006632042600008381e+00
1.028415854842440247e+00
9.777291776941654522e-01
1.002697258092386301e+00
9.983440052343524052e-01
9.907345958411771791e-01
9.681613815973633130e-01
9.851733747526140172e-01
9.682813183505778465e-01
1.000957370265535218e+00
9.910402676872761552e-01
1.005872631322424215e+00
9.975661333244525419e-01
9.833649520308437308e-01
1.022173577806092748e+00
9.942339726628829366e-01
9.840897637784900009e-01
1.010207994163118794e+00
9.947853405371087643e-01
1.030945244073399936e+00
9.828221955847996627e-01
1.012139566834360682e+00
9.833224237641651211e-01
1.051238987125793445e+00
9.552533933296103452e-01
1.003245485982012353e+00
1.023013921233353773e+00
9.822642502878571324e-01
9.842114375579726904e-01
1.000821494659487332e+00
1.034402138123724280e+00
9.994944892031267791e-01
9.977523289219575320e-01
1.021963663144403123e+00
1.004384486295520684e+00
9.670486442737812327e-01
1.019057432093242843e+00
1.024576108469546831e+00
1.011112567190307399e+00
1.002669752815463555e+00
1.000731426158842918e+00
1.019398738652234293e+00
9.850414776575719955e-01
9.931192582274493974e-01
1.017578987283101144e+00
1.024921007644269411e+00
9.921084928673138403e-01
9.778877087198093454e-01
9.550820638347147229e-01
9.807484727895089405e-01
1.011498440062176929e+00
1.002467870743758871e+00
1.030614175393596899e+00
1.008154831992319922e+00
9.982329028763033962e-01
9.786880676971471127e-01
1.016155766800792115e+00
9.897683462259438958e-01
9.973003115272548458e-01
1.005763081850125973e+00
1.011695116415148199e+00
1.020284817674712796e+00
9.905378052243423159e-01
9.856518179538100721e-01
9.864669942449038054e-01
1.026255183935853577e+00
1.002581536405613205e+00
9.737432142050794770e-01
1.002536884487764457e+00
1.012719423614981240e+00
9.905135269341869275e-01
1.017412729503893276e+00
9.758255250445678763e-01
9.785339172317709666e-01
1.012558838676928419e+00
9.897658099231073647e-01
1.010386702957692728e+00
1.010164636663851701e+00
1.022740621436169839e+00
1.007858734123781907e+00
1.014292331878097420e+00
9.836046255586426978e-01
9.831152494595433167e-01
1.016313180748384282e+00
1.000589620404362057e+00
9.841025257148913186e-01
1.004885516601102147e+00
1.011599113036453002e+00
9.903448490200191801e-01
1.022670651608759584e+00
9.951632258433694700e-01
9.828771192403732426e-01
9.837709366820016621e-01
1.024285860095342837e+00
1.004831539579325028e+00
1.013286323525056432e+00
9.969370757568917218e-01
1.027239689294618952e+00
9.950859647179136624e-01
1.000492628338364831e+00
9.548882970828395100e-01
9.683545118087758530e-01
1.018091311515586517e+00
1.001790695602767123e+00
1.000190919360834263e+00
1.015855595226035080e+00
9.883534357376967394e-01
9.927868021489856254e-01
9.966369989844665600e-01
1.021930667034395945e+00
1.017062697737607380e+00
9.562113075560695341e-01
9.941826526296719813e-01
1.031159525951037326e+00
1.010341928395713351e+00
1.016572674240354468e+00
1.007640541954393010e+00
9.822931206335994148e-01
9.735860232583704033e-01
9.981300490074577203e-01
9.946562375022597324e-01
1.012450250407586072e+00
1.035006893572536057e+00
9.786881751038976063e-01
1.041533471769880315e+00
9.995353691008618258e-01
1.013278283569580385e+00
1.025018456534077416e+00
9.581706197035924077e-01
1.029005933063869449e+00
1.004837892857085579e+00
9.918642003558485465e-01
1.031602242471006958e+00
9.923073835678888344e-01
1.045600616882762957e+00
1.030420437955709811e+00
9.927080623291953954e-01
1.006271470017162439e+00
1.025846370374805083e+00
1.000264630121820764e+00
9.641571521587565252e-01
1.004086127604849388e+00
1.012699284254938270e+00
1.014274659707544712e+00
1.000561605781414620e+00
1.011800049792881184e+00
1.031125431005283311e+00
1.027150708292579928e+00
1.015024880821263409e+00
9.598789731792157776e-01
1.014256822844000983e+00
1.040511502181276082e+00
1.024066779463490562e+00
9.920890919730243063e-01
9.849261518285172823e-01
9.697729066251362662e-01
9.652729437594640416e-01
1.009650378792566361e+00
9.926940468050197142e-01
1.000508269052613253e+00
1.021548973072728739e+00
9.918449119605005082e-01
9.922495292204511763e-01
9.939847328897660761e-01
9.980796987139671783e-01
9.934689020301312734e-01
1.019946885339808373e+00
9.790360023294452096e-01
1.004034090013515179e+00
9.927898912728783110e-01
9.803463154214993036e-01
9.953195703959141216e-01
1.013129816458355537e+00
9.945825321933911001e-01
1.027965198233845134e+00
9.924977552418329241e-01
9.992909056412442315e-01
9.890243183885928380e-01
9.973085887018481310e-01
9.802353797236398325e-01
9.702659680194757330e-01
9.860942214298502595e-01
1.000253236759971243e+00
1.055177529721031959e+00
1.010202983484459915e+00
9.563384523623621458e-01
1.004969675814919805e+00
1.009008110198159613e+00
9.812512451058066354e-01
1.003025862794914236e+00
9.952300895906912581e-01
1.014181744910740202e+00
1.031465562194927355e+00
9.634196126521645809e-01
9.837759210354299899e-01
1.003901442912848330e+00
1.022581289164892437e+00
1.014600758356062560e+00
9.926594280519018820e-01
9.730003536133916553e-01
9.936421226056340039e-01
1.016075924408007092e+00
1.004999318322849389e+00
9.967688376870524891e-01
1.011210205028819198e+00
1.005590264642342468e+00
1.002427184572897811e+00
9.917620031254762436e-01
1.006347219381550140e+00
9.688611195143604915e-01
9.602087448526326341e-01
1.002104848326883069e+00
1.017815910058033513e+00
9.816355848262381389e-01
1.001792154762388032e+00
9.862228929652184783e-01
1.004472585775510129e+00
1.002739095833638405e+00
1.015017978099707729e+00
9.761774345053538804e-01
9.928476105008993136e-01
9.892063965207781306e-01
9.741776527495532578e-01
1.012560274490919454e+00
9.572261847396900114e-01
1.017181884343833165e+00
9.764665443199364026e-01
9.860657346482469832e-01
1.025975630337783384e+00
1.052488572643823339e+00
1.008518976414083834e+00
9.632912030589583230e-01
1.010117226481448416e+00
1.001758977442063658e+00
1.017611978182354271e+00
1.000645281364591632e+00
9.661713905159166060e-01
9.559270699954081074e-01
9.832460307011366973e-01
1.014894890813061279e+00
9.989890110918207000e-01
9.665123218890530055e-01
1.004728396697484705e+00
1.018095371684816897e+00
1.003132951415050655e+00
1.008110519451428377e+00
1.007281683751649615e+00
1.007285336656266628e+00
9.983260653498056136e-01
9.716023957172946757e-01
1.023855643865231535e+00
1.033949534454957631e+00
1.026946392561622012e+00
9.839235247809993146e-01
1.037386353077765389e+00
9.538913544367914055e-01
1.000608061178940300e+00
9.685496738059223842e-01
1.005881023171545596e+00
1.016093880425977147e+00
1.028702550984839537e+00
9.958140650280006279e-01
9.999473354599085484e-01
1.051243722387463331e+00
1.001274846507373528e+00
9.959656265305367739e-01
1.005096583235844943e+00
1.023290631326647215e+00
9.594058951750037423e-01
1.007909382130028009e+00
1.016959974589773053e+00
9.911244937818758372e-01
1.014338746351860054e+00
9.972046868768441596e-01
1.012388681150344416e+00
1.013746268513083360e+00
1.013196753298253538e+00
1.024022261691892588e+00
1.022915984448993454e+00
9.681955331813203447e-01
9.978639481822624280e-01
1.000593003845873685e+00
1.043951195529315035e+00
1.025662112016857197e+00
9.816468326017460111e-01
9.962766745003324154e-01
9.642858455709423238e-01
1.045428688486354174e+00
1.007634935933146458e+00
9.933939094833204031e-01
9.660933471736807832e-01
1.047812508656625674e+00
9.969915957296247022e-01
9.641092250635917571e-01
9.961229023269444482e-01
9.933431588664564105e-01
9.977113773201287117e-01
1.004226274167349775e+00
9.654775185718879049e-01
1.013070540393332220e+00
1.000374573703317616e+00
1.037106959044869381e+00
9.560163053999310989e-01
1.047076542645362540e+00
9.917158733915748536e-01
9.948905323514293242e-01
1.002512679791776495e+00
1.015182398894880933e+00
1.026566956294052035e+00
1.028789291634445879e+00
9.801335011151594001e-01
1.021942608616139836e+00
9.903482151439572112e-01
9.910090679764137489e-01
9.928121724536297377e-01
9.974980546168832340e-01
9.956957704726748792e-01
9.893568972654870342e-01
9.937790920581656140e-01
1.013023023157735292e+00
9.806980682804764538e-01
1.024878233684209494e+00
9.714658703410667950e-01
9.940823348713584418e-01
1.014048379032089553e+00
9.985953774556443063e-01
9.913430085029191208e-01
1.018813545887503835e+00
1.007054876987669267e+00
1.004785567684285175e+00
9.962826034431871980e-01
1.004599179795472530e+00
9.931901279244076397e-01
9.937404184028354459e-01
9.913213119376284022e-01
1.030884723288277849e+00
1.023369006655959756e+00
9.750580557705270657e-01
9.718272402054110026e-01
1.021956243155200728e+00
1.004803948710683237e+00
9.881685538804514390e-01
9.914490105710580536e-01
1.002826823028860836e+00
9.669289440005260916e-01
9.926899736209111591e-01
9.989049989830248721e-01
1.000273639751230403e+00
9.848454386726052112e-01
1.021025619925884476e+00
1.011841315763286620e+00
9.977263257696016296e-01
9.918290815006363115e-01
1.005062637965347783e+00
1.000887641243630499e+00
9.850936732573494226e-01
1.008824063554113915e+00
1.004559568803541802e+00
1.020904339611881317e+00
9.999104407680680096e-01
1.009387955163251860e+00
1.026372382749230150e+00
1.000666388996963141e+00
9.891658284554017966e-01
9.798537202702497506e-01
9.943142829026956342e-01
9.619810072898619113e-01
1.012589496078296847e+00
1.006013034369269477e+00
9.659892646986679710e-01
9.981147467132199802e-01
1.012490952812246325e+00
1.038301560473624763e+00
1.019738185550952636e+00
1.001329653442996293e+00
1.036469628321941672e+00
9.991193511181160058e-01
9.899252500557123025e-01
1.026607217868032329e+00
1.029366421131267417e+00
1.010906702797497392e+00
9.757337167858306515e-01
1.010338806693942493e+00
1.018238105080043088e+00
1.019015314888101154e+00
1.002373540915598271e+00
9.820197399935537419e-01
9.937155264633360519e-01
1.007503943098614352e+00
9.847723399710596182e-01
1.005107575615288518e+00
9.850626193040041834e-01
9.930687837477853996e-01
1.009769779099734421e+00
1.028579874561310170e+00
1.022166465244927824e+00
9.505606221136549960e-01
1.021982407071076349e+00
9.910272132530162370e-01
1.031478493673666286e+00
1.032514938233777047e+00
9.602671373372648755e-01
9.993610854443831792e-01
1.001976438116185086e+00
1.007810286134321220e+00
9.843089903606974111e-01
9.914100454178242927e-01
1.004907341928985787e+00
9.894669452735666004e-01
9.808161476095793585e-01
1.010977301283260354e+00
9.789612155793395720e-01
1.009983800395841458e+00
9.774010925497751412e-01
1.008382886266380618e+00
9.342050601346663097e-01
1.011281821372211009e+00
9.846002886973438395e-01
9.591781633820004593e-01
9.891545412706178597e-01
1.036561284768903635e+00
9.860682080605081001e-01
1.015154391211845919e+00
9.905291009808890879e-01
9.693585171978327253e-01
9.973474782404880834e-01
9.943822946585100242e-01
1.018275069702414326e+00
9.666614400079509561e-01
1.014004347448963950e+00
9.889236542910525563e-01
1.003336817354302690e+00
1.040228746103022628e+00
9.647581908209262869e-01
9.936145577851794863e-01
9.803761864454582087e-01
1.016567020770791308e+00
1.007689073862577223e+00
9.949382323639341941e-01
9.984278376148002510e-01
9.406735868287813274e-01
1.001650409323654234e+00
9.832164383069894598e-01
9.893295512433439853e-01
1.012422549709422803e+00
9.871632282559458238e-01
1.001754193881487565e+00
1.002388006104591334e+00
9.972509099244097897e-01
9.925814957427538943e-01
9.751022614734885519e-01
9.981198728061058123e-01
9.729819393832637164e-01
1.034596371426591110e+00
9.874224093115662182e-01
1.034294853308144857e+00
9.963230676331062963e-01
9.961819392918391802e-01
1.009865763939878258e+00
9.906951056482913298e-01
9.961408217609784010e-01
1.002521787065971282e+00
1.044860256190826231e+00
9.778583401256436547e-01
1.008916595140908257e+00
1.023339512213754521e+00
9.873586360213455482e-01
1.007337070583910643e+00
1.010151975047794970e+00
1.017665794535792312e+00
1.010856754185717632e+00
9.959880977235623378e-01
1.007589371250547261e+00
1.004813873401985358e+00
9.711612003075261734e-01
1.060451551226500477e+00
9.930779061011740794e-01
1.012311354813974607e+00
9.968155390252795289e-01
9.942812034939305654e-01
9.856265195074486174e-01
1.019897357606130317e+00
9.972921675640292749e-01
1.010643878521749528e+00
1.023034882774548571e+00
1.009484430604519645e+00
9.520139423151667835e-01
9.793893988331887623e-01
1.025592654125158099e+00
9.972892772155048657e-01
1.011415395272655449e+00
9.850573584246922199e-01
1.041185788365731391e+00
1.011781099243680204e+00
1.015107135014961859e+00
9.779987705461576919e-01
1.001847720907760309e+00
9.864081089717228190e-01
9.808873763366103837e-01
1.010935491289415955e+00
1.023598363067223405e+00
1.000046982971515508e+00
9.642207173789125729e-01
1.023071272972537749e+00
1.003865443403097135e+00
1.021856715389325876e+00
9.991739777721028171e-01
9.635720458815452139e-01
9.892184860787910372e-01
9.888535715726887165e-01
1.029931544694751233e+00
9.844226458000611135e-01
9.880596798508770595e-01
9.864396686898158073e-01
9.856160721924546175e-01
9.730085960679555335e-01
1.000990263942644454e+00
1.006355847366662726e+00
1.011234709523186615e+00
9.850649823802348770e-01
9.966582596220283641e-01
1.005188258898080500e+00
9.839371508880730977e-01
1.009926554598711279e+00
9.948583037973365295e-01
1.025720875676037647e+00
9.862520071399681898e-01
1.045523448217854812e+00
9.797280236695752320e-01
1.023139073642753916e+00
1.036343655914691908e+00
9.853373123036319736e-01
1.014836637854583890e+00
9.615009742345697052e-01
1.029229970393751081e+00
9.729744025251764183e-01
1.002856230786262737e+00
1.022809039679643650e+00
1.027216084475417013e+00
9.814437617965213745e-01
9.752115408801594887e-01
1.008488186450682944e+00
1.006983961860247190e+00
1.005433199542591582e+00
1.022750092597193072e+00
9.767979745845036810e-01
9.806583899243719316e-01
1.004680670251382413e+00
1.024276766761158752e+00
1.022059059666225123e+00
1.032459302743522489e+00
1.014778485385491980e+00
1.001722408701615663e+00
9.819702404741805779e-01
9.959486003552618927e-01
9.828966321404218887e-01
9.809937833347089908e-01
9.868284093257591039e-01
9.810336629783156237e-01
9.973459806596124411e-01
9.930481049016540718e-01
1.033913827628250459e+00
1.014065408860634010e+00
9.898343226236410164e-01
9.976383773128724153e-01
9.822273485368098189e-01
1.022810459177349030e+00
9.918802318754333935e-01
9.742488313033195180e-01
1.020046263666776198e+00
1.027022571294381903e+00
1.027884178808177174e+00
9.987965614489847654e-01
9.912152968716479995e-01
1.026938857480183209e+00
1.025130532258096805e+00
1.000247794921323541e+00
9.959308871006882224e-01
1.003958443762656083e+00
9.881752180405746211e-01
1.000761362717889291e+00
9.904531634532138806e-01
9.965170081874981101e-01
1.032192128398503606e+00
9.917733401725759013e-01
9.928520821986698275e-01
9.899841084654482648e-01
1.011022540087287203e+00
1.027627499808415390e+00
1.005312854701600145e+00
1.000920144660122135e+00
1.012777202788015085e+00
9.872318636928892888e-01
9.911649452467650168e-01
1.018152459654525721e+00
9.893907257335631256e-01
1.010705109038514848e+00
9.776066778577410243e-01
