# data in one-minute intervals
9.837394615983543478e-01
9.917924948601798407e-01
1.007960396018481530e+00
9.640024573600181057e-01
1.013254931013345184e+00
1.031519915938448717e+00
9.920569881020691039e-01
9.572467899309669015e-01
9.886215077795730277e-01
1.009499705161172711e+00
9.832987953993443941e-01
9.593726197984097093e-01
1.003549128488486097e+00
9.989979834098192679e-01
9.897522259160347335e-01
1.015507459949417157e+00
1.017470830854241504e+00
1.000032916476277345e+00
1.001939859032033864e+00
1.009322256222346281e+00
1.008475666877678423e+00
9.898617797686209974e-01
9.789344601664089485e-01
1.001880279674277618e+00
9.819675501965541287e-01
1.025005619437381998e+00
1.000448222032198631e+00
9.844729748855420848e-01
9.614072100511369401e-01
1.003641110198438824e+00
9.959648857926716170e-01
1.010341845204723477e+00
9.703119765073771052e-01
1.006748929914263124e+00
9.981482461552515506e-01
1.000791732839484416e+00
1.017102570085615110e+00
1.022685633844887088e+00
1.011090843791563554e+00
9.985081291135806669e-01
9.844384185277285093e-01
9.448299746281696443e-01
9.916540781590058584e-01
1.011114987436106505e+00
1.043139995538096665e+00
1.041560083421863681e+00
9.733710129128708699e-01
9.997573331628879512e-01
1.002637030861068590e+00
9.753498440223180577e-01
1.028365051503057570e+00
1.026438783693697454e+00
1.002424532463342954e+00
9.800633585302470641e-01
1.010599170408952086e+00
1.001256420200529629e+00
9.678802418783949424e-01
9.724658515623045840e-01
9.947767383281210796e-01
9.936013073863172451e-01
9.755175446005509565e-01
1.030242367500687539e+00
1.023442750689869785e+00
1.031356715171522387e+00
1.007661729135407302e+00
1.045623655412393216e+00
9.830241793146046181e-01
1.015300135917708069e+00
1.013728632823038378e+00
1.035100943892492742e+00
1.004249423097056670e+00
9.971574362699433536e-01
9.735251223945404764e-01
1.037339567933699636e+00
9.991711375584719779e-01
1.007751243123595097e+00
9.807762287940137158e-01
9.836719888653792099e-01
9.940189748981296258e-01
9.722374896533848565e-01
9.686729731760777007e-01
1.029609014138813006e+00
1.026526069765014482e+00
1.025994315969651627e+00
1.000886390350241184e+00
1.004640580374147163e+00
1.011281549111965550e+00
1.007884784580413084e+00
9.661064364193248100e-01
9.696683440224175277e-01
9.813800143421800293e-01
1.011816594324099983e+00
9.947224089945814196e-01
1.023070070596810099e+00
1.033139266065688622e+00
9.902364095367369723e-01
1.014711023557865355e+00
1.013888531716941044e+00
9.923763159047469529e-01
1.007071047604829905e+00
1.020784563900897224e+00
1.015127745492164335e+00
9.952366725722102681e-01
9.533968497199881709e-01
1.011397352497970914e+00
1.004217338313213359e+00
1.006273415564773233e+00
1.030941093201115599e+00
9.768681361620660253e-01
9.959503197263755991e-01
9.747610378739440806e-01
9.891101318510631124e-01
1.009070884151891612e+00
9.747078868031850973e-01
9.901967741691249936e-01
9.927172379969141369e-01
9.964878587722747483e-01
1.014083628179390573e+00
1.002372726793464341e+00
1.012522416520253987e+00
1.011385430424831089e+00
1.012698000535093401e+00
1.021768780950100597e+00
9.939938751014057994e-01
1.007522715479326481e+00
9.699480533328356247e-01
9.647253999431441018e-01
1.008232827956849320e+00
1.036212301127182434e+00
1.036481436157325575e+00
1.006842921323001017e+00
9.781587228610421070e-01
1.002541639356881342e+00
1.015765357613373387e+00
1.000913760991336554e+00
1.007054624217998073e+00
9.991170878860841098e-01
1.029983634508377266e+00
1.019569889418912023e+00
1.005734084768313608e+00
9.868645048139245146e-01
1.012360617283951658e+00
9.869915944757940984e-01
1.012600699772385093e+00
1.026505767229266120e+00
9.926477837611065169e-01
9.962776408016486007e-01
1.022683046056389156e+00
9.813839006763710460e-01
1.001258584032219900e+00
1.011689123133928669e+00
9.997878780837851087e-01
1.000037784314072198e+00
9.763948728499516339e-01
9.943520150020044301e-01
9.846745477749530018e-01
9.893628733892422256e-01
1.021930969079644091e+00
1.061982604448473255e+00
1.007648011390390508e+00
1.006852936192572878e+00
9.842759289626579200e-01
9.791817200572466851e-01
1.008934716141375754e+00
1.020223329678857205e+00
1.004517150422231220e+00
9.960067607754886643e-01
1.001936109984257639e+00
1.002264141105411843e+00
9.877049108115939502e-01
1.015649551547768814e+00
9.819605759538734269e-01
9.955201000669345879e-01
1.059223665070599951e+00
9.954798736473947640e-01
9.838339530649746756e-01
1.020350094302438393e+00
1.022953504885094178e+00
1.018619687883256075e+00
1.014333470687461825e+00
9.897223602162110723e-01
1.004817667830041561e+00
9.694247092187479042e-01
1.007798106716254249e+00
9.918578104176264398e-01
1.003593767736633779e+00
1.021258563440728739e+00
9.972864865934601974e-01
1.033791720543006498e+00
9.692932465658700147e-01
9.531288043486244588e-01
9.889147389392548559e-01
1.015501854772324242e+00
1.013257322708538632e+00
1.003322468439261650e+00
1.022050943864082795e+00
9.984907866927055231e-01
1.015061098581820920e+00
9.857798967000322987e-01
1.036389603319416430e+00
1.004706450985763055e+00
1.009230887497186480e+00
1.010943887235583816e+00
9.954437483806488629e-01
9.543570302622548240e-01
1.012860597261887818e+00
1.001494610382267725e+00
9.966722462940373894e-01
1.002403299267031533e+00
1.009152914166887349e+00
9.909426040329473162e-01
1.017886254351319630e+00
9.854464933596172038e-01
1.013494742883492172e+00
1.007008050174123426e+00
9.822971126908770501e-01
1.001886032782060232e+00
9.841224718462882048e-01
9.883254252129262118e-01
1.012091413575296972e+00
1.040492911228000139e+00
9.941147908958360979e-01
9.919176434360483796e-01
9.740517714970128305e-01
9.757490052198770636e-01
1.018942296457779451e+00
1.015377726250772605e+00
1.010224120442442253e+00
1.010785198273308927e+00
9.919343284859669652e-01
9.833430651347356832e-01
9.967187246732895911e-01
1.010381479939685301e+00
9.944495211005921487e-01
1.007835303670106653e+00
9.842270945798022863e-01
1.000171384137731767e+00
1.019500768052830963e+00
1.023211034136396469e+00
1.003805200849326340e+00
1.002168902001307593e+00
1.004678147404123312e+00
1.001701012105453037e+00
9.910251079235488092e-01
9.996724140102911660e-01
1.022835609807307256e+00
9.918091154909405294e-01
9.948096281594903667e-01
1.004291010163161912e+00
1.017971984575593902e+00
9.974563281108642654e-01
1.032930764082578889e+00
1.029130514196464841e+00
1.029664397096913264e+00
9.992922026510804301e-01
1.007732296482789058e+00
1.035597439019108057e+00
1.003565439753626887e+00
1.016284270836309345e+00
1.028432230067186648e+00
9.841518960455357679e-01
9.803236060583083722e-01
1.019483796663228192e+00
9.840120900383344527e-01
9.691071104845984108e-01
1.002014037071975672e+00
9.913253072329203386e-01
1.003892191785658028e+00
1.033721519509873454e+00
1.010425898350484797e+00
1.023471168225114747e+00
1.026664327409740451e+00
1.021145233490617255e+00
9.910125296377740867e-01
9.645902495700464652e-01
1.007080674450220314e+00
9.896472466944564728e-01
1.027441586022531217e+00
9.893266206239568206e-01
9.610259917251198214e-01
1.008699854354585090e+00
9.934912831523369237e-01
9.703403375648451679e-01
9.673437027487019613e-01
1.007975316831400958e+00
9.880268530786460168e-01
9.795446339369776600e-01
1.009273125514989600e+00
9.924656778572870097e-01
1.037800553587231445e+00
1.023142843297989879e+00
9.829780459579580132e-01
9.909384880570094589e-01
1.020104129531762327e+00
1.003050283177468138e+00
1.006433349539519018e+00
9.685366924063424365e-01
9.899720935060786209e-01
9.987263648818534012e-01
9.891902701799498709e-01
9.719213239265567239e-01
9.914312766738643257e-01
9.941128405452719363e-01
9.643692165585945331e-01
1.023955097864360564e+00
9.851104635334620996e-01
9.943703533518789550e-01
1.029486390543849383e+00
1.004698176696294798e+00
1.000045386746110321e+00
9.964460020528945750e-01
1.010986399016215787e+00
1.031368709615822166e+00
1.023597931035137965e+00
1.026380332533417317e+00
1.002728207753474043e+00
1.012211950415971895e+00
9.984885499056991298e-01
1.032752943046004512e+00
9.964697779054398907e-01
1.044210894881587803e+00
1.005247947491316962e+00
9.767155586525623212e-01
1.004008719861205989e+00
1.010000690008186819e+00
9.940049251085257831e-01
1.022564455054585597e+00
1.008335053894320543e+00
1.002747995206912046e+00
9.789674867060689234e-01
9.584684098563039933e-01
9.785357482407807117e-01
1.003324228119525152e+00
9.800630129493129727e-01
9.834076354231715555e-01
1.026706651487483191e+00
1.023367333814255931e+00
9.935387349601441098e-01
9.587872375692259030e-01
1.011664969306766748e+00
1.025646454719264966e+00
1.001180803013371534e+00
9.882493053550999162e-01
1.010117759061306408e+00
1.019180828218303914e+00
9.905783864497816893e-01
9.743758288223863806e-01
9.755846373061010102e-01
1.024981476037757355e+00
9.734651203726287783e-01
1.001206942200311589e+00
9.907630449700365327e-01
1.024232186890625673e+00
9.997553895683968239e-01
1.006037243135100123e+00
9.967308755146835342e-01
9.975578725798414093e-01
9.853171005135501481e-01
9.854699213068131014e-01
9.773499000943971504e-01
9.674025578552701843e-01
1.040759096481732371e+00
1.000328267629144507e+00
9.716121505173802575e-01
1.022304108484852314e+00
1.015526003586246562e+00
9.607847796624512382e-01
9.999774337920662726e-01
1.017351738025939589e+00
9.851403711290803722e-01
1.033804419412856612e+00
9.678965612884580239e-01
9.868661033198139476e-01
9.733589781238329852e-01
1.007150673876641367e+00
1.021401520772255322e+00
1.001442927851623255e+00
9.967037652402284120e-01
1.023231122238865920e+00
1.009662774503763627e+00
9.541604359879091168e-01
9.891148293463705166e-01
1.007886563600965513e+00
9.695833807461571308e-01
1.001963925042901327e+00
1.011162107400448651e+00
9.879766806680790880e-01
9.925383193683615657e-01
1.031233273882177670e+00
9.995594303975829931e-01
9.881044653845953984e-01
1.019757151890491320e+00
1.014296377751929823e+00
1.010335290989116563e+00
9.974448490106079257e-01
1.009566238384587145e+00
1.000508889570689952e+00
9.929637455720582428e-01
9.750624199798286762e-01
1.012155802290240381e+00
9.932387336487388252e-01
9.879857197978442196e-01
1.029184825644795742e+00
9.387440604536951838e-01
9.641801557133713452e-01
9.952948361689318846e-01
9.939069725810931732e-01
1.012365933265894080e+00
1.001427388014332953e+00
9.664881893245024225e-01
9.967170664797553314e-01
1.020902369381432084e+00
1.029213423655071180e+00
1.014220301597805296e+00
1.028626067299339919e+00
1.024886310434709458e+00
9.893346776209186455e-01
1.019577583978100721e+00
9.800743273419837420e-01
9.952169842255821353e-01
9.800620677611309173e-01
1.024213761053267557e+00
9.688787557089630909e-01
1.010527627592298971e+00
9.847682940406775609e-01
1.013049013629110373e+00
1.000185559926525469e+00
9.723608417974491935e-01
9.744081854066733994e-01
9.961427139740659520e-01
9.836386667367660319e-01
1.005329926859374057e+00
1.022229221049397729e+00
9.931858684672792981e-01
9.906087762606230473e-01
1.020441786452383592e+00
9.760451014422207860e-01
9.807647824051450858e-01
9.954204255292807835e-01
9.906924692793241949e-01
9.850408807013413259e-01
1.013157147465457486e+00
9.911593613544272818e-01
1.030309248971171376e+00
1.013391378076056393e+00
9.614834005691346164e-01
9.996683102178904878e-01
1.001686173629031451e+00
9.984668990427287838e-01
1.021208917108200165e+00
1.006045862984867645e+00
1.023070502832497120e+00
9.841914068809328731e-01
1.026475389335272048e+00
9.951892236449263462e-01
9.998686334869490988e-01
1.022935556510950139e+00
9.972833734494198632e-01
9.679141840451791490e-01
9.666637744073519611e-01
9.932760312143089632e-01
9.659118342296301174e-01
9.952819445161856793e-01
9.691867856799797343e-01
9.608500979316463297e-01
9.867606501728404256e-01
9.772988500252022259e-01
1.006539785801817466e+00
1.031355000964807367e+00
9.992092233323769390e-01
9.866612523556461678e-01
1.046314588542334834e+00
9.799454810709469221e-01
1.019282526278010748e+00
1.036074261159099619e+00
1.014498729323494164e+00
9.883979917229891443e-01
9.936385756435567318e-01
1.034116744804834509e+00
1.006444878857977177e+00
9.862578536376669369e-01
9.850372415783920088e-01
9.826320002387560759e-01
1.030750783435403495e+00
9.978870698267642281e-01
1.006726313609279888e+00
9.833783003803987510e-01
1.001570588456450084e+00
9.837809578556709900e-01
9.794006307598613903e-01
1.015751178424986634e+00
1.019490782278172913e+00
1.022585197502709153e+00
1.008948656784381281e+00
9.856373412539699563e-01
1.023434832523479221e+00
9.873098530288894059e-01
1.011298200316656626e+00
9.993894788165259557e-01
9.998308195078822180e-01
9.792644090389308609e-01
1.020325823759364647e+00
9.766987700286350327e-01
1.025169877629499293e+00
1.009536248742461506e+00
9.937016877354936106e-01
9.867635104914717070e-01
1.028502410180552884e+00
9.750804488170341511e-01
9.688136258612104479e-01
1.001691213246286072e+00
9.872405935715513614e-01
1.014444004065065075e+00
1.011241018941905212e+00
9.870805559295936504e-01
9.992400632168721986e-01
9.801136072581181358e-01
9.921314406183990853e-01
9.850828899722331444e-01
1.000090836780940684e+00
1.017880899931091987e+00
1.046568264035111273e+00
9.943777293472728651e-01
9.683044280527188796e-01
9.827550580124300161e-01
1.019615743298331711e+00
9.903583967835196677e-01
9.829418086098985485e-01
1.013031379014534439e+00
9.924149535342371431e-01
1.030517204480060789e+00
1.002714247894897381e+00
1.012420931006372538e+00
1.038907460321084386e+00
1.022815365638842122e+00
9.819489239901060262e-01
1.018616409156170022e+00
1.033342175192346835e+00
9.934881148614094215e-01
9.658668360512951967e-01
1.006417316405405771e+00
9.968628142384862167e-01
9.771310512521512726e-01
9.859497487157031781e-01
9.956466523480054231e-01
1.030571545056847782e+00
1.042524411914993010e+00
9.848678726180077891e-01
9.907621756933657764e-01
1.005378719125777254e+00
1.035828185100832410e+00
9.930918442034308846e-01
9.737031629783858833e-01
9.954856292176500476e-01
9.862055868001446957e-01
1.013951165318362380e+00
9.895893930709801500e-01
1.007999368967972709e+00
9.819826634115770281e-01
1.017824183948614847e+00
9.784355276878577978e-01
1.017152088206221494e+00
9.783728727910545597e-01
1.010540287164341633e+00
1.000160625397676917e+00
1.061621634542105674e+00
1.001797082624106272e+00
1.008153901202118563e+00
9.770123019052417979e-01
1.015102812848048819e+00
1.019236127384187007e+00
1.041562137641733665e+00
9.749189294782751869e-01
9.967415602700964161e-01
9.974076093919416186e-01
9.863729745870598586e-01
9.852060959889740177e-01
9.973515547763387445e-01
9.787930119176373456e-01
1.002614915368804649e+00
9.911266816626445042e-01
1.009812948835685509e+00
9.844096916712673506e-01
9.919502846703376342e-01
1.018936629792797754e+00
1.033856823813804837e+00
9.900835612699944166e-01
1.010014121721331648e+00
1.007783048279008442e+00
9.739989258577763653e-01
1.015372680705938890e+00
1.009272160557650011e+00
1.014332124172168115e+00
9.975001811875781055e-01
9.884598214149469264e-01
1.000653197464743238e+00
1.049165736842678998e+00
1.034728559754611865e+00
9.562378513002687264e-01
9.719634726241298539e-01
9.945083798530779395e-01
9.817327603139994752e-01
1.026455997478035398e+00
9.986008104394027418e-01
1.012677662940866696e+00
1.027921695988494921e+00
9.941973918170695645e-01
9.998914658168364111e-01
9.993380246490476404e-01
1.003485672471778001e+00
9.910232462169228373e-01
9.750627984881704569e-01
1.008898879510329305e+00
9.837305053511943287e-01
1.005974121368948371e+00
9.819135244364761705e-01
1.001475105769808582e+00
9.843861992875004852e-01
9.960978011072935123e-01
1.009125675401971733e+00
1.015170066287610195e+00
1.021283067594834337e+00
9.930201472594288870e-01
1.000784006729916298e+00
9.816020526319612083e-01
9.966706986683808722e-01
1.005824506808215446e+00
1.011107232632160624e+00
1.022078726948828509e+00
1.026996572217889536e+00
1.010195356085798801e+00
9.935787473212005505e-01
1.020157580039603662e+00
1.006268133955566135e+00
1.006630216523823673e+00
1.011256602530832938e+00
9.920661350253849875e-01
1.024745688570494861e+00
9.951463579332530118e-01
9.963147572061326063e-01
9.809711787674719741e-01
1.006431453822079547e+00
1.006760463313344456e+00
1.004943094043030394e+00
1.038393602096902457e+00
9.808738049921595925e-01
1.005496537750346198e+00
1.019164880098092363e+00
1.000366133991363871e+00
1.017192940980672811e+00
9.966351319359114669e-01
1.011185650382971701e+00
9.614519695577651293e-01
1.014634055463707218e+00
1.020716847393654758e+00
1.013966393794236032e+00
9.723757843970368686e-01
1.003232668127556737e+00
9.856401888920415244e-01
1.037223223187758059e+00
9.917419327182941391e-01
9.802492711411997517e-01
9.857517544432500278e-01
9.784276045864389593e-01
1.013846764510353049e+00
9.881653518210742337e-01
9.758088293521292034e-01
1.039708592058331327e+00
9.991334489374454897e-01
1.004246796125013663e+00
1.025721916987074600e+00
1.003365196226017941e+00
9.894657238167638980e-01
1.006595812471258622e+00
1.002234738022370841e+00
1.001433651490277743e+00
1.008063116220661470e+00
9.985822039776783843e-01
1.022108368093192388e+00
1.049062157407556484e+00
9.777063597194187716e-01
9.999640566517009610e-01
1.026077051435056786e+00
1.012718811051346979e+00
1.005536576011601513e+00
1.043661079548890092e+00
1.003585354444633371e+00
1.007038694935029843e+00
9.783592160012011263e-01
9.985492912958459089e-01
9.986020815718301691e-01
9.687098902701335446e-01
9.991729869428761512e-01
9.741135889555860849e-01
1.017945559613439688e+00
1.017039194745016806e+00
9.941784653469011301e-01
9.685127470796313087e-01
9.916093329109985088e-01
1.039889112200722998e+00
9.935116661283137640e-01
9.688732736013746516e-01
9.809922175514952380e-01
9.902023558239380074e-01
9.941876190516204526e-01
9.714091316859007064e-01
1.007068478169474757e+00
1.029851295659935717e+00
1.007608891482611568e+00
9.731969561225108922e-01
1.020944683898854954e+00
9.696206340477310226e-01
1.022853786334686932e+00
1.007328524263322311e+00
9.753421997490373530e-01
1.002067444581947520e+00
9.912566769449679960e-01
1.043463845406692236e+00
9.890653459313356599e-01
1.010308174960037775e+00
9.985899594033271764e-01
1.009931398718673545e+00
9.938334242099685634e-01
9.759504470920227215e-01
9.758064075862137310e-01
9.936224903984065548e-01
9.767228368847103992e-01
1.004020370146771146e+00
1.002065631646757993e+00
9.856099308504304712e-01
9.951394696527813277e-01
9.890027934322405123e-01
1.018487537721540104e+00
1.037577497595971954e+00
9.743037356433346119e-01
9.961900805715053764e-01
1.033060538115225357e+00
1.028149187457144009e+00
9.626224993806390406e-01
1.016908688998928056e+00
1.013560353439690864e+00
1.012769665936560815e+00
1.021190788474775735e+00
1.035929238152273113e+00
1.000729472661632924e+00
9.751432788361727999e-01
1.015986150337552019e+00
9.942719107848927429e-01
1.026168300690460944e+00
1.012555093337182965e+00
9.890069629919500116e-01
1.010595644762686485e+00
9.797445503317205873e-01
9.901851552278183588e-01
1.003104882762370753e+00
9.876029960051100343e-01
9.498079173335083336e-01
1.029948965710956177e+00
9.743457595497651003e-01
9.839539017130947141e-01
9.898747357686813464e-01
9.869688621070877854e-01
1.010077530837211857e+00
1.011484815361035405e+00
1.025350003703448198e+00
1.018293799002721878e+00
9.760739910876405911e-01
9.882637692527717066e-01
9.728631273251295841e-01
9.787616928366363878e-01
1.018738571361557099e+00
9.767695024387608171e-01
9.927276601603242101e-01
1.033244937701766952e+00
1.009519687887089345e+00
1.001620562538009018e+00
9.811190065015965578e-01
1.030565354776805442e+00
1.015767872718515097e+00
9.712951455624849739e-01
9.722063162195559993e-01
1.015896234928433728e+00
1.021993008042548778e+00
9.825273045375743086e-01
9.874103024336394752e-01
9.681944549966059466e-01
1.009760314277100335e+00
1.016067123082755597e+00
1.007712106325413970e+00
1.035210250438607593e+00
9.688267733241772151e-01
9.771334253276283688e-01
9.998049397807415861e-01
9.683022858118214282e-01
1.006321684605654854e+00
9.791228186273587264e-01
9.785260822491037569e-01
9.923826570527339852e-01
9.762647738506791129e-01
1.030612859419460348e+00
1.017324156699362270e+00
9.901217771104302567e-01
9.893967074912666249e-01
9.693557641606230790e-01
9.922208201277024076e-01
9.711220191333660434e-01
1.004893532777193288e+00
9.981114522677716483e-01
1.042472204101302147e+00
9.938283823448325061e-01
1.012232409649062692e+00
1.003174849305284999e+00
1.040260234801621220e+00
9.956237950083335342e-01
9.871131919013304001e-01
9.859614993721457221e-01
9.716051106601232279e-01
9.938376455868042081e-01
9.847088028143735627e-01
9.880682961929905250e-01
9.814919423034463852e-01
1.013984754731940718e+00
1.011863995109699044e+00
1.026510272338386098e+00
9.892018187782961602e-01
1.029679597568210037e+00
9.856234217046977442e-01
9.920020075248865421e-01
9.787447406563946073e-01
9.782704721579353890e-01
9.778950749911786700e-01
9.921728834902788785e-01
9.897130525475535956e-01
1.024498979296559753e+00
9.963404891403349062e-01
9.999566784010872622e-01
9.498819138848541010e-01
9.782382826952585875e-01
9.715735901989129841e-01
9.999045935215292724e-01
1.026454461438343735e+00
9.939100264401735663e-01
9.974802735972038148e-01
1.027551532324750161e+00
1.003069733816631448e+00
1.003975832858408967e+00
1.012765038216697278e+00
1.017000854972381463e+00
1.028229962572201339e+00
1.014173632387101565e+00
1.024954635031437800e+00
1.015155881596582432e+00
1.035554048944944627e+00
1.025444713505230032e+00
1.004909079587505527e+00
1.005928756928550216e+00
9.859361014250300759e-01
9.698623315600396477e-01
9.995992895118414046e-01
9.720961758107830031e-01
1.011776764610206270e+00
9.981061815316808472e-01
1.022237229019047788e+00
9.663969234127967045e-01
1.021179644794655506e+00
1.001290989433351042e+00
1.008079468933415157e+00
9.755916950118446174e-01
9.754498181782423893e-01
9.963213001318381723e-01
1.007426893644031152e+00
9.704194225592760459e-01
9.968104580962657835e-01
1.000422762863338422e+00
1.048841543406854537e+00
9.993617842728136358e-01
1.023128175891586000e+00
9.890274378373101749e-01
1.011273788083831837e+00
1.012916784523609115e+00
9.990233201384014494e-01
1.001563817863634354e+00
1.007012009967471311e+00
9.884238519874458673e-01
9.955905687080129907e-01
9.978894279858171457e-01
1.005977425437777573e+00
1.004792896853539119e+00
9.940372363719116588e-01
9.958889661112717562e-01
1.006842723214005586e+00
1.012114202748937819e+00
9.875287729035880924e-01
1.002668614511250000e+00
9.992800736348480539e-01
9.917971873667893457e-01
1.031825680566422765e+00
1.004408683072652853e+00
1.029307461868006923e+00
1.020677455503477882e+00
1.022250290088209335e+00
9.878318240857058008e-01
1.001698199616849028e+00
9.974577614187286612e-01
9.936627488198883640e-01
1.020375413722658831e+00
9.805882379763838363e-01
9.994597444273179976e-01
9.996056778102341278e-01
9.928114407613654047e-01
1.019264839834019609e+00
9.938943665784770731e-01
9.954619113660708729e-01
1.010172005288290320e+00
1.014755564087021167e+00
9.813480728101265926e-01
1.033930150479065446e+00
9.986051261247635980e-01
1.001615128986466097e+00
9.973920542516071519e-01
1.000220785949013313e+00
1.006640609278625531e+00
1.005364525137407705e+00
1.013227500042123808e+00
1.000114064626773436e+00
1.025046536546619258e+00
9.820244465569717418e-01
9.895994686120808126e-01
9.814505986011083927e-01
1.026650840396915676e+00
9.792687179695412913e-01
1.012466941005514043e+00
1.014643029350527081e+00
9.688702226212310142e-01
1.022558192673997501e+00
1.003849427469161615e+00
1.006563963753484003e+00
1.009649305375178052e+00
9.754774240440727828e-01
9.945312371674953633e-01
9.838125094781242641e-01
9.876605663448445593e-01
1.010238155802224203e+00
9.996094395944512545e-01
1.035792279769353508e+00
9.776773315586693158e-01
9.926645964605969041e-01
1.028506500866836815e+00
9.907675028152872487e-01
9.987167947334812945e-01
1.026017299368745750e+00
1.018472656914297891e+00
1.019875308669043745e+00
1.014924197457786281e+00
1.001514445643262530e+00
9.860536820138849912e-01
9.543111796728973584e-01
1.014542455474029659e+00
9.661103331180129761e-01
1.010992452105721640e+00
9.963505654210962348e-01
1.007183707426465347e+00
9.968082046662598561e-01
9.875960475819882678e-01
9.622971372618139840e-01
9.827339704217029626e-01
9.800592731284688552e-01
9.950501751671144701e-01
1.003097268499979045e+00
9.897524004115907381e-01
1.030146223142394346e+00
1.015440030531853166e+00
1.042610818916196225e+00
9.859373494269726423e-01
1.006272107088396650e+00
1.014524731503061439e+00
9.978437979295331495e-01
1.003332625508601250e+00
1.037511766263909063e+00
9.903412389536860871e-01
1.019319871033593339e+00
9.904433706071110732e-01
1.039658996855724382e+00
9.915076683723901274e-01
1.038903571393879011e+00
1.003444285636243105e+00
9.857984896949469888e-01
9.893349126310673203e-01
1.021678190879671932e+00
1.001871763986899921e+00
9.934793763615465956e-01
9.873644367916338815e-01
9.826045274823755893e-01
9.963414138552562083e-01
1.007771218258266099e+00
9.650222410415230101e-01
9.731737356689076357e-01
9.930597249832818774e-01
1.006690132557459538e+00
9.715013686383237035e-01
1.010754564071562056e+00
9.931446545236374268e-01
9.780651256402339566e-01
1.001471097308141989e+00
9.892553484616573023e-01
1.019413473330475828e+00
9.853070681094988625e-01
9.974511307633177060e-01
9.991296227870088975e-01
1.021328609472208271e+00
1.002969166658076672e+00
9.767487377433514695e-01
9.848632661093472684e-01
1.000316790166087211e+00
1.017705234405882120e+00
1.000462488821531437e+00
9.989679907294677363e-01
1.001656863444756684e+00
1.033681875927252802e+00
1.007981321445522660e+00
1.011626830957226497e+00
9.711348001628652415e-01
1.012113691388615733e+00
1.036464861601365195e+00
1.019358611726495001e+00
9.962582702648817845e-01
9.989444229443578127e-01
1.011200900832381677e+00
9.797716850033463265e-01
9.845709534118314288e-01
9.922795634112426821e-01
1.002311810935615721e+00
9.830720703370071645e-01
1.001976784004439569e+00
1.006139796296195543e+00
1.015357705647097708e+00
9.898295115638038322e-01
9.916417257366904048e-01
1.012900237888690658e+00
9.858547934401042934e-01
1.034686959490294322e+00
1.002420353854292401e+00
1.020181703581001909e+00
1.003316094351557552e+00
1.017730076789115534e+00
9.955092559090225057e-01
1.003871220629771965e+00
1.015499975658480158e+00
9.845943291885883575e-01
1.027449023896461755e+00
9.606697118257597756e-01
1.001557618783072590e+00
9.866685727594415312e-01
9.774040434316588755e-01
1.022948354289528572e+00
9.655814969131029102e-01
1.007494981229337672e+00
9.818585351142261608e-01
1.001581698189783376e+00
9.948418485768254493e-01
9.690106525335934196e-01
9.876994907668926738e-01
9.882879427310033993e-01
9.990484933380372468e-01
9.946161248497911167e-01
9.698642713968340656e-01
1.017313427909606327e+00
1.008618895242014757e+00
1.035842633077034280e+00
1.018416088745992987e+00
9.974477526676426287e-01
1.071756268772564136e+00
1.005414920206717078e+00
9.925040201816794916e-01
1.009535212194616172e+00
9.654307860593973611e-01
1.009763601930224075e+00
9.993447415595323458e-01
1.033073725806005649e+00
9.778803764829228085e-01
1.018380924347750405e+00
1.007914254578763824e+00
1.025472491972494682e+00
9.635464767347532433e-01
9.911683506544473055e-01
9.724822468168883294e-01
1.021653870301781897e+00
1.005729048132661729e+00
1.026382560979131275e+00
9.798936001693140385e-01
1.016779835971534540e+00
9.770372695802361784e-01
1.017238679476721197e+00
1.020192431727481308e+00
9.603492343525553698e-01
9.933513763305256150e-01
1.002877622514471989e+00
9.946369337796713284e-01
9.810140486988496722e-01
1.014094228627803851e+00
1.010443168912461998e+00
9.913728026676288385e-01
9.861671050102184255e-01
1.042900256492272915e+00
1.024626156141628552e+00
9.952671609686954968e-01
9.958834805158748305e-01
1.004268510626221689e+00
9.932473955735217075e-01
1.002779778017621748e+00
1.025689244701794012e+00
9.664705885086184445e-01
1.020297078642955046e+00
9.923053791381615252e-01
9.982944496447359040e-01
1.009743113633989831e+00
9.719618243627323739e-01
9.634891291359020116e-01
9.770574191457476187e-01
9.885225889726042547e-01
9.948286772223658980e-01
9.992147147034465826e-01
9.716904811600238778e-01
9.698612061021886221e-01
1.033532321045424140e+00
1.011594945798965917e+00
1.000427711276054898e+00
9.675553356020932805e-01
9.774799890690181181e-01
1.021558429625375686e+00
1.008179572107873900e+00
9.888775264111324681e-01
1.005523867567000851e+00
9.881149230728515365e-01
9.912732927617033951e-01
9.605878857700899109e-01
9.704025175645647483e-01
1.007625650908358317e+00
1.002050220268306591e+00
1.001860213606791783e+00
1.019920377560644908e+00
9.982758212904668804e-01
9.681641572719359434e-01
1.026008387029755387e+00
9.988716890211283284e-01
9.979324143867283059e-01
9.737745672150124321e-01
1.009858097413280476e+00
1.034158638860400048e+00
9.795005226525057562e-01
1.033271392937534117e+00
1.006726504627773355e+00
9.866321675577636174e-01
1.004028619100230779e+00
9.947219606019898075e-01
9.922142166930522089e-01
1.030074354867058339e+00
9.549096851010298037e-01
1.010686972116408011e+00
1.024630910342231305e+00
1.001851998230015584e+00
9.741252051738236162e-01
9.864715948833003845e-01
1.003883084284872940e+00
9.973678482271705059e-01
9.909748634825296110e-01
9.906334534671493719e-01
1.020686388741303574e+00
9.874859737479404487e-01
1.000012694665946666e+00
1.006189207584060830e+00
1.012584421544082236e+00
9.582226980291870255e-01
9.881758146797616771e-01
9.756047728245850204e-01
9.699046683375294187e-01
1.004610713037445313e+00
1.011646779866912205e+00
1.001937508456722137e+00
9.925194308976796886e-01
1.000675473461739795e+00
1.013945408866401943e+00
9.754593066634408283e-01
9.810686610795300577e-01
1.042367985452899992e+00
9.907922339092809505e-01
9.986023617149606402e-01
1.023982404982237915e+00
1.021733727587019525e+00
9.829559552859138405e-01
9.953678535354030243e-01
9.944317037172543117e-01
9.814829007542427153e-01
9.496250751054149397e-01
9.630653498850405558e-01
9.796913106886762090e-01
9.892660043599585951e-01
9.942752029632839772e-01
9.971602852292780206e-01
1.030002251025548432e+00
1.005854544757178060e+00
9.821599430786616125e-01
9.517628031974710856e-01
9.953399163015761442e-01
9.921876064365809933e-01
9.889964757609494006e-01
9.903235251061851541e-01
9.984502396555636761e-01
9.905659002241239408e-01
1.025119533827856477e+00
9.978807338655469872e-01
1.020194938948476793e+00
1.002052758180937309e+00
1.008533900073527834e+00
9.970510459536471304e-01
1.040740081077314194e+00
1.018233253260997895e+00
9.862833209219485919e-01
9.872097129503418778e-01
1.016512929029062873e+00
1.003067214276566643e+00
9.655997673785147173e-01
1.005922992564628693e+00
9.927763415240994371e-01
9.619818355866238679e-01
9.921011628747847810e-01
9.485037973738364991e-01
9.744573195860359860e-01
1.004110852011163457e+00
1.021014316848433356e+00
1.019007067621889862e+00
9.880493155725692533e-01
1.019535351703769077e+00
9.786360641022100459e-01
9.968663889692974678e-01
9.771751840290645585e-01
1.012273481567456557e+00
1.006955850363245641e+00
9.795427135200350799e-01
9.972718256062435005e-01
9.946304134940422426e-01
1.025929755472404503e+00
1.029982738239961559e+00
1.012930297006418456e+00
1.014618565863119493e+00
9.617416801587898023e-01
1.025698912178683697e+00
1.003572549932101099e+00
1.017579410798751693e+00
9.483393422019290586e-01
9.921370718566205893e-01
9.971579683376766701e-01
9.803840478104376421e-01
9.956224234001989082e-01
1.036245669509464173e+00
9.928428462256629894e-01
1.023584396470680780e+00
9.977923220718514230e-01
1.027528021979232209e+00
1.015647591016056950e+00
9.912692019346147632e-01
1.023322187025624830e+00
9.781575283952234079e-01
1.014297533156624187e+00
9.785981664918550482e-01
9.764035360429957899e-01
9.988867593861907590e-01
1.013664117112251351e+00
9.815902686142004008e-01
1.013813928887184579e+00
9.854864409143025972e-01
1.033554226905363027e+00
9.931347452399118536e-01
9.912708227752409229e-01
1.017453091865850201e+00
9.994194690108343382e-01
9.759687182271150618e-01
9.715445337164630990e-01
9.874233444958073758e-01
9.905115578119916275e-01
1.012633014588606217e+00
9.973056323739210027e-01
1.000534850736935155e+00
9.774294398865295275e-01
1.005966140447622115e+00
1.008319180230906831e+00
1.018344683259849948e+00
1.006741138595735441e+00
9.431395178650400224e-01
9.917536685902249571e-01
1.036585543796288089e+00
9.742547005801085458e-01
9.605490761445293346e-01
9.851405839268375653e-01
1.013643106233101276e+00
1.001881931498086464e+00
1.003837548712183114e+00
9.980778343012786102e-01
9.756556368037568872e-01
9.913172148638496051e-01
1.005002035736077382e+00
1.036100789220232299e+00
9.978937756967350969e-01
9.773929928350254537e-01
9.913034470384550767e-01
1.026764929276689164e+00
9.641530161693901979e-01
1.004816577383296439e+00
1.032023812362955706e+00
9.967153477372713288e-01
1.000045012771958897e+00
1.010976757351276900e+00
9.888745430422974936e-01
9.870575937479892925e-01
1.014258204173860145e+00
9.830592565928079063e-01
1.014066755964677879e+00
9.753534592672380432e-01
9.965240824972274591e-01
1.035656903881329916e+00
9.983375241158015667e-01
9.695127496997174577e-01
1.006932508319413611e+00
1.024068705084758335e+00
9.982347502760224867e-01
9.817384392755732492e-01
9.866772768358471613e-01
1.009470707748632234e+00
9.936421858465629420e-01
1.020674405095632897e+00
9.709368344567760323e-01
9.927687060072855063e-01
9.838889452606712771e-01
9.582192414852565010e-01
1.021451148217706661e+00
9.859944576602504007e-01
9.745428337242015848e-01
1.001434563801739008e+00
1.027645313527521642e+00
1.002785021647058628e+00
1.026581739029705176e+00
9.895610235232439322e-01
9.986253694407616344e-01
1.001006153048592973e+00
9.953421877973460674e-01
9.991859680121430998e-01
1.004286343508892676e+00
1.030402643706576526e+00
1.003719913714956835e+00
9.536314276830787362e-01
9.961572134292673297e-01
9.789505987862101577e-01
9.580823101424014165e-01
9.816632785178472931e-01
9.866706656973858180e-01
9.956810596176263184e-01
9.841146858565898992e-01
9.720238016873014031e-01
9.963485458249743409e-01
9.933341664553375638e-01
9.920865917107261067e-01
9.998221952082387842e-01
9.948084288411558340e-01
9.976346816315134758e-01
9.600373941944945200e-01
9.943183123734670170e-01
1.020448756710459426e+00
1.004025646371801361e+00
9.906615392904005724e-01
1.006560155654624200e+00
1.013122363674639148e+00
9.990820884866311591e-01
1.038724882184331788e+00
1.011182552176580041e+00
1.015998459523073771e+00
9.841174541714485802e-01
1.038885322920221288e+00
9.897329102369989418e-01
9.841380199468025003e-01
1.015944931189890932e+00
9.940492276148047424e-01
1.011455302925379662e+00
9.919744590307025822e-01
1.042939574814596204e+00
9.879033865308178841e-01
1.002486943437628231e+00
9.933128612866514162e-01
1.007596784278776969e+00
1.032618289043987669e+00
1.022930717822474245e+00
1.024281790381005974e+00
1.007435408100064489e+00
1.005904883172453301e+00
9.890174900627853871e-01
1.024159623550185527e+00
9.933293485170998638e-01
1.011771935426397873e+00
9.747803142414250832e-01
9.793650103317618205e-01
1.008769352326667645e+00
1.013110255382595914e+00
9.922508285335002176e-01
1.007775476950294902e+00
9.850352829147379641e-01
9.779624436477447613e-01
9.986157658075603960e-01
9.969123677946079010e-01
9.943115698153073279e-01
1.044036358323120250e+00
1.012151948436200044e+00
9.878713891799194569e-01
9.953559251528167895e-01
9.902033098789672083e-01
1.012786546686184508e+00
9.696692758157633429e-01
1.008875850197671120e+00
1.003947079013443933e+00
9.903895499302922678e-01
9.817881608455023557e-01
1.019104544199990192e+00
9.642800603613214117e-01
9.679371065865440826e-01
1.015205713424145895e+00
9.733075151465151453e-01
9.993700674953152063e-01
9.954223874100210923e-01
9.931038867662000946e-01
1.014865158766369513e+00
1.016874451751780484e+00
9.752813527988387632e-01
9.763341072842270929e-01
1.033675759229229829e+00
1.016566114295193834e+00
9.500561046326118086e-01
9.648241203260899956e-01
9.561470077840663606e-01
1.005315445545592379e+00
1.032334611289631887e+00
1.015933170289083254e+00
1.018049228327100986e+00
9.894640201557453052e-01
9.932660563355938388e-01
1.016276742530085597e+00
9.750386113895850304e-01
1.005054875154058225e+00
9.729898288616575242e-01
9.532912201226269033e-01
1.007980136657967485e+00
1.021911873787572311e+00
1.015006943983727039e+00
1.001284397372350865e+00
9.596119731820332843e-01
9.849914949643504558e-01
9.904427797289369062e-01
1.037738847541747722e+00
9.829334779783530651e-01
9.827039697942664409e-01
1.003022139493602083e+00
1.025423134622906129e+00
9.737350393748639421e-01
9.984672189456624825e-01
1.002524907850420810e+00
1.020413287287171622e+00
1.030478631139985390e+00
9.905028237730892915e-01
9.836488759774799640e-01
1.010835768744906327e+00
9.926165416941953312e-01
9.824601962345436146e-01
9.842276095764604937e-01
9.628479394174452866e-01
1.000821296792759441e+00
9.603103952943422561e-01
9.790457124057472260e-01
1.000401448572859175e+00
1.025352392839463000e+00
9.764671067676021776e-01
9.756011196663911811e-01
1.008562325541555005e+00
1.008074149472817593e+00
9.869032142516125372e-01
1.018569193766928560e+00
9.747296017363914489e-01
1.027800514581463709e+00
1.000822880061033260e+00
1.004511112369110171e+00
9.713505768141255103e-01
9.992539890814394754e-01
9.944877158306190124e-01
9.744294723875716047e-01
1.002024974810253877e+00
9.894230132503815112e-01
9.941678286538039311e-01
9.983240789886664857e-01
9.830257937219812892e-01
1.021422098670932810e+00
1.038071132169850141e+00
1.016744160349838610e+00
1.012849249905979798e+00
9.823531309875762618e-01
1.010769350815929668e+00
1.035645120641724537e+00
9.766909677321055083e-01
9.901877038824438149e-01
9.818887423343364285e-01
1.018698200221091810e+00
9.798121952465110862e-01
1.043992939658677122e+00
9.826366667411028377e-01
9.983066275410746870e-01
9.645996836787401607e-01
9.826718915076509964e-01
9.992599906187881187e-01
9.840603349102498010e-01
1.001027399259656780e+00
9.808605081653133384e-01
9.777648780329906142e-01
9.895994305786723899e-01
9.768861890515386781e-01
9.964630586847433857e-01
9.949294315948915557e-01
1.014059660578009892e+00
9.828538616901315583e-01
1.015950358753178406e+00
9.991292129751024875e-01
9.733704144327069985e-01
1.034081185416430682e+00
9.823791852390968415e-01
1.002062941693656617e+00
1.002653449703295507e+00
1.006826256297686184e+00
1.008425904017455688e+00
1.000681813379446616e+00
1.038042945305964082e+00
9.789835302737358580e-01
1.020767814379424987e+00
1.030326958578032803e+00
9.538928868460270216e-01
1.018378941596425058e+00
1.025961875718940375e+00
1.007669278296587922e+00
1.017628299053320085e+00
1.038833197858673341e+00
9.924632006531618478e-01
9.908919925546246787e-01
9.947153146956686509e-01
9.915584475272926079e-01
1.015220186631837329e+00
9.731062154673868481e-01
9.712378139268651456e-01
9.818231786090313440e-01
1.011666335094898894e+00
9.820613109045286393e-01
9.806743656564687051e-01
1.011116167135053479e+00
1.007235757365353201e+00
9.969472620317333389e-01
1.001968632681485838e+00
1.001665229990641670e+00
1.009586980119113075e+00
9.944237160103157613e-01
9.760683316448747204e-01
9.755930928030468463e-01
9.946553747447925975e-01
9.845107998227660140e-01
1.014518951446067074e+00
9.822032064518366745e-01
1.024356891339816666e+00
9.870333719591493082e-01
1.020226488040119284e+00
1.034885065810321247e+00
9.951605776814826942e-01
1.011143147179418778e+00
1.016425991602638135e+00
9.896969074459082139e-01
9.829607879107908897e-01
1.041199037340508005e+00
1.003334267648370526e+00
1.021804177861727503e+00
9.893869196046903847e-01
1.032117356638205141e+00
9.600382946320646926e-01
1.001638815426546314e+00
1.014699293790752854e+00
1.010354598617601685e+00
1.013699164086074633e+00
1.021955618145164557e+00
9.805577788679396001e-01
9.934252569384628417e-01
1.004648606259044508e+00
1.033990266909650346e+00
9.957759536701762393e-01
1.040164714384994138e+00
1.015928025650514321e+00
9.808954886938047180e-01
1.021060817063544457e+00
9.815450087655560596e-01
1.010077866696897919e+00
9.740287635950733991e-01
1.014475748477194239e+00
1.018425473660661273e+00
1.007338230563825432e+00
1.012824395915469466e+00
1.009672254793472446e+00
9.942075007701087763e-01
1.034331275412264217e+00
1.022047598675477120e+00
9.645645189717855228e-01
1.022863657818477989e+00
9.690795676567408590e-01
1.020363653044503716e+00
1.029134590274760175e+00
9.944526871176772032e-01
1.009116595198765509e+00
1.001758871561255537e+00
1.016822334876910983e+00
9.893274691489459816e-01
1.002250150582365107e+00
1.045686011457710896e+00
9.851618848785926863e-01
9.966333143994743349e-01
9.973000802904760098e-01
1.011272377850662041e+00
9.931168634298107589e-01
1.043813414106419701e+00
9.969835598739159588e-01
1.016287666307914783e+00
9.652197030011704371e-01
9.975829845807803187e-01
1.015000710576222209e+00
9.953991503680199582e-01
1.018399003684141935e+00
9.761597403255067862e-01
1.002235882498427433e+00
1.042701365796236512e+00
1.000722269897331485e+00
9.804920833776846756e-01
9.690125929394445281e-01
9.983344726811966829e-01
9.812093448485836866e-01
1.004597093277578734e+00
9.915082952905722724e-01
1.022205818979544878e+00
9.931061333855637496e-01
1.024220276984599165e+00
1.007853963076365211e+00
9.768115745641241521e-01
9.852928710497160791e-01
9.794561102542967967e-01
1.012662360967197861e+00
9.916821373080149105e-01
1.021076577251216699e+00
9.991197075271236461e-01
9.852780090766747323e-01
1.007498280235052057e+00
1.016053133871389846e+00
1.026086986493736752e+00
1.013842118059622432e+00
9.894410105436154401e-01
1.009316589960165711e+00
1.015192959715621068e+00
1.025653446822067272e+00
9.889049539055305704e-01
1.037017063970833375e+00
1.038811110198475163e+00
9.764835821296078411e-01
1.002961915437696305e+00
9.866720350844127019e-01
9.937770390722286962e-01
9.818134027776362904e-01
1.008454144816464781e+00
1.000403482049720516e+00
1.043116909341091469e+00
1.023052404343101962e+00
1.010701631624657093e+00
9.852151999206546495e-01
1.012316706616442019e+00
9.702743160776114983e-01
1.008972563217723106e+00
1.037618120520931830e+00
9.976111515254761919e-01
1.005375874493388944e+00
9.710887473788630819e-01
9.879726570733582403e-01
9.949375484920010004e-01
9.870363355415429085e-01
9.751393936805796692e-01
9.812045498388020093e-01
9.893453082588178349e-01
1.008572381486141145e+00
1.032924843519325453e+00
9.967688496630302541e-01
1.021983741255947153e+00
1.001561743751185007e+00
9.781442195465184231e-01
9.817601210292662417e-01
9.927333817677501671e-01
1.023804622218087212e+00
9.680575905781182433e-01
1.015030821151091445e+00
1.032703271983723470e+00
1.011842463524385005e+00
1.001245593290107871e+00
9.898812485357458835e-01
9.986087893922708236e-01
9.632943721234061840e-01
1.028837116628736892e+00
9.901571074693279462e-01
1.011885230018427340e+00
9.988682441492851005e-01
9.947800784815183928e-01
1.004759774635491709e+00
9.949048989669841969e-01
9.739672119953243223e-01
1.000043219366566705e+00
1.018430244468881085e+00
1.015894091481890360e+00
1.005690962827741064e+00
1.013705737408410634e+00
1.014795918746396186e+00
9.820841749929611897e-01
1.011207382687721035e+00
1.020018918998113922e+00
9.696902153730164731e-01
1.010043354017535311e+00
1.016664410047984690e+00
1.030026020178389734e+00
1.001421070110867673e+00
9.768656942203348681e-01
9.885363963511943908e-01
1.004015222352763859e+00
1.009028139036178162e+00
9.899477212383235303e-01
9.724067370019280343e-01
9.674639874366085524e-01
9.944819242076773369e-01
9.972185312245585020e-01
9.919286960141929788e-01
1.012816889939912812e+00
9.822264625761336632e-01
1.000664691357237013e+00
1.059892856706069253e+00
1.015952386090854809e+00
1.011122613986805252e+00
1.006345648651821856e+00
1.030982594272532138e+00
1.029524315855535388e+00
1.032889111114442038e+00
1.044900707812594032e+00
9.699361489388258484e-01
9.641521173631828479e-01
9.900180145439052559e-01
9.862219938130314389e-01
1.000850314100563576e+00
1.020352503819755396e+00
9.795499807811687276e-01
1.001589828588207443e+00
9.908984756368786062e-01
9.952367716673661269e-01
9.590395595002196849e-01
1.011156808930308459e+00
9.701191400915434304e-01
9.728357565724031764e-01
9.638251389829515237e-01
1.010853750535816831e+00
1.003486504198654261e+00
1.005306506038647685e+00
9.705867596578148238e-01
1.004241800675346186e+00
9.917963936634944799e-01
1.017796376968687744e+00
9.819268864276331499e-01
1.006492356698923452e+00
9.843944488045133223e-01
9.968421521729359247e-01
9.898855734424549802e-01
1.020250831049243301e+00
1.007465899307230517e+00
9.919361990332037360e-01
1.018508946895354095e+00
9.504807305233159420e-01
9.758067603364711795e-01
1.007478261109172379e+00
9.842256769371530156e-01
1.031870697173465246e+00
9.749903503757476608e-01
9.989112873117177438e-01
9.960487670258821868e-01
9.713289530525764937e-01
1.002915085008913021e+00
9.908964261761951109e-01
9.850983090672570386e-01
1.015343828021044059e+00
1.022314090462338454e+00
9.809739116257848446e-01
1.000148225326348950e+00
1.013462894389003610e+00
1.026150203648613424e+00
9.803000002647733746e-01
1.008066771807573314e+00
