# data in one-minute intervals
1.002585115664884841e+00
9.891510396507009473e-01
9.752853910734002874e-01
9.945414279870822272e-01
9.861793166740655536e-01
9.825605794192844300e-01
9.848402470898226513e-01
9.976765349562272123e-01
1.010066412493846766e+00
1.000856346129494590e+00
1.003512548006269212e+00
9.993496302629522043e-01
1.003628575820507685e+00
1.001127501045704360e+00
1.016202350581174363e+00
9.827663680487396247e-01
1.009779631420855806e+00
1.008510104991234391e+00
9.905778208206799107e-01
9.877048684984619520e-01
1.000878738315924332e+00
1.002399790284076442e+00
1.015381190479857754e+00
1.000538596543853131e+00
1.007525778411399786e+00
1.009548349800021949e+00
1.004844358363973456e+00
9.956287449494936048e-01
9.897637584557990031e-01
9.976977133739597381e-01
1.005158833596555779e+00
1.002514137502120928e+00
1.009610247718726539e+00
9.952934026421274005e-01
1.004216487597061613e+00
9.997439880583800509e-01
9.880236688256310851e-01
1.000071784172280598e+00
9.929322573714670641e-01
1.012332992644263907e+00
1.006085713195643550e+00
9.995335316115404600e-01
9.982187479491526627e-01
1.006595724590465313e+00
1.012068820929956869e+00
1.003985896104569564e+00
9.997389329580538275e-01
1.011449777348272461e+00
9.925121422627337653e-01
1.009976531552235990e+00
9.946234973122410894e-01
1.004776630146328564e+00
1.005595301282050213e+00
1.001336003631032368e+00
9.940662325995284210e-01
1.021046563705955368e+00
9.828805661756232492e-01
9.828940088304578548e-01
9.952615621114753175e-01
9.922840829527697082e-01
9.973856931412161675e-01
9.828702327599045940e-01
9.908663504397841049e-01
9.819486436940356722e-01
9.967586703850560559e-01
1.002013973225770238e+00
9.991687698710414178e-01
1.001423784451607846e+00
1.011621621085723399e+00
1.021803211647722476e+00
9.951819391393040837e-01
1.002893401851662203e+00
9.961981501631833602e-01
9.936349940976849648e-01
9.927622203244739207e-01
1.006786774839109944e+00
1.007034824276736185e+00
1.009246788177190046e+00
1.004675255800755229e+00
9.977636639521739736e-01
1.005345657662251924e+00
1.002157874187271647e+00
9.963810258359748762e-01
1.000195422426478409e+00
1.013982483609067620e+00
9.944603100813671492e-01
1.004420155173861628e+00
1.012246989751786730e+00
1.006242678446775729e+00
9.926251150759903830e-01
9.903069797512891181e-01
9.995308046972060101e-01
9.967994036699530103e-01
9.896531359110261050e-01
9.872157340341316534e-01
9.861415181162408450e-01
1.007875341442338035e+00
1.013415784403388864e+00
9.892309661672766818e-01
1.002348135760521508e+00
9.959593349996155309e-01
9.995326337723876575e-01
1.004416056692958525e+00
9.986719428754442518e-01
1.000222895764414588e+00
1.009683860277228451e+00
1.001513057699127796e+00
9.973042126939742902e-01
1.008997541754962368e+00
9.976136819722274396e-01
9.877332476065986411e-01
9.860797249652114571e-01
9.958125793326531028e-01
9.943986156201672921e-01
1.010091960762189656e+00
9.993295302365629018e-01
9.797234991172381058e-01
9.955447376215584843e-01
1.003059337703406051e+00
1.003232966422561878e+00
9.927270257271015863e-01
1.008692471518167766e+00
1.011427835802335196e+00
1.017855502070806661e+00
1.005167043871482591e+00
9.914225240811758155e-01
1.023502009444119176e+00
1.015943853643913597e+00
9.848601979096242021e-01
1.006397110953666019e+00
1.009900767557768031e+00
9.945740421456656932e-01
9.916788752763632253e-01
1.005626566706742331e+00
9.903821212208637759e-01
1.006005025244007811e+00
9.985675803224406399e-01
1.011917265018745127e+00
1.010432096469884300e+00
1.001089091825670963e+00
1.001281571683768190e+00
9.887198337129061709e-01
9.890257733411389474e-01
9.901393058256260371e-01
9.856430704965918332e-01
9.928877560333422281e-01
9.896050040917971913e-01
9.869340276643338017e-01
1.000817933530042891e+00
9.922327480901118602e-01
1.003002207968812121e+00
9.980472101624460191e-01
9.987243969934698207e-01
9.872821056047967891e-01
9.997308260924923085e-01
1.025194207565038651e+00
1.015788027749141786e+00
1.017589089414963066e+00
1.001833113873946246e+00
1.004209508089977332e+00
1.006100169819148737e+00
9.939253087074044757e-01
9.912414666360753746e-01
1.021450412028033217e+00
1.002080612788544434e+00
1.000484716511301553e+00
9.841683122100358672e-01
1.000229840041596985e+00
9.927348544407060826e-01
9.908622457384491655e-01
9.901041397487836404e-01
1.020958781227846002e+00
1.006369699834536613e+00
9.882525863401592225e-01
1.010139162402371449e+00
9.927595412580879630e-01
9.980849464636317725e-01
1.002016173945913247e+00
9.945266652048218026e-01
9.939940744491932989e-01
9.902355300015277528e-01
9.922645027299927811e-01
9.929646124021156428e-01
1.018373903019762494e+00
9.902514634288686057e-01
9.815946006541373947e-01
9.930645134390519990e-01
9.974430730959968905e-01
1.013733129226759289e+00
9.824552534988083563e-01
9.955953236190617783e-01
9.802148341732792591e-01
9.958068768943655336e-01
1.004802039427474813e+00
9.860648460469296772e-01
1.018952241580304507e+00
1.003065994027992680e+00
1.015831331129248172e+00
1.000465281942900519e+00
1.011401618357515630e+00
9.817230626719549713e-01
1.005115722974031733e+00
1.002215667377519770e+00
1.001991450724689203e+00
1.005834797320052543e+00
9.850472985572402695e-01
1.012250999918303140e+00
9.860230044180544606e-01
9.962464584895338593e-01
9.942098326033560474e-01
9.883386820845337928e-01
1.001848936039804627e+00
9.998590664914824844e-01
9.924486387665893972e-01
9.832946995376973254e-01
9.989369745188836358e-01
9.873085516700983444e-01
9.969274899518766331e-01
1.006817881059874908e+00
1.012032763036430083e+00
9.958386460091853687e-01
9.985310533516893461e-01
1.002075515129825289e+00
9.940180898030857026e-01
1.000158361452755162e+00
1.007045891858596720e+00
9.866684822822762158e-01
1.006311213590971532e+00
1.010649005410302337e+00
1.000733795353805355e+00
9.932589267303785219e-01
9.899276493289277390e-01
9.930243055954425246e-01
9.856651537760406923e-01
1.003569728007210005e+00
1.000825019341762712e+00
1.005622474925142340e+00
9.931890559629471538e-01
1.002777800247199425e+00
1.006054667497127575e+00
9.973177180620815818e-01
1.007151843674818581e+00
9.900169611174258755e-01
9.987311444982094333e-01
1.000369871491838758e+00
1.015763764308675654e+00
9.996117288414300139e-01
1.000184275563864134e+00
9.960769345723803347e-01
9.982166412340865991e-01
1.000494211278084355e+00
9.978071328405704321e-01
9.919764700801125823e-01
1.011290852335375856e+00
1.010847291343386356e+00
9.976021855691206142e-01
1.001509680571363692e+00
1.009663742536362818e+00
9.996665282942076569e-01
9.901723319215455232e-01
9.886574197937709751e-01
1.013888414292649198e+00
9.991181040954669745e-01
1.004892543323367304e+00
9.910633428801077782e-01
9.843102337514918476e-01
1.010597966674677162e+00
9.978478625041642402e-01
1.004937523906590524e+00
1.004408475300492709e+00
1.008251425692607395e+00
1.013547105518093572e+00
9.833314778915189791e-01
1.002907546194944599e+00
9.912332414403034475e-01
9.973098779473512643e-01
9.904510744093859564e-01
9.990219032097772400e-01
9.993641245542181917e-01
9.836111386347315966e-01
1.001564069098616949e+00
1.015294548542360120e+00
9.875444944379677681e-01
1.002397268254531904e+00
1.013746196852858272e+00
9.964428570779120253e-01
9.973037801241090294e-01
9.754503667238785258e-01
1.014987465164596259e+00
1.004861237970708920e+00
1.003956176658405308e+00
9.917364455494405151e-01
9.957821107370893321e-01
9.787707733374786390e-01
9.985714178710476396e-01
1.002248205323624353e+00
9.867835449049651153e-01
1.016669621830571968e+00
9.926281451117821009e-01
1.005428004390081176e+00
1.011766012068551879e+00
9.834279111563350995e-01
9.906097010247149059e-01
9.830497448788960702e-01
9.889797112051100791e-01
9.978761792379089446e-01
1.006547711245333376e+00
9.991402152849894192e-01
9.886635984113966158e-01
9.964129871587686926e-01
1.003330167393803984e+00
1.000603673755524392e+00
9.982952501892866648e-01
9.949498647696577436e-01
1.010175979604362784e+00
1.010233181326757324e+00
9.977207347988581443e-01
1.006782393075285942e+00
9.945269220674484156e-01
9.817973083825156655e-01
9.971524600746284328e-01
1.000245980557433301e+00
9.916225510063267912e-01
9.877158115164671459e-01
1.013963226221349379e+00
1.015894095138616171e+00
1.004083598243150188e+00
1.010896973466309801e+00
9.922924575829279448e-01
1.014323323587516867e+00
9.996176107576260073e-01
1.002564473336199136e+00
9.952365322498357703e-01
9.985533235148164044e-01
1.007142464055673425e+00
9.971101162742347368e-01
9.940465580093457154e-01
1.015556372153981091e+00
9.943342747715928631e-01
9.826702800314014441e-01
9.963018824533840245e-01
1.009648999348885967e+00
1.010460819350130768e+00
1.007972217911251578e+00
1.014673579978505158e+00
1.016179005258239787e+00
9.963627547808853180e-01
9.948106038103886606e-01
9.979526111932134347e-01
1.001819618092975039e+00
1.017485796013580357e+00
9.999999917228080681e-01
1.018207896926836442e+00
1.010447669336966392e+00
1.003818276155497680e+00
9.943614454747338183e-01
9.842255956993340993e-01
1.004573063083532780e+00
1.007679704106435592e+00
1.003716781427363092e+00
1.000938428732232932e+00
1.000944654154166669e+00
1.003745170224415784e+00
9.931923894251234453e-01
9.892372932577532252e-01
1.015789466412161834e+00
9.925823889121588861e-01
9.986486896463786511e-01
1.013668722032953218e+00
9.981162511256393977e-01
9.932200865013426361e-01
9.735696980422039459e-01
9.916376766971654044e-01
1.008803994252171154e+00
1.006874056017568853e+00
9.970737413589367826e-01
9.846228040582187813e-01
9.793583542101215178e-01
9.920380294389956610e-01
9.967794258773804428e-01
1.000550119126223825e+00
1.016307932342459086e+00
1.028808677963608753e+00
1.010840775428107685e+00
1.009399525728183367e+00
9.861699624313857715e-01
9.993316719461472486e-01
1.025590678068238226e+00
9.979113233342694622e-01
9.936622810829773833e-01
9.916546946125250894e-01
1.022529123422463826e+00
1.002501927762983636e+00
9.856286585957315660e-01
1.014111370547476909e+00
9.997545729629636613e-01
9.985979841823310332e-01
9.959156103052358988e-01
9.829295288548993703e-01
9.922727667322149836e-01
9.956899142676197689e-01
1.012421739378563501e+00
1.001175671826693980e+00
1.020761204232646602e+00
1.007550358065102181e+00
1.002260424362392044e+00
9.938427836095756751e-01
9.983653239478369468e-01
1.009174762516536372e+00
1.007792839721601830e+00
1.024444625688900601e+00
1.009981826811422678e+00
1.009128215048797905e+00
9.801791073262088316e-01
1.023463151410548555e+00
1.006003982090601268e+00
9.975349035708076517e-01
1.009998191360878650e+00
1.002997574730304153e+00
9.932475009704635482e-01
9.929523456040343365e-01
1.008195649386476100e+00
9.994672471166439198e-01
9.799720990343446791e-01
1.011402909977294984e+00
1.008326284054404498e+00
1.002559073375586918e+00
1.005544589192566285e+00
1.008957223503978318e+00
1.003121566377837004e+00
1.002599406061529530e+00
1.000180329063373064e+00
9.800657831129048203e-01
1.010187772893192504e+00
1.000198350736041464e+00
1.004395097537410075e+00
1.012879914614278842e+00
9.934165356821211823e-01
1.007376421496323005e+00
1.012248846030874283e+00
9.953054343360915324e-01
9.900373692634113487e-01
1.004819686646694743e+00
1.009419927610363699e+00
1.006802323090396412e+00
1.011547762023476293e+00
1.011501800019066533e+00
1.007058771196158720e+00
9.942750643797365617e-01
1.023527107667068448e+00
9.963786250086724694e-01
9.839848795308813179e-01
9.954784378828002156e-01
9.855092214270841922e-01
1.014580260581962046e+00
9.830250132612745606e-01
1.002918156048480780e+00
9.921347405143547959e-01
9.991007796579922662e-01
1.010461683304249458e+00
9.972191338280793627e-01
1.004116873041661639e+00
1.007238545845888789e+00
9.987915010850346720e-01
1.012505375437081856e+00
9.948887090148023082e-01
9.954788570311069451e-01
9.942139980574080660e-01
9.825228728003702061e-01
1.000358046495445352e+00
1.009292614725581183e+00
1.000559115427874790e+00
9.965493413106549792e-01
9.864547678457965540e-01
9.978307440119364990e-01
1.007875637794295898e+00
1.002440343311221893e+00
1.013717981258515533e+00
9.900889494297040461e-01
9.976290282953631516e-01
1.007354641769592662e+00
9.992180087628483864e-01
1.005070090648902736e+00
1.006910515944213769e+00
9.922995033158402700e-01
1.006203754186696386e+00
9.905916545821217278e-01
9.988957366620500045e-01
9.970045056896588154e-01
1.003760606114663778e+00
9.941407897569483065e-01
1.001267410773746480e+00
9.922833731032174587e-01
9.905596290383358316e-01
9.983739561396489659e-01
9.987529683028395500e-01
9.940677838529982102e-01
1.002337226926253155e+00
9.972963175317692830e-01
1.012718376996373904e+00
1.004766006598091677e+00
9.981172083062836986e-01
9.841465992163110910e-01
9.944745977794077207e-01
1.003100409175761820e+00
1.002519432705146984e+00
1.008768841464215527e+00
1.017779874730611711e+00
9.990572682224398982e-01
1.004555480946954127e+00
1.003893646740776857e+00
9.982693519145884320e-01
1.000676335683881035e+00
1.014379258487389412e+00
9.881545207590998192e-01
9.988858041857010539e-01
1.020817096244698075e+00
9.875571836271977988e-01
9.913602587126839616e-01
1.014077797526096836e+00
1.021194469819006745e+00
1.003396939788977038e+00
1.005386907738228031e+00
1.003667518531325742e+00
1.006892280132243300e+00
1.010801156058607653e+00
9.907834786346928491e-01
1.015808068950933230e+00
9.872957845658849596e-01
9.999283850689026920e-01
1.005453403602293516e+00
9.977170280233379485e-01
1.007668447486358199e+00
9.939220324453005295e-01
9.986991514123372271e-01
9.964737315402297790e-01
9.845095543013284711e-01
9.822118134808431877e-01
1.024566575964231951e+00
9.992256951342225468e-01
1.008012025092289266e+00
9.964244084548606883e-01
9.892870893544859490e-01
9.897970200414660802e-01
1.002826176679745718e+00
1.010440177181355148e+00
1.003854438136384308e+00
9.933910773962520979e-01
1.010407988521659695e+00
1.001582624286628587e+00
9.774283086010441268e-01
9.974145994136279780e-01
9.776572270686002541e-01
1.010597646846056907e+00
9.747374405685819143e-01
1.029711402577511592e+00
9.970128963417035362e-01
9.987214260698802359e-01
1.002979993314740081e+00
9.883375343451895612e-01
1.002794390838797955e+00
1.001693108427224033e+00
9.906443903149850794e-01
9.794725004930751044e-01
9.839632831801318202e-01
9.952725960374778635e-01
9.849986203702835175e-01
1.004415155566671602e+00
1.008102839902927927e+00
1.000267294465447820e+00
9.877233366103843615e-01
9.881344587927540779e-01
9.882669136237287599e-01
1.006207817646262326e+00
1.007285448701937147e+00
1.015663843463346039e+00
9.874935248995924120e-01
9.927131722613491416e-01
1.002190553780257343e+00
9.865348415503029100e-01
1.004572408194771560e+00
9.941977429156639845e-01
1.006725542799300266e+00
9.999232925411889461e-01
9.979651023700064627e-01
1.016879978506245674e+00
9.917053991766624499e-01
9.938085421345136394e-01
1.003335136267271555e+00
9.958854924921316520e-01
9.915236645549339034e-01
1.014848997664761665e+00
1.002558785585184076e+00
9.815280544643774086e-01
9.799651964148908823e-01
9.896373635584934103e-01
1.002974518363682899e+00
9.995136074209751698e-01
9.987627585485499004e-01
1.008360981630725961e+00
1.010147043693354174e+00
9.978497551910534558e-01
9.969957420468100739e-01
9.923100424771362782e-01
1.004176216048651371e+00
1.002553392682710376e+00
9.836299849719232213e-01
9.985086810617677111e-01
1.024356350988219200e+00
9.878533474534715308e-01
1.004627173274277752e+00
1.000075536265382592e+00
1.012903094469214338e+00
9.959024624622084820e-01
1.010982209140435240e+00
1.008653237254586221e+00
9.975937402168857382e-01
1.019143914266390505e+00
1.008613910972083083e+00
9.973565317742223435e-01
1.002915248369182333e+00
1.010310506571393319e+00
1.009670147025641729e+00
1.000117872226009785e+00
9.910238276275348257e-01
1.008128942534395778e+00
9.825594541170233898e-01
9.909254425964384438e-01
1.004043149724981765e+00
9.781935178494405303e-01
1.009334411442294854e+00
9.950505952551134126e-01
9.929888589961551881e-01
9.957481233576903623e-01
1.003038034447963689e+00
1.000427777511613048e+00
1.004512328356375050e+00
1.004277368145885196e+00
9.819444720495315027e-01
9.976765722475137155e-01
1.000123446643041980e+00
1.001293517792436027e+00
1.007574300435915893e+00
9.969473699663223831e-01
1.015919757205955509e+00
1.009638000297433891e+00
9.955247252641261646e-01
9.896761488927451333e-01
9.933204169824084717e-01
9.931004064347344062e-01
9.988842324960065522e-01
1.001730172548953579e+00
9.967228489778736655e-01
9.945665856651170200e-01
9.972040307646844459e-01
9.966227891240136971e-01
9.932884812902056382e-01
1.019990270728233339e+00
9.957747847476873249e-01
1.017719128369214854e+00
1.000698064687721045e+00
1.015178400292171323e+00
1.005693387856998466e+00
1.010459087871532047e+00
9.945829478233484400e-01
1.005042308697038367e+00
9.841012701663948148e-01
9.753429351159973448e-01
1.007064983869865316e+00
1.005877260902965142e+00
1.000349835002015464e+00
1.006283650696581988e+00
9.742972451386516797e-01
1.014888547621468629e+00
1.003468846147718807e+00
1.000888268307919438e+00
1.000201611023830983e+00
9.866509614005912754e-01
9.826889924510461283e-01
1.006173246952510647e+00
1.003364854508050907e+00
1.019534824294917819e+00
9.986451869153235572e-01
1.010620280226524059e+00
1.013292094048188208e+00
9.887092280840791281e-01
1.006327003231749062e+00
1.010890737499082315e+00
9.773575234066628203e-01
9.986855149038984525e-01
9.954155434967847382e-01
1.001287873089428571e+00
1.004259182387657212e+00
9.968084651254212059e-01
1.001714398223067626e+00
1.000363627620456386e+00
1.000907456295259124e+00
1.002937713959076715e+00
1.010690805183715790e+00
9.818768263838074661e-01
9.875994163741553811e-01
9.953692241409453079e-01
9.983032403410090350e-01
9.929743756894331419e-01
1.006848003576080064e+00
1.002671612913356158e+00
9.757902451539058886e-01
9.933365551352577594e-01
1.007969018679074846e+00
9.986561527196416987e-01
1.001737313117537109e+00
1.004964588666279690e+00
9.993597457977170251e-01
1.008445171430761178e+00
9.975599800330523514e-01
1.011330383694069024e+00
1.002783232952547676e+00
9.950156252205053509e-01
9.920837336332227752e-01
1.010335253406886791e+00
9.972472048976520620e-01
9.882846845232902133e-01
9.963917241561224269e-01
1.000214817019750679e+00
9.963960001385826493e-01
9.909106192272899571e-01
9.912211531460808356e-01
1.001935449810793299e+00
1.005410783551096365e+00
1.022182940773787685e+00
9.992865883712317432e-01
9.924740593504030040e-01
9.875099798623399039e-01
1.006322256428025641e+00
1.007403168293739881e+00
9.960080636284944777e-01
1.011543413429146554e+00
1.000677816140994603e+00
1.000767301687778499e+00
9.810764875603285029e-01
9.924773544127849512e-01
1.020316835041341408e+00
9.977078186803273185e-01
9.851523388464977771e-01
9.955322420126251348e-01
1.006872254838558689e+00
9.966572409087958162e-01
9.921859069305901668e-01
9.942190049054192569e-01
1.001838533600574843e+00
1.009851453053181469e+00
9.886082695676681187e-01
1.004079507297998886e+00
1.021093932837954910e+00
1.011116905186395964e+00
9.837795522964809525e-01
9.890730623063315186e-01
9.837468827736721710e-01
9.923763345188856277e-01
9.970518312188195731e-01
9.992576409450643071e-01
1.015578611816834398e+00
1.007761645639558612e+00
1.008087731849297786e+00
1.004219634170693043e+00
1.007324377453872710e+00
9.895772678135831280e-01
1.005190660800320934e+00
9.926406398287012101e-01
1.020363939960815536e+00
1.007718079843703540e+00
1.017483125836085467e+00
9.844029807226863937e-01
9.972740860328757062e-01
9.876997373853043660e-01
9.804424782019435236e-01
1.013706654511584038e+00
9.962344757985135413e-01
9.851538542278713839e-01
1.015817479050162842e+00
9.977187622039005443e-01
9.993011928542833155e-01
1.009347557102673765e+00
9.847444345586532366e-01
9.890137024591447723e-01
9.937159899546773589e-01
9.926356179232506127e-01
1.007052682503199792e+00
1.007614993672844239e+00
9.950525722264541573e-01
1.006804478320493246e+00
1.003565559878571989e+00
9.993590513941774667e-01
1.008338168651738531e+00
9.890927032714330602e-01
9.884858603004621491e-01
1.000691250495626461e+00
9.916274114554353147e-01
9.892494492411744167e-01
1.013358863791768316e+00
9.975544965649222329e-01
1.010591516489892205e+00
9.901055454126179711e-01
1.024104149564360799e+00
9.954873437361753119e-01
1.012546046806962030e+00
9.851527026547803878e-01
1.017153978767398215e+00
1.000000592864602522e+00
1.007598529077827765e+00
9.981719049589490300e-01
9.910080871529186597e-01
9.900615302957125330e-01
1.005645825714053032e+00
1.006097092868178278e+00
1.007394853366853527e+00
9.937851482023392080e-01
9.821258635412660754e-01
1.000851774224687851e+00
9.804937150829049486e-01
9.985380693060978974e-01
1.003370525121931367e+00
1.005388584539738117e+00
9.831794260133664975e-01
9.960323569423339407e-01
1.000581654623906358e+00
1.004246960665702959e+00
1.002007521444088889e+00
1.004239945915999632e+00
1.008719913813818314e+00
1.001899686359007724e+00
1.019429422655412365e+00
1.005329173843284130e+00
9.897373844951439237e-01
9.818564291358191642e-01
1.005046301467590109e+00
1.003089680019757957e+00
1.015307074335160431e+00
1.007631338316691938e+00
9.958132190309796350e-01
1.008882286349572110e+00
1.011897302497411166e+00
9.980317722178495554e-01
1.007070523960636121e+00
1.001265655166083235e+00
9.913114955032977793e-01
1.005025736150147120e+00
1.010890913230243049e+00
9.811008018382216811e-01
9.943777129465163345e-01
1.004822117737117271e+00
1.006647791925714408e+00
9.893684451373949695e-01
9.986362088573604856e-01
1.012563494531590891e+00
9.903463170376333169e-01
1.004824439719973705e+00
9.972819384668426546e-01
1.008503051297951147e+00
9.999354157118675035e-01
9.864587723338460457e-01
1.012389381972504054e+00
1.014051724104125585e+00
9.967314812284523429e-01
1.006993806872799713e+00
1.000287602738061610e+00
1.004199642329175912e+00
9.827876553752906696e-01
1.009896933720481060e+00
9.919776903507866450e-01
1.008277791363520359e+00
1.003673111260217743e+00
1.008654805488627293e+00
9.855450776220719966e-01
9.927242656513003416e-01
9.954155969325064746e-01
9.982312243697374354e-01
9.979539986320024036e-01
9.966852804875933058e-01
1.002317559727911034e+00
9.990113295526059645e-01
9.916066878827787257e-01
9.960582267400073242e-01
9.965576965381566232e-01
9.987632777944840390e-01
9.906555552451783431e-01
1.006133252358211827e+00
9.929587670060801008e-01
1.007735692927348436e+00
1.023726790607111470e+00
1.012815014155680426e+00
9.910920112665730919e-01
1.006489508996209814e+00
9.713819377503731811e-01
9.823730185150733041e-01
9.958713571928941022e-01
9.984411675592267388e-01
1.002199806499634693e+00
1.009169362070209797e+00
1.000989014621887163e+00
9.880356791216503565e-01
9.917648106073571057e-01
1.015050395102065073e+00
1.000339875093870790e+00
1.004712987009911407e+00
9.968742559970503736e-01
1.006596037162250878e+00
1.003919143895672939e+00
1.004794783590831297e+00
9.897685200454180432e-01
1.001708912207907920e+00
9.918992708183544948e-01
9.960808746928715429e-01
9.969482087756720290e-01
1.004432427291110264e+00
9.897590565012115427e-01
9.866316887008291792e-01
9.890029183671866786e-01
9.981134463003072943e-01
1.007270550563634792e+00
1.013096848119366067e+00
9.924927844352562367e-01
9.875366378836187842e-01
9.922822711859876632e-01
1.003450753412580498e+00
1.001756975136793404e+00
1.002470613271546185e+00
9.980630225258849686e-01
1.006856526794003281e+00
1.009019584108155509e+00
1.012724681574606045e+00
9.896890300090582793e-01
9.987860614716171925e-01
9.919098487054129887e-01
9.939411975002153676e-01
9.926657366355879919e-01
1.014465046718777463e+00
9.925395114655414242e-01
9.926008027059364247e-01
1.010394651365801755e+00
9.958696389544424710e-01
9.990107147915553432e-01
9.941724509569916934e-01
1.005400288017353372e+00
9.868836617437036773e-01
1.005924772247746013e+00
1.001077896705411696e+00
1.003115308372529269e+00
1.000326063481459027e+00
9.879371793501992016e-01
9.911482430637029717e-01
1.013680266270220898e+00
9.943572311258198626e-01
1.000211970525251903e+00
9.978811610201124838e-01
9.930427676991853136e-01
9.916030356199150297e-01
1.001434497074495056e+00
9.939392633079592310e-01
9.870626572557283929e-01
1.005829324425803417e+00
1.016291647604212534e+00
1.003944315234250650e+00
1.002592552510864321e+00
1.006163705709150147e+00
1.000896170555252152e+00
9.938237461703567366e-01
9.990451179957924310e-01
9.877563524139236772e-01
1.006135583274249123e+00
1.003966810502308959e+00
1.004739795951477443e+00
9.847166821583885898e-01
1.000366602755013767e+00
9.752466617421390316e-01
9.824008961150410002e-01
9.962924284629586236e-01
1.015649191235746152e+00
9.948043203614660435e-01
1.018616798455638905e+00
1.007871423961178348e+00
9.864015338623405293e-01
9.943038995143166359e-01
9.945337740684385697e-01
9.820135773156244419e-01
1.014136481259519496e+00
1.018266019308387227e+00
1.005209851280804978e+00
9.898129804807981325e-01
9.951252700452876132e-01
1.009861952902282756e+00
1.003907485844008018e+00
9.884936113648397082e-01
9.854641223898128466e-01
1.002506982837875427e+00
1.002180032358356954e+00
9.788589987805005332e-01
9.978881132811120436e-01
9.769179585058298532e-01
1.000902740105647393e+00
1.010812053588552306e+00
9.946184456102483695e-01
9.966695844447878150e-01
9.887054259781101750e-01
9.938754016287025816e-01
1.000003104683105715e+00
1.006523320454541626e+00
1.015022901180442139e+00
1.004061586065375655e+00
9.977861704377626317e-01
9.945747414363376171e-01
1.003607890762130195e+00
1.011170381298404530e+00
1.000569058823395308e+00
1.011273945492622728e+00
1.005501892818564169e+00
9.964383337761286707e-01
9.877030253790985981e-01
1.002816821674370695e+00
1.003673629322600958e+00
9.835022514290209239e-01
1.012846897318951944e+00
1.022539240991970910e+00
9.950596065502799181e-01
9.961661519238597107e-01
1.003419597940466534e+00
1.000851650184135133e+00
9.838368979847277318e-01
9.891280429081386050e-01
9.845103399035086689e-01
9.855958488453103739e-01
9.955200900952415610e-01
1.003180295601315164e+00
1.003920860462511833e+00
1.014099013655658910e+00
1.001825834103438950e+00
9.989020690132883740e-01
9.900650514371091004e-01
1.006383519769108670e+00
9.912590445914319925e-01
1.009446693279325125e+00
9.838585829040703556e-01
1.012698040321406090e+00
1.007506475448721295e+00
9.900378168199067686e-01
9.829168433560327989e-01
9.897900057272792651e-01
1.009098576003204739e+00
9.974881617182014271e-01
1.007318791720644535e+00
9.928620221526827105e-01
1.001963600095829188e+00
1.002029027155336482e+00
1.009242769693501574e+00
1.008826696941303114e+00
1.007162456468507994e+00
1.013473713444558166e+00
1.002986607514305684e+00
9.977546275625959193e-01
9.921087632821917746e-01
9.886235959692992736e-01
1.003908372365291957e+00
1.007998804079268229e+00
1.007188197023804577e+00
9.959942012366910236e-01
9.857326902745520147e-01
9.914293106625591268e-01
1.012211979242848114e+00
1.004520772055418787e+00
9.975010047625346710e-01
1.000285504864369068e+00
1.004495842204591982e+00
9.969632954353268017e-01
1.002622272114122248e+00
1.012246121305919955e+00
9.942365973132921697e-01
9.970363317574182371e-01
9.910889190085461209e-01
1.015871945077398308e+00
9.821217156504286061e-01
9.886870856962983733e-01
1.010118177491147629e+00
9.939589382122627770e-01
1.009722684780246738e+00
1.005851695242475641e+00
9.972264872149397830e-01
1.017644543799108847e+00
9.921845571994473145e-01
9.925805897790624943e-01
9.884935976146128622e-01
9.987509782381179813e-01
1.002308395549659448e+00
1.010922289728466650e+00
1.000672968944001040e+00
1.001718476579791073e+00
9.873872714325231392e-01
1.020040850326028536e+00
9.834923157646368042e-01
1.013539705038579486e+00
9.932480368973318763e-01
9.933979906402434779e-01
1.001897111278403196e+00
9.832598257496218963e-01
1.000656023377997972e+00
9.797521562734036182e-01
1.005455351552798637e+00
9.909995612159080425e-01
9.817306129414150595e-01
1.011691659296718449e+00
1.012230824165284648e+00
9.950167615497496065e-01
1.002241166758267132e+00
1.004275049843068812e+00
1.003809086700095277e+00
1.004489280922721273e+00
9.976988369177576255e-01
1.008273641893568939e+00
9.845535698200887920e-01
1.002702019457979654e+00
1.000690353849346348e+00
9.850764452002245264e-01
1.008214723317147232e+00
1.001939866841744520e+00
9.959049039509753065e-01
9.998780701065635990e-01
1.011935633182626360e+00
1.012533168297078623e+00
9.956530987579352843e-01
9.980949456090930649e-01
1.001784924398440690e+00
1.005005985560160076e+00
9.909931487325425170e-01
9.939778007665360793e-01
9.963939787957361016e-01
1.002336484941167782e+00
9.898988304044278319e-01
1.007707642911313206e+00
1.020370996594750279e+00
9.833389969274806131e-01
1.009259064732440203e+00
9.901982555238918460e-01
1.018815196429765146e+00
9.946588242656912993e-01
9.915969479563416789e-01
1.018530630917542590e+00
9.849670080183070553e-01
9.894820459358206755e-01
9.819134500932091836e-01
9.661260866955234672e-01
9.897332322518495040e-01
9.988751135749034393e-01
9.888579068356068147e-01
9.828333106008354525e-01
1.008980940101736001e+00
9.930369674305694616e-01
1.017379528121616694e+00
1.000210255575604501e+00
1.017082895120457131e+00
1.010302888758117579e+00
9.986923859622783839e-01
1.003454322163174428e+00
9.941733568301333035e-01
1.007574980160018230e+00
9.851615544453456996e-01
9.946359159153510543e-01
9.971280671380351457e-01
1.009923716271797556e+00
9.917516881077936830e-01
1.021498391398448113e+00
9.976112805375069170e-01
9.883900318166083387e-01
9.857070560712786200e-01
1.004648585423724594e+00
1.001091271297970486e+00
9.933417167439870799e-01
1.010935245069872757e+00
9.914486056774918232e-01
9.927471004027005330e-01
1.000993712457223683e+00
9.860386447692951473e-01
1.001914348930670995e+00
9.945571528940075900e-01
1.017250714774376119e+00
1.005810647892964038e+00
9.923273116316407849e-01
1.005037721982812382e+00
1.005784234623480655e+00
1.009784224327252788e+00
1.005828468728213299e+00
9.970334533617748463e-01
1.010637421357494903e+00
9.994220880846242938e-01
1.006002508902300141e+00
1.016270740044498799e+00
9.867573498046763314e-01
1.006416839875572400e+00
1.012809504280320017e+00
9.885273119017332633e-01
1.003410345585810992e+00
9.987164316909321604e-01
9.998330913775026474e-01
9.868417665300379671e-01
9.957827569583367344e-01
1.003309235029373303e+00
1.003799296728144386e+00
1.015331523081610232e+00
9.927268073818757976e-01
9.973709975735025601e-01
9.905167052416632423e-01
1.005017695456283278e+00
1.018119284891038978e+00
1.009948953868830213e+00
9.984461643091783190e-01
1.010443313398742049e+00
9.999585052463333401e-01
1.000808102813448563e+00
1.000158338282568948e+00
9.944371284186610538e-01
1.005245098050288721e+00
1.002497727873875588e+00
9.949282451432457375e-01
9.978296566375864929e-01
1.006963123860062259e+00
1.015041058722021550e+00
9.917764038919583136e-01
9.968022326906270658e-01
9.801159903834644194e-01
1.001529825865433709e+00
9.931449964802503416e-01
9.942399062692102163e-01
9.809203156109397304e-01
9.810939956853923505e-01
1.002923347368283924e+00
1.015145803099913202e+00
9.948096780150315066e-01
9.902268942737585400e-01
1.014686567402222739e+00
9.791893783966671982e-01
1.000710954497887606e+00
9.779152883246242656e-01
9.886750495530728378e-01
9.882127101252129453e-01
9.939008983235122496e-01
9.865672682891704071e-01
9.842958654252351725e-01
9.887379502641139295e-01
9.960505593246782308e-01
9.963353903329276173e-01
1.001396835107807970e+00
9.922857007145947650e-01
9.954265306630195598e-01
9.993478568514416738e-01
9.851495227847164582e-01
9.996374927111720821e-01
9.948380941911982855e-01
1.016747421340912449e+00
9.846313423377929253e-01
9.925401423068350715e-01
9.944973444173987875e-01
9.999922432450039089e-01
9.918650563767857919e-01
9.966863674049615263e-01
9.966317498800165708e-01
9.966316380625391824e-01
1.004788422041300144e+00
1.002579253927852854e+00
9.925242772960924942e-01
1.014938760275312823e+00
9.977485778318623266e-01
1.004547904126442015e+00
9.900634615588961296e-01
9.991356076607932346e-01
1.005085071573886601e+00
1.009770794703567010e+00
9.858073604540853463e-01
1.011174275754601615e+00
1.000356210284015779e+00
1.015119332677752340e+00
1.001363827140936191e+00
1.011227966165787695e+00
1.003481289775603580e+00
9.977375114948646706e-01
1.008455698670005063e+00
9.940011036702808278e-01
1.001011562582795333e+00
1.004009249162996831e+00
1.008927466696658115e+00
1.002841110541695446e+00
9.872494318138185232e-01
9.917823934264041741e-01
1.002470849907982853e+00
9.964063212764898703e-01
9.920571247204080789e-01
9.940346060950754348e-01
1.008485972617554127e+00
9.987607102043767338e-01
9.879975399839622252e-01
9.899980255448287414e-01
1.004565764617936452e+00
1.017036458992822245e+00
9.803162962558137350e-01
9.935892072835087463e-01
1.009571166558186128e+00
1.006545944447621244e+00
1.003983789670949367e+00
1.001531672170923537e+00
1.003985932247418944e+00
9.904454678393861400e-01
9.992248446026056330e-01
9.809236756404108304e-01
9.926974847251371914e-01
9.999490719190695653e-01
9.944626122073287888e-01
1.015580297821163214e+00
1.012157281785294627e+00
9.818715409904851255e-01
1.001553558131648591e+00
1.003868171035816381e+00
1.002433111351804795e+00
1.032127218386696077e+00
1.016024849284795861e+00
1.001486244714622220e+00
9.824888768794102223e-01
9.860101182524364516e-01
1.010379698812918781e+00
9.976602137358087097e-01
1.008918753558658121e+00
9.839292011162011908e-01
1.010495839340665558e+00
9.964739771859492112e-01
1.007314067978088978e+00
1.007182863182573440e+00
9.722898703115814278e-01
9.990189517176546463e-01
9.929979369466983563e-01
9.761568214267104526e-01
9.974275929515811212e-01
9.946448522762860733e-01
1.003672937461210557e+00
1.001773608809826133e+00
9.983754270050986257e-01
1.007492896296756202e+00
1.000139206499984779e+00
1.005515595539972384e+00
1.011216109891151183e+00
9.950384726491219300e-01
1.009431409062865548e+00
9.895202003423825277e-01
9.940898756108623724e-01
9.866654783719326360e-01
1.012461799896166248e+00
9.901652507876457232e-01
1.001889790042815864e+00
1.024346830135492770e+00
9.990546345872530765e-01
9.949785977361187417e-01
9.871516793476378115e-01
9.794942406870876805e-01
9.967897428548271321e-01
1.005295668965373368e+00
1.006154643909645596e+00
1.000835191686465730e+00
1.015474022071615190e+00
9.935668159662518484e-01
9.948103775629296708e-01
1.001857207378636483e+00
1.011599603672485248e+00
1.013217770903406034e+00
9.983541432363017831e-01
1.001237356918045940e+00
9.901538483208738306e-01
9.934090186074532314e-01
1.003195650194064426e+00
1.012172764994190510e+00
9.971395494852445252e-01
9.933992525731717427e-01
1.005333560357593248e+00
1.011451103636374249e+00
9.899531434286636955e-01
1.012445644199316153e+00
1.011535594200171584e+00
9.859981479847874652e-01
9.988105713539483510e-01
9.919734109383989695e-01
1.015186409741226203e+00
1.011380502173222506e+00
9.985925081938900050e-01
9.988761224296731633e-01
1.007150238273918363e+00
1.005831962276537483e+00
1.008973051962226641e+00
9.980585709942789707e-01
9.996870380874249840e-01
1.004363050238158639e+00
1.006905794163650336e+00
9.943957611565958921e-01
1.003556214604031771e+00
9.972804362988100246e-01
1.002857053729066195e+00
9.944424289570268360e-01
1.001233079974494622e+00
9.926755466198284861e-01
9.904005499705609283e-01
1.011145815996822517e+00
1.017826783702501681e+00
1.016470597085504135e+00
1.006343650188084249e+00
9.989504755957286930e-01
9.811395760992548398e-01
1.010040579680817174e+00
9.949967126730712152e-01
9.874330637806714162e-01
9.852180182307224143e-01
9.920407311017687135e-01
1.002027403141928730e+00
9.873933028387187338e-01
9.997217828886502122e-01
9.995886645367688672e-01
1.019870356907595088e+00
1.000600288124613879e+00
1.004378804502376932e+00
1.005614067154201541e+00
1.001569236881558744e+00
9.998430505941325874e-01
1.006523047959469785e+00
9.999832543857242184e-01
1.016900013492463950e+00
1.008155514883966930e+00
1.006796236364727370e+00
9.913852758978110025e-01
1.023969192534102346e+00
9.980207208944475994e-01
9.908340702035707270e-01
9.954056874298321533e-01
9.904326663624472005e-01
9.917846989376647437e-01
1.008546122012585089e+00
9.946431236488886274e-01
1.009508343456035906e+00
1.008880724149669783e+00
9.784197624771849844e-01
9.995989749746311270e-01
9.891068789177953624e-01
1.003310378052159058e+00
1.004764600104427252e+00
1.004426935928695697e+00
1.000216671071166408e+00
1.016335028596482504e+00
9.912301313134640468e-01
9.987152676363091341e-01
9.979058881699570671e-01
9.939065404372806611e-01
1.005362343071295239e+00
1.006303074017708576e+00
1.015228318537561458e+00
9.901320456449571594e-01
9.891993374773603298e-01
1.010440335119166422e+00
1.018006971453454312e+00
1.003220818590023100e+00
1.006725173129092932e+00
9.923339455848414481e-01
1.002834665001852699e+00
1.011262351724786734e+00
1.017192467969187053e+00
1.005124327997469980e+00
9.946281012144019273e-01
1.008024581349105997e+00
1.000090788464673253e+00
9.936485020694255654e-01
9.975974268582717963e-01
1.018233642779787562e+00
9.937675672719553654e-01
9.989510202312287257e-01
9.941526391957496989e-01
9.961929469886550148e-01
9.988412246463610478e-01
9.950699405985584667e-01
9.937711663796605643e-01
1.003048864526774997e+00
1.020012851416351785e+00
1.010519503919845574e+00
9.937234679092178391e-01
9.847262400539628091e-01
9.753525690099876799e-01
1.010474226707476886e+00
9.983560008231403549e-01
1.011629924075009512e+00
9.926268723322175802e-01
9.931767613649740145e-01
1.003941430042605276e+00
9.970543084560576919e-01
1.002300419453249880e+00
9.956057039550717525e-01
9.963192237192234346e-01
1.004069885406097651e+00
1.005262350616432432e+00
9.948632890046237298e-01
9.972519478844220631e-01
1.000499826216916466e+00
9.963730236329793044e-01
1.008117187238734447e+00
9.836695096841344688e-01
9.931652979283239757e-01
9.912369578952484606e-01
9.926876502023247451e-01
9.909111437855534499e-01
1.009059887661811539e+00
9.953548168414151354e-01
1.007877293550109243e+00
1.004179093529578459e+00
1.020004625457424652e+00
9.932413683321774656e-01
9.850483629601279878e-01
9.876187226061783342e-01
9.788993083823782637e-01
9.957522983649499393e-01
1.007128205493016626e+00
9.848799228637821201e-01
1.004646910440852192e+00
9.971154232794481320e-01
1.006912893077390958e+00
1.015177096766760823e+00
9.969460863625181357e-01
1.002031641092241632e+00
9.978455116495829058e-01
1.006508091634193525e+00
1.014270321861714841e+00
1.001418803209815689e+00
9.976934382748380292e-01
1.012092443466749980e+00
9.998688001530537939e-01
1.001762561766172954e+00
1.012596706702326932e+00
9.932064303778661563e-01
1.004558546183556889e+00
9.981784504904971378e-01
9.988493660057723433e-01
9.925809238009564162e-01
9.925247721999190809e-01
9.935602166208700181e-01
1.001036116970096757e+00
9.965341378391437965e-01
9.902114802683275041e-01
9.900432259170204308e-01
1.023815679168611270e+00
1.020778054995662210e+00
9.878403252347102148e-01
9.965147816174090289e-01
1.002830357097851177e+00
9.931985101107063674e-01
9.914054401120108162e-01
9.966918623875161698e-01
9.951822883678272946e-01
1.016423269544679320e+00
1.011724252043173955e+00
9.873949491319509164e-01
1.006121141545595066e+00
9.828434713462255168e-01
9.883393118994007187e-01
9.853036155876937485e-01
1.022940527400514332e+00
9.940719386827289172e-01
1.004296731019461486e+00
1.010888238008999407e+00
1.011498268726168659e+00
1.007210560433982049e+00
1.001632992922522947e+00
1.006380387380292118e+00
1.003393354428812945e+00
9.942020961213683394e-01
1.002811778025221701e+00
1.008889356887401556e+00
1.007321068031116651e+00
1.003239448072529072e+00
1.000867859376741720e+00
1.003925458228669854e+00
1.012314813406047342e+00
1.002140174859170063e+00
1.000110785237887878e+00
1.002356054638127603e+00
9.943929080025386558e-01
1.013842426349427228e+00
9.781694154581590528e-01
9.761149372002169144e-01
1.004285164134421260e+00
1.004060563625864377e+00
1.007143417437931232e+00
9.897842153345939309e-01
9.931846526179123336e-01
9.917892709588139732e-01
1.011617694807835255e+00
9.878995704763511299e-01
9.958192546513867649e-01
1.017489605603363323e+00
9.907672764999112536e-01
1.009234191340239839e+00
1.013436958932735443e+00
9.766919274231700143e-01
1.000792938906368557e+00
9.782932625604641164e-01
1.012737808191507050e+00
1.015175820648592575e+00
1.002499189820434955e+00
1.008511663273544245e+00
1.008890421070035348e+00
9.965541231302225134e-01
9.960319753346055238e-01
1.003725625887162964e+00
1.007658695419531014e+00
1.017608519173056170e+00
9.940841942995451985e-01
1.003234426787858569e+00
1.002565739193990835e+00
9.939297015855930173e-01
9.821618482942616746e-01
1.002561371295574100e+00
9.981470906492295736e-01
9.960963612090102393e-01
9.915020360266438848e-01
1.018875143011423567e+00
1.019967807451961805e+00
1.014049190865192074e+00
1.001822267332161509e+00
9.894807363917486054e-01
9.807843329435593782e-01
9.972065298785667276e-01
1.011908369600551971e+00
1.020294399384691797e+00
9.854071523914857966e-01
9.979595388907138709e-01
9.986666860284408864e-01
9.791836666158216795e-01
1.013839192072994999e+00
9.952755934209396305e-01
9.948778296846524372e-01
9.981027794948841292e-01
9.957089166719356177e-01
1.004483692670784967e+00
1.006765424749408222e+00
1.006514114018220996e+00
1.015805514717383229e+00
9.980414373146161422e-01
9.951695302242542507e-01
9.886535491935936060e-01
1.002847135034393045e+00
9.873742912098524283e-01
9.865657848914101136e-01
9.940097641714510379e-01
9.761867021095699259e-01
9.907577457896891149e-01
9.974723192882876122e-01
9.924441056961744723e-01
1.007848328375866132e+00
1.005477829375910126e+00
1.001548764946481818e+00
1.016232720532994405e+00
1.002974290256837708e+00
1.010170718437139126e+00
9.840840900347920250e-01
9.933398589360289410e-01
1.009814723523303037e+00
9.873437172428857211e-01
1.002619408655791355e+00
1.006524714086674654e+00
9.971317370972472283e-01
9.764564410710465658e-01
1.000603409193352888e+00
1.009109536043425903e+00
1.016738507921280066e+00
1.008350904120465241e+00
9.931805105163574732e-01
9.957551534892572498e-01
9.892883612736523835e-01
9.921723255186253310e-01
9.899014839643007768e-01
1.000550258987164876e+00
9.948388954017035601e-01
9.883050456149978791e-01
1.005267215077972009e+00
1.007744253516263955e+00
1.004131483471605968e+00
9.966489243457977709e-01
9.991566286864882462e-01
9.831961906685844355e-01
1.003587344803716253e+00
1.002393153611510934e+00
1.008465629327512270e+00
1.015332170374366294e+00
1.016476811422817539e+00
9.812571031134349475e-01
9.907869156995666726e-01
1.003400546544802374e+00
1.004691187868052449e+00
1.003083519612265384e+00
9.972523808699582659e-01
9.839818878870866259e-01
9.918718460570787876e-01
1.016348842753117321e+00
9.904194255224711974e-01
1.015584587603956201e+00
1.010338603216129227e+00
1.007193598692989411e+00
9.984814243399220413e-01
1.004014352798964227e+00
1.000134279966497397e+00
9.990990361524337837e-01
9.847175785230720679e-01
1.009215242289554171e+00
9.887957658010653184e-01
9.820288589507435439e-01
1.007894461581240186e+00
1.005787821975809182e+00
1.001425525228438751e+00
1.005270407556345003e+00
9.974484386307109762e-01
9.793664081235491370e-01
9.974849932969384048e-01
9.756344553943931963e-01
9.749841473329611263e-01
9.955988585054317275e-01
9.786466007370127063e-01
1.017628828097248084e+00
9.848383892256624694e-01
9.770052811400394832e-01
1.006743760596754189e+00
9.854280523853654605e-01
1.002023365908124575e+00
9.796843479702264101e-01
9.855344390368123708e-01
9.802957032510667412e-01
9.953775477203046229e-01
1.001774797049224786e+00
9.847207820187615646e-01
9.730848848305150289e-01
9.775938470986668127e-01
9.915649483500282857e-01
9.755676417163365866e-01
9.828462746224146951e-01
9.968620932093147369e-01
9.902488668826409102e-01
9.851662709671860085e-01
9.927849674410703651e-01
9.895564355721464533e-01
1.003656935853871168e+00
9.896438015096076235e-01
9.941705862318002129e-01
9.765231157811002927e-01
9.799621831141410722e-01
9.869226892431842701e-01
1.008898310402241094e+00
9.728622201162704375e-01
9.961897014690492824e-01
9.944771048857383722e-01
1.009062696591457753e+00
9.881830912235928244e-01
9.860607716910705367e-01
9.870483278723938270e-01
9.861297738495424792e-01
9.975950259244377172e-01
9.833565756700348715e-01
9.927108455041704360e-01
1.009773709172869349e+00
9.815007528411602289e-01
9.843567823964177732e-01
9.974018616331190579e-01
9.854782760386222584e-01
9.834499950505956045e-01
9.801291838854206961e-01
1.002311678834283404e+00
9.961596079459417163e-01
9.739270746940257295e-01
9.950671430751919511e-01
9.832300100182955749e-01
9.962721693999195827e-01
9.695592748357917401e-01
9.936559667827212783e-01
9.813231903519065158e-01
9.819702381909590772e-01
9.976391100701228476e-01
9.847870027584407771e-01
9.599324032602731815e-01
9.760889501389864442e-01
9.790957935973564341e-01
9.913583909180857523e-01
9.724060950216435462e-01
9.837541726153555821e-01
9.846933746560340150e-01
9.814104874944730161e-01
1.001066240020076936e+00
9.984314342102451612e-01
9.743920011490997402e-01
9.937200008840658683e-01
9.899113602548302859e-01
1.001590896610909942e+00
9.925933426382936853e-01
1.013562069222571305e+00
9.848251805565205741e-01
9.796762190556833616e-01
9.785609930906780107e-01
