# data in one-minute intervals
1.016084607989792943e+00
9.788543497284288852e-01
1.026738811919936545e+00
9.911605324048322618e-01
1.000192595332556778e+00
1.006887634525499564e+00
9.758757876362178507e-01
1.030039937104288317e+00
1.015722060668775795e+00
9.729246795787381830e-01
1.015569281346512032e+00
9.874349597168063930e-01
1.024505349537027543e+00
1.054282378038721824e+00
9.993532398394742167e-01
1.010962106657103510e+00
9.868768903087117295e-01
9.852822986479214951e-01
9.941903078051674836e-01
9.972097358663675193e-01
9.937704202820994981e-01
1.020165931374980683e+00
1.025479405431247937e+00
1.015554256239053155e+00
1.009758077720070979e+00
1.029132899021115488e+00
9.925951968415148707e-01
1.017601421761484382e+00
1.037612665468771844e+00
1.011123345013595687e+00
1.018097768314057294e+00
9.895431981014459755e-01
9.949670326999491277e-01
9.984903266984629377e-01
1.004914332019338774e+00
9.590113749856103986e-01
1.005222245891827626e+00
1.005049811692828809e+00
1.000349704853372934e+00
9.963718081781666180e-01
1.009762515232693003e+00
9.762945787920775942e-01
9.779767317673425664e-01
1.017491018203829922e+00
1.010353584928662229e+00
1.004107182592348435e+00
1.011315058598776018e+00
1.019663934180823128e+00
9.854553565781257740e-01
9.667965143724135402e-01
9.913076694176476966e-01
1.011873005207038823e+00
1.011879386305619022e+00
1.007067456116251591e+00
1.016833156582410469e+00
1.018490157862481649e+00
9.965048186834717381e-01
1.003409860771480755e+00
9.950718161484025659e-01
9.958179734090278901e-01
1.006890365450821223e+00
1.010934194722513668e+00
1.043037407560909458e+00
1.007708092205138239e+00
9.912183271098699011e-01
1.001397979804825811e+00
9.867305378177867459e-01
1.023775162283311779e+00
1.018406150035051194e+00
1.004383093941749738e+00
1.042619223072921431e+00
1.001827154314668622e+00
9.788006768358070708e-01
9.981693418767387804e-01
9.919424521674152784e-01
9.941251626503041505e-01
1.008442141785150348e+00
1.016108555532503566e+00
1.004974242816902175e+00
1.019704316917156683e+00
1.033446465435047479e+00
9.856854946216709878e-01
9.955306251932181105e-01
9.595831988567403714e-01
9.569742237125070661e-01
9.836495633801628502e-01
9.814847711581942136e-01
1.001974646141855274e+00
1.043465901209568170e+00
1.019553849152980973e+00
1.016092750356606400e+00
1.011265501014743329e+00
9.474395709194081139e-01
1.016240627635822902e+00
1.011151664245621529e+00
9.576204253692081059e-01
1.016549707076272124e+00
1.014626508437925345e+00
1.026744344158781796e+00
9.877349818204163023e-01
1.022164736952476671e+00
1.043147190744456498e+00
1.045209605951673337e+00
9.945918099602709672e-01
9.598677951389978924e-01
9.998252365830687660e-01
9.796721318746980378e-01
9.832830099928665524e-01
1.044425843354444217e+00
1.030490295043277493e+00
9.904899865783846069e-01
9.973386492715197171e-01
9.620498011698608298e-01
1.002113036969212612e+00
1.025281009498099083e+00
9.649933543433395489e-01
9.788631334105794002e-01
1.014100086333147743e+00
1.046728746769605367e+00
9.737265862894952662e-01
1.031671516936966349e+00
1.014070975533940766e+00
1.031250159422640422e+00
9.804815204342229862e-01
1.013067425178943104e+00
1.005375444646946059e+00
9.747544247667737638e-01
9.691200947356777284e-01
1.011567911136787012e+00
1.004424722659597480e+00
1.017985357996342710e+00
9.994740225851123094e-01
1.020701707578448136e+00
9.933484307972888505e-01
9.927556690852212817e-01
9.969042319794897411e-01
1.024112512723855950e+00
9.814280269124167067e-01
1.012302422538575719e+00
9.988423694406921571e-01
1.021846131262681201e+00
9.511452719576739545e-01
9.813305858975701623e-01
1.009740758815443451e+00
9.862771341499032562e-01
9.931856542688727307e-01
1.014271532214974014e+00
9.900786911441769034e-01
9.951914092330407247e-01
9.995826096406630334e-01
9.808319341518485501e-01
9.750130551314359906e-01
9.952805944685650941e-01
1.039435182373757094e+00
1.017163127491161889e+00
1.029051048912180688e+00
1.009309754801421599e+00
1.035780876219930979e+00
1.018364881778266007e+00
9.996127651805596370e-01
1.000704974603860542e+00
1.008196028013710333e+00
1.001448028192752027e+00
9.978413040109126442e-01
9.727292166957542952e-01
1.015167896164823391e+00
9.865508016942563518e-01
9.758753598374408922e-01
9.607396593753528835e-01
9.876495064768706644e-01
9.929521256749181957e-01
1.014927619240227230e+00
9.816969819096134087e-01
9.923061754628100806e-01
9.953377023026229731e-01
9.857096392909895366e-01
1.003805868195476902e+00
9.764036169513286012e-01
9.991046944788821715e-01
1.004718239180800277e+00
1.007621862694594972e+00
9.783257239809770578e-01
1.029641532705230400e+00
9.827344888655469290e-01
1.020770847978891727e+00
1.023655485771364670e+00
9.551182783526908082e-01
9.809385062324101900e-01
9.620373743305213887e-01
9.904573271477643548e-01
1.020646034095223031e+00
9.997326018565055872e-01
1.029808733719629998e+00
1.021312430170708163e+00
9.837399207405471691e-01
9.935077370607129366e-01
1.004089604312949024e+00
1.011587263246554791e+00
1.000069017045304820e+00
9.737746876327773027e-01
9.892632395685529989e-01
1.005899563495360693e+00
9.948665184847146348e-01
1.048210105641049772e+00
9.969863607882690770e-01
1.020858194837817479e+00
9.799160189778138852e-01
9.878255652408363119e-01
9.872256747247379893e-01
1.030078706107129038e+00
1.004013963903546802e+00
1.012558356048664621e+00
1.013944403988298992e+00
9.637508019524674285e-01
9.828953221022836972e-01
1.037624222478770841e+00
9.988087378070754641e-01
9.691323385311595429e-01
1.020016010195154754e+00
9.835927312207431994e-01
1.022037967501664868e+00
9.891618675056248478e-01
1.002644484740088382e+00
9.812845648108350360e-01
9.867086310992148057e-01
1.014063492699461388e+00
9.741138354456225779e-01
9.666493120785208948e-01
9.960075141129036691e-01
9.885864203420898777e-01
1.017136874058746310e+00
9.915922509129087015e-01
1.003792383893123974e+00
1.027132168226345676e+00
1.004391466420017309e+00
9.988810703391348689e-01
9.672075152651580243e-01
1.004670351054110844e+00
9.998446345758745801e-01
1.037711256374059365e+00
9.858560644481263457e-01
1.027295048331221095e+00
9.906853474811481153e-01
1.005529561984080278e+00
1.008079509373084548e+00
9.668628155309791916e-01
1.019517343809060339e+00
9.849378372407856519e-01
1.023394085266025932e+00
9.820162114019664878e-01
1.006060438235920618e+00
1.038907946721488562e+00
9.930726751562798382e-01
9.984946722173890787e-01
1.001569718822827859e+00
1.018150877768376761e+00
9.967898539369619559e-01
9.984366222636200661e-01
1.000247702713971787e+00
1.011934340169003299e+00
9.935429059333350521e-01
9.942602313340487274e-01
9.964516544287690403e-01
1.044101977520888846e+00
9.987567391037955877e-01
9.931318828659241316e-01
1.027567284965735794e+00
1.012814115863307718e+00
1.018272135764118236e+00
9.551590416503044079e-01
1.007009773542938635e+00
9.900172037873233855e-01
9.759741347421198032e-01
9.911620097143800656e-01
9.810947577876991677e-01
9.817469016376794144e-01
1.000930983500762705e+00
9.975179356056027569e-01
1.028571972866782147e+00
1.012707258821010869e+00
9.811127415019078590e-01
1.018688160866311199e+00
9.797147752387950215e-01
9.860519706313551902e-01
1.021485993021036265e+00
9.852245974552712449e-01
9.738976629532047902e-01
9.633186111423103215e-01
1.029018594387660190e+00
9.697676572523242777e-01
9.843808424096454068e-01
9.912504959826839990e-01
9.820805384494937229e-01
1.030386191495309633e+00
1.005262303169934368e+00
1.007512473510812523e+00
9.943832151282884224e-01
9.538208101296397068e-01
1.038158608075536726e+00
9.755369769296479143e-01
9.720702761884205678e-01
1.037708367413991528e+00
1.020055304579283950e+00
1.013460748866187755e+00
9.631813900334523781e-01
9.994561525424310311e-01
9.735305117364884131e-01
9.994720295552140810e-01
9.842957663265827772e-01
9.866261206100632730e-01
9.857606848851458992e-01
9.928500782149726200e-01
9.794556773912527214e-01
9.924175200544733677e-01
9.816422301220618651e-01
9.687619992724384455e-01
1.009713080441747124e+00
1.015541020324961741e+00
9.951033005362286410e-01
1.030670836407794555e+00
9.817021355927230131e-01
9.808485270686008173e-01
9.915122847013901897e-01
9.854713781892667779e-01
1.001041257037621701e+00
9.712548741360972349e-01
1.004601881655950990e+00
1.014442760101553764e+00
1.006422349499585422e+00
9.789106829671212484e-01
1.000600535058834950e+00
9.963122237787359614e-01
1.017585255948605605e+00
1.031827831262505546e+00
1.000005377592139144e+00
9.841864746299130440e-01
9.987351291105983631e-01
9.707217781402335266e-01
9.806067062187975303e-01
9.949155199853182419e-01
9.625801112926754000e-01
1.032012766256169778e+00
1.004215833567434046e+00
9.961120017319797793e-01
9.842054445168765264e-01
9.987285961790226541e-01
9.912119521442095404e-01
9.917211718765670536e-01
9.895286368758610118e-01
1.040387196308458773e+00
1.019280578176952279e+00
9.784291023146778343e-01
1.003408730213432465e+00
9.960410248210995743e-01
9.952123902625301666e-01
9.810328062689163131e-01
1.003549129801848627e+00
9.725711452396772483e-01
9.810448886061878815e-01
9.896659445684649059e-01
1.048230251667986668e+00
9.775216928813066364e-01
1.005978836660786691e+00
1.004716441697521168e+00
1.002264523579265099e+00
9.729746128694113372e-01
1.019967801557244425e+00
1.022789292299962183e+00
1.038665906376061709e+00
1.007046485245288947e+00
9.806150495175095516e-01
9.940022985145858803e-01
9.932966875831987785e-01
1.012155118408654353e+00
9.710071383075734586e-01
1.028490606904147286e+00
9.729478980639563179e-01
1.021031368394661021e+00
9.963266320057040382e-01
1.009455395463735083e+00
9.918339909756181960e-01
1.002191838947880997e+00
9.880533406764731019e-01
1.015931024287932694e+00
1.022557984645055207e+00
1.021255606988874298e+00
1.012934203446936410e+00
9.835619528869657957e-01
9.894084196350690918e-01
1.015192350344877426e+00
9.889272102028959788e-01
1.005595793574214358e+00
9.926119379216671312e-01
1.014098527752762990e+00
9.665941715789584388e-01
9.923380862489680210e-01
9.842748510682350904e-01
9.953102268259188534e-01
9.988533886485605473e-01
9.938083829281527670e-01
1.023098865963765647e+00
9.796114527435961783e-01
1.043943054648127200e+00
9.687816145392850187e-01
1.007877919170303116e+00
1.001820351048374746e+00
9.981623975653689529e-01
1.009004554594123082e+00
1.006011111363462440e+00
9.872268717712516795e-01
1.035512745367147991e+00
9.942423640994930700e-01
9.830960217543902591e-01
9.842753617458197546e-01
9.510838091345513723e-01
9.824662209127927870e-01
9.777175179802211069e-01
1.000190308579886445e+00
9.912796751210711799e-01
9.993481660746632578e-01
1.007631352255988100e+00
1.009147111626365723e+00
1.012422892861082113e+00
9.598337550776493421e-01
9.983680927936331440e-01
9.931971339218822470e-01
1.045927155360064642e+00
9.892685845376313347e-01
1.018439285581883125e+00
1.000928116942537471e+00
1.025446394723351640e+00
9.820846323643606102e-01
9.929424197399197016e-01
9.882062117473441321e-01
1.001012691237509911e+00
9.868188567944720102e-01
1.019188651079712571e+00
1.000328896179447202e+00
1.000323187145691461e+00
1.013597719327590463e+00
9.474326315420845690e-01
1.018366673077223172e+00
9.764305962147199480e-01
9.988469969172969476e-01
1.022219325531510625e+00
9.622839755018592900e-01
9.882925570306755336e-01
1.009910245305781107e+00
9.839191582551860549e-01
9.662885039014852406e-01
1.050062764967157669e+00
1.006565544846535820e+00
1.025393581196196724e+00
1.041317595084616521e+00
9.803976603688494551e-01
1.000542360544760756e+00
9.981784362020142964e-01
1.004146588026573417e+00
9.889611091055109382e-01
1.023359855600866730e+00
1.010005664985428098e+00
9.752340432879976762e-01
9.818673192242394210e-01
9.459039340304987720e-01
9.900371564252421486e-01
1.015685822847461450e+00
9.915320945847611034e-01
9.613621718442075803e-01
9.684754198095005817e-01
9.810340231173818593e-01
1.029837963251483579e+00
1.028656978936608901e+00
9.966653898708888182e-01
1.013844698264351640e+00
1.001021687994265719e+00
1.017984696100158404e+00
1.030502674669765861e+00
9.993407912004083071e-01
1.004766706130892251e+00
1.025434025941848626e+00
1.028602104833321595e+00
1.006220224870402191e+00
1.032008203855021344e+00
9.652353691503111621e-01
1.020543906261355938e+00
1.017836993616910046e+00
9.937669486007274511e-01
1.007650780447551409e+00
9.940425613968870699e-01
9.996079664968918754e-01
9.802843293629093235e-01
9.923726279564237807e-01
9.926075603370210221e-01
1.021088024835516972e+00
1.011353118528896644e+00
1.013856498523661775e+00
9.726452788146870976e-01
1.001668902751241763e+00
9.769422955288243893e-01
1.005078160953561728e+00
1.017539903045943328e+00
1.029117290032629306e+00
9.917143394175303994e-01
9.625846453179045525e-01
1.021565366973668842e+00
1.001113858497651776e+00
9.652118798441813308e-01
9.963102418008649153e-01
1.003831112714935969e+00
9.872875377315646350e-01
9.743556010508820364e-01
9.948160711315141569e-01
9.970479934305540581e-01
1.046797393157993250e+00
9.801455371029835772e-01
9.737308086485142455e-01
9.737880526707121120e-01
9.954544870171713189e-01
1.006049327477821720e+00
9.917291875809602919e-01
1.021923480198436929e+00
9.967642114024020117e-01
1.012430693320117037e+00
9.702437783673384386e-01
9.880774800922809131e-01
9.938133317247558329e-01
1.024894551910567220e+00
1.023687328504398586e+00
1.004993690241572812e+00
1.007676393299809625e+00
9.821934701496448650e-01
1.019363452388182267e+00
1.032344758267723428e+00
1.002545057277386409e+00
1.004356666330379566e+00
1.017043063496640531e+00
9.941472849929342548e-01
1.026435279241092235e+00
9.882585465361736210e-01
9.723992612112359879e-01
9.925594513039796007e-01
9.984161929720483108e-01
9.869485340602278667e-01
1.006553785581818294e+00
9.897412764376436467e-01
1.004934788703251369e+00
9.577238861311683227e-01
1.060025464572552201e+00
1.028782667330200740e+00
1.021642929047554382e+00
1.007311565669970488e+00
1.013953552340881137e+00
1.023785366991408541e+00
9.988747513685050095e-01
1.022368995084845800e+00
9.934378260880042388e-01
1.053363043642130403e+00
1.020253225687643539e+00
1.022192137556202418e+00
1.001906544946518318e+00
1.010773700427021193e+00
1.007173849260043275e+00
1.006777948523308597e+00
1.010639449686508540e+00
1.006589661195920415e+00
1.004482488641818660e+00
9.747937020947562425e-01
1.020081523406165536e+00
1.012479506213491698e+00
9.704515109678620854e-01
9.968627221143913086e-01
9.935248379579436628e-01
1.014179142826269198e+00
9.736051668035626827e-01
9.473232151229559195e-01
9.980130116080510039e-01
1.048021439565891333e+00
9.886525419832876693e-01
1.009345874238158025e+00
9.878362643526674702e-01
1.004241879008343385e+00
1.001701811700965061e+00
9.907042777269379208e-01
1.000463080536336147e+00
9.780198304726357428e-01
9.887077961526566927e-01
1.009967076047811441e+00
1.032627111187758295e+00
9.798453911996994892e-01
1.020384140610935075e+00
1.005308165392166497e+00
9.902928183633818993e-01
1.003375769152746733e+00
1.036892558704679557e+00
9.521027871216959371e-01
1.006168197298257461e+00
9.851333139091696944e-01
1.002041173247600669e+00
9.866905581642517742e-01
9.737684141012572514e-01
9.967477676942506637e-01
1.037981905159337082e+00
1.002715772922143866e+00
1.024680420379311396e+00
1.022304927864061463e+00
9.784702684333881351e-01
9.834798203162961050e-01
9.770894020950026126e-01
9.938935303413548583e-01
1.006709363721516981e+00
1.016919673241851285e+00
9.527620893815480496e-01
9.783553942911304979e-01
9.521738210892981558e-01
9.892364284331396362e-01
1.000073812069243395e+00
1.006303632086085642e+00
9.729879658631302997e-01
1.011250544646884020e+00
9.581368636825502438e-01
1.011153985493708607e+00
9.942949009278341244e-01
1.009260574141199518e+00
9.993194278133997743e-01
1.020789089031781227e+00
1.002090047969003805e+00
1.003541641964657893e+00
1.022013492523460965e+00
1.002956962815984454e+00
1.013118131862624116e+00
1.002871237541904659e+00
1.017102731089035705e+00
9.983930748209757233e-01
1.021066107582341731e+00
9.880293548454328612e-01
1.004483720890013254e+00
9.949374028042952123e-01
9.680340769581311511e-01
9.633309027771220778e-01
9.709596812711264180e-01
9.975764373833315712e-01
1.009064596234766631e+00
1.007586989249534826e+00
1.005113966355656974e+00
1.000085104837101557e+00
1.026441472793053089e+00
1.007244560678809631e+00
9.839382862191127233e-01
9.948322658190172918e-01
1.018488496159151158e+00
9.921515085417631497e-01
9.789958122178760158e-01
9.718586406594786897e-01
1.012259657740328223e+00
9.994816810290915177e-01
1.006020774964560216e+00
9.966084366480850720e-01
1.004540763432541839e+00
9.826871497067416472e-01
9.695962196768620478e-01
9.909239220474870269e-01
9.925908459390807570e-01
9.862918471389748865e-01
9.968199438884823849e-01
1.004249106779392609e+00
9.647493689683080964e-01
1.018830544391990944e+00
9.763711806959465278e-01
1.021535028198306216e+00
9.982821414412126337e-01
1.001654779804107775e+00
9.788793576160504939e-01
9.877898890520664388e-01
1.047286711155712702e+00
1.007864587502964815e+00
9.988649743349009569e-01
9.908790505951229344e-01
1.011529527170238696e+00
9.840603720784226738e-01
9.993441608584645586e-01
9.917602576291499883e-01
9.881921465482715883e-01
9.957702445328495688e-01
9.822784459530884416e-01
1.016184760810417087e+00
1.004537344959299583e+00
1.023123844235916291e+00
9.684785813285765599e-01
1.011597675864459367e+00
9.896999245273554457e-01
1.024365426596736350e+00
9.994063511225592666e-01
1.007678413125759453e+00
1.020889136870734237e+00
9.782326816082250742e-01
1.007120195543433239e+00
9.875117163869077119e-01
1.014673438219751977e+00
1.005869623473157004e+00
1.021399676656507660e+00
1.005951450126665980e+00
9.906591930106029009e-01
9.839941198192897476e-01
9.748438761000639552e-01
9.892321181351756421e-01
9.774076421962357708e-01
1.004622792195278169e+00
9.939570751801706239e-01
9.957666745421270837e-01
9.945887288549609684e-01
9.988514435256652391e-01
1.028684897434846368e+00
1.008336111705464999e+00
9.736796245797804117e-01
1.019078359760803965e+00
9.978464643423569091e-01
9.725421872827473280e-01
9.895153207388340810e-01
9.924440116991735117e-01
1.001093847347428678e+00
9.905674897941858514e-01
1.052127805029325014e+00
9.879152235972039620e-01
9.612713678280508933e-01
9.702905750283479236e-01
1.010522416062216600e+00
1.021003379738821382e+00
1.003547396254661939e+00
9.767799300103977567e-01
9.568184475367765840e-01
1.006898248065613233e+00
1.008040668999989897e+00
1.028201583516318074e+00
1.002019392060378600e+00
1.017829436243417485e+00
1.022610854549754533e+00
9.880967314824595782e-01
9.852722922064973687e-01
1.006415976358465025e+00
1.008581296629671220e+00
1.023317363065489483e+00
1.016102459096187349e+00
9.775702175102524150e-01
9.962312255937866290e-01
9.989407369185384633e-01
1.001985810267562282e+00
9.915416261059072367e-01
1.004069091657280310e+00
1.007360708837118590e+00
9.866619335930860712e-01
1.001971917974204596e+00
1.026676420675828094e+00
9.726596532840581233e-01
9.852910482164790595e-01
1.034879453320269205e+00
9.820894639463637610e-01
1.002152096077886689e+00
1.014716245604020628e+00
9.848704690561975728e-01
9.557291282854026848e-01
9.662098912417103058e-01
9.950264591958701832e-01
1.021923200038416413e+00
1.024687801201877857e+00
9.960732601722270818e-01
9.633277921285550160e-01
9.943716985383843632e-01
1.019058934909886416e+00
9.851732411364418907e-01
9.570591409816646689e-01
1.012824099060716687e+00
1.023694520594728985e+00
9.957141859597449240e-01
9.635897188119153522e-01
9.732688399145106306e-01
9.927876610147172709e-01
9.989571704611472924e-01
1.002414008063712281e+00
1.024999283773548431e+00
1.009946058275967840e+00
9.929838285489199778e-01
9.798237750570715221e-01
1.007099959989585347e+00
9.906404568686106860e-01
9.758234437220393298e-01
1.021838189553156306e+00
1.021492586608141240e+00
9.861383106867719350e-01
9.850661743096708056e-01
1.026409202899497775e+00
9.691129325355888335e-01
9.702720343436186390e-01
9.860367814637487349e-01
9.962190117920353138e-01
1.026396554057790400e+00
9.744648157184339077e-01
1.039504670681995480e+00
9.976718069031123015e-01
1.010612904660864952e+00
1.015641759751687356e+00
1.010750072872535821e+00
9.947554800239414297e-01
9.770281599913049897e-01
9.718544268382781626e-01
9.970067625759828633e-01
1.013339563505628149e+00
1.001898470619223103e+00
1.039272225005520855e+00
9.974545866779932490e-01
1.004155331561704667e+00
1.015494149168202576e+00
1.029506915730016292e+00
9.918945897502132736e-01
1.032093230925073879e+00
1.020307396926400489e+00
1.016496834317101028e+00
1.011428553633792360e+00
9.890319481042680883e-01
9.970769026862262852e-01
9.955698605477533158e-01
1.015422287317335526e+00
1.014089357320859364e+00
1.012840005540764476e+00
1.009697438130503278e+00
9.996258703946268032e-01
1.008238750418754437e+00
9.858980581669348764e-01
9.941100766300309255e-01
1.021645407393608762e+00
9.897952182726221793e-01
1.020968109039890548e+00
1.006849066712929952e+00
9.640072710120819455e-01
1.030236123438110774e+00
9.832262447700450547e-01
1.009351202356715937e+00
9.957926159454021375e-01
9.845842581517897374e-01
9.900815031509868636e-01
1.018673027596959990e+00
1.013948941207110099e+00
1.016888554922011023e+00
1.037502636378931919e+00
1.014929976547243706e+00
9.190462348922250335e-01
1.021589447888267221e+00
1.003728362648257377e+00
9.782333842289759884e-01
9.689826882781426010e-01
9.911787872294087753e-01
9.892036196882336707e-01
9.889519862400940609e-01
1.035705041709078511e+00
1.009143733542982480e+00
9.635073813309878998e-01
1.006996122887017897e+00
1.010815216782291914e+00
1.000581891371447707e+00
9.925841464784371793e-01
1.001931100213683257e+00
9.789662062488565519e-01
1.000187196254232136e+00
1.004420645620293762e+00
1.004826085623581333e+00
9.605199244901142519e-01
9.446939273270013038e-01
1.018832645587107733e+00
1.018818514859190616e+00
9.750799480864218438e-01
9.708121842755237374e-01
1.006012479746498878e+00
9.840011980972723782e-01
9.808504476504453784e-01
9.994701120032309927e-01
9.941622389554127803e-01
1.000496174985688880e+00
1.006142695649492991e+00
9.847117273565477724e-01
9.890949647523783472e-01
9.796210850608394471e-01
1.025777079561105198e+00
1.015635596685722009e+00
9.641614049210400772e-01
9.795456470568792984e-01
9.787485327998804996e-01
9.998941560506470205e-01
1.022344607525161875e+00
9.877249961952079271e-01
1.067005305716783203e+00
9.837414882958309681e-01
1.003077527010304282e+00
1.015372002852747313e+00
9.621073315489599986e-01
9.835956606243507760e-01
1.004455865602186915e+00
1.004145598104410508e+00
1.007527024985046094e+00
1.004907134161722615e+00
1.033025856295797018e+00
9.824234056430126705e-01
9.971046418072198048e-01
1.012511185037681338e+00
9.895421660306678024e-01
1.010825613970077752e+00
1.002147935491169317e+00
1.009234743143968771e+00
1.025334020051853701e+00
1.017488522769149917e+00
9.464910043305693188e-01
1.003445674272080979e+00
1.007417128355041047e+00
1.021019207397824591e+00
1.010853378235799793e+00
1.000662326962729054e+00
9.921584945487246232e-01
9.779475430199053854e-01
1.012964100277931045e+00
9.481975342482747982e-01
1.020986052097522467e+00
9.747773857091919236e-01
9.922090330017825366e-01
9.724311952893851529e-01
9.660674645600384469e-01
9.911447544367860685e-01
1.008331225578288803e+00
9.988346805482455348e-01
9.689061192520391774e-01
9.879611579625227069e-01
9.688322086369991482e-01
9.856316745285679248e-01
9.811315919214059766e-01
1.023838927689036060e+00
9.764169833013742750e-01
9.727127276579610182e-01
9.514080843717311886e-01
9.793684186616534726e-01
9.989641303934773120e-01
9.962676880774601340e-01
9.869432347844250275e-01
1.008545437874687867e+00
9.970753664251496007e-01
9.618349475727423492e-01
1.004055605805413531e+00
9.804522383472271674e-01
9.812243793751325160e-01
9.976693871454709317e-01
1.008341761503345202e+00
9.718405276634097811e-01
9.678541925944299518e-01
9.550395386381710372e-01
9.947732551593756467e-01
1.035507115032963776e+00
1.023170553606984168e+00
9.784094045658519034e-01
1.028582409383543395e+00
9.830656564187684188e-01
1.014850366803237369e+00
1.008631840348780395e+00
9.751169715975546159e-01
1.005158648371585972e+00
1.004351615161335420e+00
9.836099387190366805e-01
1.029453063678065439e+00
9.825204874323582027e-01
1.004871364991416938e+00
1.010678861098452508e+00
9.570241856975962857e-01
9.720545245709529825e-01
9.994406536707963751e-01
9.881377646088143063e-01
9.708202492143884754e-01
9.629056395980182259e-01
1.018350019234055104e+00
9.473636925899110439e-01
9.845307294983596247e-01
9.856664196936468780e-01
9.856034058232550077e-01
1.016781374043008945e+00
9.604160286735575758e-01
9.937795338953339108e-01
1.015060505872579233e+00
9.799203049810674138e-01
9.903598347162553273e-01
1.019908903807546618e+00
1.009000922666125843e+00
9.891689102931475741e-01
1.010166632783053187e+00
1.035272656765952926e+00
1.013813806744449320e+00
1.005942223132310520e+00
1.032154245363062106e+00
9.701152240614635547e-01
9.944228664457377409e-01
9.660574758703031062e-01
1.004009499576923981e+00
9.982483630054725943e-01
1.004037683278772741e+00
9.956001164728436326e-01
9.970027981932512162e-01
9.593809597393596622e-01
1.018751884795218388e+00
9.893294496779559966e-01
9.701352016962070390e-01
1.021181672588053369e+00
9.886435996802114268e-01
9.972337410775964361e-01
1.020869052367504581e+00
1.001087601871358590e+00
9.526729791330600383e-01
1.013438537462697520e+00
1.006474180732585655e+00
9.750227569803082694e-01
9.978136720049177733e-01
9.994934636052982269e-01
9.693093270845386522e-01
1.016227326084562899e+00
9.770041746621129786e-01
9.876078550749138873e-01
9.811361065140430382e-01
9.842363561809451822e-01
9.930542698962057102e-01
9.918273710783931385e-01
9.679171840576532571e-01
9.728884641053839877e-01
9.672907965310008072e-01
1.004398679037670439e+00
9.957277852540566965e-01
1.013583061005215447e+00
9.817001767235601362e-01
9.990267491062526650e-01
1.014553884032820541e+00
9.798966646964905047e-01
9.727434271571320235e-01
1.030862309737650584e+00
9.832517015967069396e-01
1.003155808136019900e+00
9.828935714021381775e-01
1.009991388517509359e+00
9.808822318469216928e-01
1.011794473274267858e+00
1.012705658186445534e+00
9.687808124653051189e-01
9.975300615753949218e-01
1.015817755505757258e+00
1.009445611882647809e+00
9.687713583571678777e-01
9.907871258679825655e-01
1.036915216832185349e+00
9.950721198523005961e-01
9.900296417536476046e-01
9.739502585756419917e-01
1.011010070134762628e+00
9.850070501472856233e-01
9.957455981085393537e-01
9.834889755765809927e-01
9.908417557871941339e-01
9.505560239310822945e-01
1.002476867727962517e+00
9.814045286129748913e-01
9.923225035452517551e-01
9.778871550746528474e-01
9.537369686324753681e-01
9.982716751319824500e-01
1.023707842424658621e+00
1.018377017104640681e+00
9.903240472271649386e-01
1.003217146074032673e+00
9.671708725560655973e-01
9.898036845327630173e-01
9.875450707684927387e-01
9.776820978828678621e-01
9.850709003184423551e-01
1.019696266919800642e+00
9.980763261749603377e-01
9.982488681540712117e-01
1.007558923776446180e+00
9.605495928478477996e-01
9.770725016159491627e-01
9.741745026943313679e-01
1.016998554837034829e+00
9.905323378222761210e-01
9.836592051778219048e-01
1.001688327169581116e+00
9.864150761439658410e-01
1.015926618648620883e+00
9.941852780904929521e-01
9.836248373298080994e-01
9.509971066573653653e-01
9.922389782707352612e-01
9.754048173977991620e-01
1.012545203176354880e+00
1.016961746807070854e+00
9.812314674806218440e-01
9.726528366862470243e-01
9.972683233634503930e-01
9.935273634503788420e-01
1.004947324991040780e+00
1.030374496359054426e+00
9.278955073067084447e-01
1.020916395605993898e+00
9.820261244491068631e-01
9.854227405321251965e-01
9.741443166927302721e-01
9.655723034055647691e-01
9.546139266582926997e-01
9.744397850304972186e-01
9.874376005355263164e-01
9.963091452553276550e-01
9.755031513113221475e-01
9.788928175697662049e-01
9.890915666850442767e-01
9.776697939118429437e-01
9.764138570269785822e-01
1.030156120985097346e+00
9.733125475133002080e-01
9.828157563620349979e-01
9.826478050010857279e-01
9.539153347843307706e-01
9.989685118036528699e-01
1.009087937334500751e+00
1.007880095593617575e+00
9.772286835426891027e-01
1.035324601945744272e+00
9.665522820062054654e-01
9.971022392443882332e-01
9.968169900169441267e-01
9.755494326892949486e-01
1.023639680492066883e+00
9.985116612064505182e-01
1.012110165941854545e+00
1.004797588216747251e+00
9.979548933188944204e-01
9.792126466008473917e-01
9.855285139307902176e-01
9.992191391319067417e-01
1.015398765045032903e+00
9.880449997247264804e-01
9.836935877536994166e-01
9.734999750722950207e-01
9.531603632006422355e-01
9.980570234602711421e-01
1.004145269237912697e+00
9.534980096143353956e-01
9.742582326194161313e-01
1.010376831113954044e+00
1.007517151228720653e+00
9.977010692926344682e-01
9.980148108794784090e-01
9.853934879152109749e-01
1.028442693416780074e+00
9.940105809831988326e-01
9.890395822400538384e-01
9.878886554494376027e-01
1.003177997773047725e+00
9.817726704985098030e-01
9.877521350693099222e-01
9.721811097941305269e-01
9.754475226598250392e-01
9.595746700947944685e-01
9.855695916349477281e-01
1.007142478857232071e+00
1.023863724533418562e+00
1.003321026939400396e+00
9.627143900478036809e-01
9.873550568273717909e-01
1.000163004735676653e+00
9.649210125496444634e-01
9.895491926886444967e-01
9.844738464235156528e-01
9.858429850360740376e-01
9.633066755294255046e-01
9.385543066974065818e-01
9.486880544487261702e-01
9.951714228870497392e-01
9.692800752894227267e-01
9.831271221258174320e-01
1.006422712725634661e+00
9.715665217252805741e-01
9.704259079333231730e-01
1.036964659653546894e+00
9.789434516963261279e-01
9.935027919486337789e-01
9.366700415175047700e-01
9.694970520849556239e-01
9.951510372667635718e-01
1.007977569913157900e+00
1.022979764493264998e+00
1.012728299609077620e+00
9.697112278488684289e-01
1.005445599529839917e+00
9.739678823752527803e-01
9.954279579464759831e-01
1.032075422919870089e+00
1.007156078715665037e+00
1.000010003249410806e+00
9.685367648640853533e-01
9.762180073535117186e-01
1.010791590573988818e+00
9.839214924284611641e-01
1.010098771268074458e+00
1.017857532950755983e+00
1.021038318196455519e+00
9.989054170958524548e-01
1.011415437095139369e+00
9.570018452417695665e-01
9.782783865693106540e-01
9.689981724635061688e-01
1.010582801046142842e+00
1.007892727354042339e+00
1.005069463061660562e+00
9.882354715396991507e-01
9.977315077674318022e-01
1.008862426726969463e+00
1.029055553581638582e+00
1.011149725024794055e+00
1.035157288569235279e+00
9.912522011881882422e-01
1.004037431991598117e+00
9.700145354338175485e-01
9.881396453586126505e-01
1.026328076339260598e+00
1.032387593033974538e+00
9.992318461521478845e-01
9.968644674826673269e-01
9.641182450597183262e-01
9.802317957791102376e-01
9.744525149045815127e-01
1.016098288584470710e+00
9.975662775967900631e-01
9.853531517590955469e-01
9.831901895334118624e-01
1.000291290330796556e+00
9.951804960416040791e-01
9.929200933749204872e-01
1.016105875638754208e+00
9.838485927857167912e-01
9.906840468376147957e-01
9.502537112932892827e-01
9.960968840806820879e-01
9.934106023176185740e-01
9.398189978863467076e-01
9.885091671122810952e-01
1.013812164986480857e+00
9.497910615785963850e-01
1.000589764328707165e+00
9.906725592205849473e-01
1.026061356099655875e+00
1.008685954738289370e+00
1.006470619510256181e+00
9.876937008582205024e-01
9.715387514072202357e-01
1.003058480675601105e+00
9.986970204997027700e-01
9.911944017386765671e-01
9.940673652854967735e-01
9.961711345119442784e-01
9.710566478525283207e-01
9.896474140149407184e-01
9.827398317043496423e-01
9.869192921714855515e-01
1.005354752117840977e+00
1.031730276657503387e+00
1.002500204252736893e+00
1.037881904277421663e+00
1.016116313659498616e+00
1.013361920201874877e+00
1.002031526453095678e+00
1.028192547741077822e+00
1.020268220093593525e+00
9.979697662381553647e-01
9.975485820987609609e-01
1.013823757581740370e+00
1.049141831348191056e+00
1.019842492608158402e+00
9.998816690220495573e-01
1.012077946465186118e+00
1.011368223362551833e+00
1.015652493850807359e+00
1.048159315825642590e+00
1.014470840349895875e+00
9.848218824126998561e-01
9.900486558467980203e-01
9.971912407236572795e-01
1.024920625623457537e+00
9.584091355621219277e-01
9.881539283959285269e-01
9.959681808854722318e-01
9.875872233557329016e-01
9.761560908419567584e-01
1.020337077354962263e+00
1.042803247202889194e+00
9.986076334485902706e-01
9.929352465550500551e-01
1.043314170526380869e+00
1.007345102169185713e+00
1.027881863710836452e+00
1.005926076071647524e+00
1.036193212517535933e+00
9.689836622722284298e-01
1.018831683525120768e+00
1.007988642774070298e+00
9.423519314750071763e-01
1.052109722775006029e+00
9.711234133122985668e-01
9.921553006441535816e-01
1.007649310897917205e+00
9.901689232690832343e-01
9.814007771111192824e-01
9.888535980793204949e-01
9.757930738658880943e-01
1.007574449440258313e+00
9.725124824568460724e-01
9.840561571521346806e-01
1.014221038561821109e+00
1.016276331867942861e+00
9.858536424598267622e-01
1.053719433659432880e+00
9.736745933861868929e-01
9.942910162059815926e-01
1.006384451128932822e+00
1.046808524751816405e+00
9.703032111332045018e-01
1.002307390669328280e+00
1.007542625639786804e+00
9.761074033618124535e-01
9.700355692205430147e-01
9.903202796063546032e-01
9.695287227835778232e-01
1.012891729172903821e+00
1.030098943495610486e+00
9.851788905515749262e-01
1.002636863267914125e+00
9.949049359366959333e-01
1.018819785087788476e+00
1.033675971802919147e+00
1.026564539515563146e+00
1.025126615092065929e+00
1.022597627742929838e+00
9.817269179012482194e-01
9.973127312552706458e-01
9.823559903382578229e-01
1.012327796555602566e+00
1.030938904387538768e+00
9.993468471843636181e-01
1.021494653557202703e+00
1.037021765654761785e+00
1.003392910405897398e+00
9.845788290793130448e-01
1.016216410565063955e+00
9.986310329825411891e-01
9.790342079742017090e-01
1.013997152466916685e+00
9.801577291673672088e-01
9.712742348881661103e-01
9.944968762606121171e-01
1.039872466383979788e+00
9.624748262861472226e-01
1.003341833025736873e+00
9.971319663160799207e-01
9.846401746706511249e-01
9.746823483072933891e-01
1.031252141024361357e+00
9.820057500502398229e-01
9.994540720212894414e-01
9.795139011048648037e-01
1.022876416830318824e+00
9.893183027848347910e-01
9.948250230792821114e-01
9.796926505498357862e-01
1.012298742358396897e+00
9.969542703115726878e-01
1.022893398593195613e+00
1.002482385216874716e+00
1.017543737239135382e+00
1.018682943838946198e+00
9.573337803817000280e-01
9.942089883551027407e-01
9.991196249273066599e-01
9.778711877450285694e-01
1.002656541960837311e+00
1.017850554878007463e+00
9.781036000537194353e-01
9.686397215644283465e-01
9.801870075936062188e-01
1.000393877812828736e+00
9.839760519842698505e-01
9.970289922280557438e-01
1.004414301225400319e+00
9.967248630368561457e-01
1.013950518690217129e+00
9.839932771547376111e-01
9.716425553019475414e-01
1.005864867876125279e+00
1.011106914520109923e+00
1.028288426323443083e+00
1.015910407126887627e+00
9.527086201367813700e-01
1.022305310412258583e+00
1.015421196607008580e+00
9.844171903859523232e-01
9.783204025435494611e-01
1.005176508073532426e+00
9.770475535488453156e-01
1.032230159919067303e+00
1.018785355485591904e+00
9.879363878454335834e-01
1.008028840560805550e+00
1.042412803097500840e+00
9.953587241129239205e-01
1.017561887888165151e+00
9.806272568015721447e-01
1.010395452968356089e+00
9.853654464088038578e-01
1.006724222869297192e+00
9.802313738957787459e-01
1.007048467459641827e+00
9.951301602788186207e-01
9.857064283746912459e-01
1.007945953952427365e+00
1.006541472732081388e+00
9.795223355750021232e-01
9.781244914822609937e-01
9.641741112915184209e-01
1.007872802931381928e+00
1.043984344030719713e+00
9.943497948070540993e-01
9.916295678920724610e-01
1.023296302887208187e+00
1.008697280641535743e+00
9.758167828538544253e-01
1.022505525824588313e+00
9.502862086446869361e-01
9.942548616605972889e-01
1.009184786158119573e+00
9.854491672344755093e-01
1.037093041602762389e+00
1.011994521581811135e+00
1.024477823762492523e+00
9.863182456199874881e-01
9.771583651732604903e-01
1.005443542417244318e+00
1.028802215572275358e+00
9.954565048964756357e-01
1.001536781845734803e+00
9.934686380112784931e-01
9.974630589450806939e-01
9.691583300932590239e-01
1.012057947106322464e+00
9.712904598542898560e-01
1.010136425298665763e+00
9.909792546044925432e-01
9.918595758759529701e-01
1.005295535579667332e+00
1.000403822152759581e+00
9.765888372076216850e-01
1.013794210357392700e+00
1.013443623436108165e+00
1.010742133696054035e+00
9.835973910392273867e-01
1.006101042539144119e+00
1.032709780067346372e+00
9.969008901339989626e-01
9.875981700071773117e-01
1.014573095555542981e+00
9.817170033372117910e-01
9.930505354806716811e-01
1.014489446387643046e+00
1.052742097050275438e+00
9.574805704646333071e-01
1.018506983675762756e+00
1.006679400797919177e+00
1.015976373492639473e+00
1.037800884097503040e+00
1.028882945149566241e+00
9.846284006412401313e-01
9.743575874386428692e-01
1.009798169929589706e+00
1.002736997938172392e+00
1.021919874851010324e+00
1.008536504533762868e+00
9.999866457317757584e-01
1.013112309018465496e+00
1.007876265725932807e+00
9.904028040424456281e-01
9.926084400376457006e-01
9.866794902927366051e-01
9.710531044428469816e-01
1.011931993556274945e+00
9.923285154555738785e-01
9.762401436014472855e-01
9.943476507374938711e-01
1.009648761572613074e+00
1.009116638176107195e+00
1.007535385910747872e+00
1.013459179846416314e+00
1.014031284505079622e+00
1.036507284902838943e+00
1.003265909771690501e+00
9.580883300428228999e-01
1.021078609585978514e+00
1.017168722816186532e+00
9.962602761391262662e-01
9.793011032876957067e-01
9.771373129388079004e-01
9.661383911628619314e-01
9.965192707841136199e-01
1.026260676104361114e+00
1.057584041390071006e+00
1.015413899786906216e+00
9.964514922182384771e-01
9.833748689022118183e-01
9.869781891249481687e-01
9.839623681189579862e-01
9.626780380011742411e-01
9.959773524466056793e-01
1.021353365249373146e+00
1.016487361327937711e+00
9.866620255049959320e-01
9.951697018087622970e-01
9.368287606408808310e-01
1.038405178969606046e+00
9.849427120112730361e-01
9.980293476204011860e-01
1.012060423981055779e+00
9.976720630340671914e-01
1.006731100530337653e+00
9.934825813867549371e-01
9.836537375385254744e-01
1.004142643096495258e+00
1.021729510763215165e+00
1.044090801380611611e+00
1.028440228806717371e+00
1.005342803670484564e+00
1.017216676072209447e+00
1.063344474841171339e+00
9.932349664778467035e-01
9.845303996088016207e-01
1.013100136002336171e+00
1.005395650974572952e+00
9.970485386517857762e-01
1.002737717388988870e+00
1.009465036996634035e+00
1.015440750362079703e+00
1.004560559800142805e+00
9.938854784424777655e-01
9.821407761107541212e-01
1.030441438870203896e+00
9.683249869624879214e-01
9.811287577504835822e-01
9.919801854653356177e-01
1.013579475364450255e+00
9.966897568425296949e-01
1.032897438834783577e+00
1.013082150690360672e+00
1.007593276391661741e+00
9.762697278913778920e-01
9.515705245400061241e-01
9.743482688936033753e-01
9.763323368045281336e-01
9.969769277038942334e-01
1.011884783157054990e+00
9.827224487500413330e-01
9.828342229956307241e-01
9.596428527446372314e-01
1.011184342753867149e+00
1.001496272922978159e+00
1.010001403150402988e+00
1.002674671668621675e+00
1.020263792194876062e+00
9.988350085982788951e-01
1.024608743984148918e+00
1.014506481730480081e+00
9.577696613133913628e-01
1.000056741764040913e+00
9.759279251439598735e-01
9.833005614886191070e-01
9.896925428772641586e-01
9.999470653061536263e-01
9.837112737982575128e-01
9.917018361200413690e-01
1.008828087181115274e+00
1.000401920604412576e+00
1.026831168897176072e+00
9.992971915062615063e-01
9.950765625736736064e-01
1.009612747071263250e+00
9.802280642856477932e-01
9.827023274437822753e-01
9.987067224040814262e-01
9.954083177225377943e-01
1.002568316852605390e+00
1.012548364568635506e+00
1.005210473965359119e+00
9.909951842912452236e-01
9.881841497599620494e-01
1.012602325536325454e+00
1.015616503339340948e+00
9.538652241530034548e-01
9.891487370806860691e-01
9.899424792181577004e-01
1.021056612780817385e+00
1.016917818461830825e+00
9.946218080368475212e-01
1.025736875674711168e+00
1.040678556049993375e+00
9.725127701941892466e-01
9.971567706141730714e-01
1.010645159975931406e+00
9.818329471437913236e-01
1.017826621253102859e+00
9.939057996804203654e-01
9.830676531810301766e-01
9.996626148674345735e-01
9.759658386963785404e-01
1.032429450790599113e+00
1.019519441874545906e+00
9.856987217539262547e-01
1.016297821165325743e+00
1.013994097276420980e+00
9.725050108889174982e-01
9.757682174514614726e-01
1.006684529764886316e+00
9.639933718315165656e-01
9.975608506315366553e-01
9.750242302693609142e-01
1.005764520754560465e+00
9.520861966028421053e-01
9.734084565552909574e-01
9.755416648450062622e-01
1.012551982062684708e+00
9.977972701294371971e-01
9.886800622261643356e-01
9.749642308630650511e-01
9.789878669252177756e-01
9.957724120397639656e-01
9.549181291011242800e-01
9.978292489751914296e-01
1.002931750438028624e+00
9.974079409343331593e-01
9.823366795150068054e-01
9.922793568629175720e-01
9.701742018840704418e-01
1.000973602696075604e+00
1.026351560009744146e+00
1.023921441267962695e+00
1.019877589983311017e+00
9.756907571523564249e-01
1.013301328490945119e+00
1.019790879685878560e+00
9.544012233247871624e-01
1.009803192687664275e+00
9.742931381126825885e-01
9.938580051115196712e-01
1.036199989930387089e+00
9.832763402255629837e-01
1.005460637844089122e+00
1.008198554761347232e+00
1.002849116351748338e+00
9.798082863211192706e-01
9.888947843623295819e-01
1.005237716233057910e+00
9.877707057244473621e-01
1.001352638190738276e+00
1.001499035167200624e+00
1.013582865963667645e+00
9.513355673998199480e-01
9.705668008082076748e-01
9.881789608262203650e-01
9.973403594260800142e-01
1.011330550517669513e+00
9.744115803493867967e-01
9.919328123363709837e-01
1.036427214427620092e+00
1.019093800737332245e+00
9.701282021798528499e-01
9.914837148305373216e-01
9.989281679570674033e-01
9.969465047051701001e-01
9.913467620851578177e-01
9.830999567316390797e-01
9.848581162736247396e-01
9.577774051717693471e-01
1.010125171099669039e+00
1.028716852558136718e+00
1.006115725749217260e+00
9.763343193153563027e-01
9.942601301769369293e-01
9.899208746727290453e-01
9.864095992436324734e-01
1.021701709951359449e+00
1.022034901482207436e+00
1.006591466934414703e+00
1.006500565747759479e+00
1.006747962357608994e+00
9.758858995698604932e-01
1.003928809496748231e+00
9.624640164059448111e-01
1.018521874105976499e+00
1.000044304829324382e+00
9.755572669999095226e-01
9.704874145747498515e-01
1.029922240261049726e+00
1.027660523338501664e+00
1.000838576679880410e+00
1.003300121588862392e+00
1.010095227163625209e+00
1.008930042232420332e+00
9.706326327603487236e-01
9.461762353026608174e-01
1.008759466578204922e+00
9.786451888559548618e-01
1.015187445704605285e+00
9.973913472833861871e-01
9.597352450982782335e-01
9.528696990437169889e-01
9.669047785682897134e-01
9.991520956355431915e-01
9.831074309713042636e-01
1.060575620598614099e+00
9.768390233136520218e-01
1.016622751369817390e+00
1.014734458301499886e+00
1.014449932001899812e+00
1.001575914959736302e+00
1.003321788285062022e+00
9.933611315378221285e-01
9.852951336907262991e-01
9.916917686300962265e-01
9.803768115245563575e-01
9.985943762864120110e-01
1.023832635796853241e+00
9.973975432962216559e-01
9.885381220292506210e-01
1.012715619316170823e+00
1.007320259300313881e+00
1.014243479382516355e+00
1.022314467020443818e+00
1.001322883337544933e+00
1.030448845797967694e+00
9.888481634944752408e-01
1.001109602299729229e+00
1.028156543587941618e+00
1.018784495458061601e+00
9.808605139997598199e-01
1.014394887820310398e+00
9.794728571686384111e-01
9.980121363970577697e-01
9.888784948652002971e-01
9.879339934538350354e-01
1.038322410080092961e+00
9.892024173886480032e-01
9.790013691599244172e-01
1.007409898326498743e+00
1.024410993409292203e+00
9.969524804792159189e-01
1.005840947690318954e+00
9.998542748897335519e-01
1.045930544450098365e+00
9.607251590835897970e-01
1.027955635435628512e+00
9.726118259615791350e-01
9.750841115115120861e-01
1.020717296928857154e+00
9.660306804144801474e-01
9.572823084804332749e-01
1.017491260425056776e+00
1.017962306934229844e+00
9.909292012691663931e-01
1.002959392396534533e+00
1.002571883765305261e+00
9.852650740350609171e-01
9.943468530780049663e-01
9.683908049286131803e-01
1.023720956995978648e+00
9.950667524848952894e-01
9.780688912094110954e-01
1.018211052857540766e+00
9.834688535819019473e-01
9.529817233588717684e-01
9.850617153096480338e-01
1.035948823550122855e+00
1.011603986684129763e+00
9.876228814991123706e-01
9.930850135536027912e-01
1.006600697531682354e+00
9.646265003343335032e-01
1.037171851269297340e+00
9.970426460795793755e-01
9.888164273630362100e-01
1.031413884297517569e+00
9.926703779866439259e-01
1.008810396923716768e+00
1.011647153261962639e+00
9.935067542091446935e-01
1.000290533407679483e+00
1.001567409180402990e+00
9.759335458072747604e-01
9.567620245821673031e-01
1.024420865837118999e+00
1.015385718645269053e+00
