# signal periods in days
1.133531814455777464e+01
3.692520308847697947e+02
2.892237976378252284e+01
1.596927911062597616e+01
1.486386254334458457e+01
2.134307978250478186e+02
2.435303551065982930e+01
5.629453733387416392e+00
2.272967295872935978e+01
1.740247454958876574e+02
8.720167627011004896e+00
2.270734081036648178e+01
1.005433465229296885e+01
2.832303979247699885e+02
1.310832246403882095e+01
1.658243827412113092e+01
1.311824470364428308e+01
3.521135246856724166e+02
4.401556755406780930e+00
2.114920097719548764e+01
