# data in one-minute intervals
9.896590601295178757e-01
1.008372532550338985e+00
9.959302409252225319e-01
9.856632847494199989e-01
1.003165249947997051e+00
9.989313080707988846e-01
9.864712652971805440e-01
1.012353155314852815e+00
9.967449807088170077e-01
9.967458872802313907e-01
9.871008728385447517e-01
9.965078490267582634e-01
9.915398655419850327e-01
1.003007108124920110e+00
9.795662562979035037e-01
9.966048083124496859e-01
9.966121315769352895e-01
1.004685109127166465e+00
9.979249824354660126e-01
9.984186198901239262e-01
9.954160065056255613e-01
1.010769820471082658e+00
1.007499041575651288e+00
9.913272640173247385e-01
1.024465644368414141e+00
1.014492601814718231e+00
9.819184852059964497e-01
1.001466249781731266e+00
9.970635746231456542e-01
1.008154326653160293e+00
9.925061936598856827e-01
9.965998948961988235e-01
9.986296822246808480e-01
1.010244424217804138e+00
1.017737505861069147e+00
1.020861291268185367e+00
9.861651355590997925e-01
9.853464167938155160e-01
9.857101227873616978e-01
1.008117479202522482e+00
1.016751951819899524e+00
9.867722820877982137e-01
9.958909668279040117e-01
1.008743624691540663e+00
9.830092514548546268e-01
9.950406245091164559e-01
1.019524756092208495e+00
9.880722871349071346e-01
9.877803173938902725e-01
1.002835559867262250e+00
9.873245425704078038e-01
1.001560516729108175e+00
1.013556370029683462e+00
9.900754731355488891e-01
9.933813023261847119e-01
9.888470466229267730e-01
1.004495363002107178e+00
9.968739730951516886e-01
9.945635550219903420e-01
1.001333693079610176e+00
1.003850405202319163e+00
1.013244731280890765e+00
9.877312088396054124e-01
9.916528748971149554e-01
9.950725752125968437e-01
9.962904551528636299e-01
1.001731146419603480e+00
1.006139470250396739e+00
1.007500330193443761e+00
1.000011319471436844e+00
9.846241007238140108e-01
1.006816016211451448e+00
9.846042034208468685e-01
1.002879750471627363e+00
9.803040517810386323e-01
9.941543499284246632e-01
9.828796968641891896e-01
9.946716361611410706e-01
9.978862832437708219e-01
9.908472181455483252e-01
1.001765067506311224e+00
9.868663629756679878e-01
1.004551798926092365e+00
9.813068233483821512e-01
1.010211845807343023e+00
9.912916750263369714e-01
9.940582639188068059e-01
9.895457315008311383e-01
9.946686324000642010e-01
9.974420277651996347e-01
9.977595917327590769e-01
1.016205922099636227e+00
9.981894461062670310e-01
9.988051951177520094e-01
1.011324546131430413e+00
1.000192099558802727e+00
1.009339190643377737e+00
1.014749724550705334e+00
1.003270322855285501e+00
1.012044584881015119e+00
1.000892729147478288e+00
1.009149327120920869e+00
1.001872764856871711e+00
1.000769876021768034e+00
9.983460756581707951e-01
1.002071182569320928e+00
9.986372119734557851e-01
9.923967247796906532e-01
9.885452051449494792e-01
1.024418871504696682e+00
9.922483689690838604e-01
1.000525901590247235e+00
9.837923150277896323e-01
1.011860676392540181e+00
1.000800255014548723e+00
1.002372970599384461e+00
1.000267421693117775e+00
9.940453319151517642e-01
1.005301614993469261e+00
1.005705346283279233e+00
9.983707578471051614e-01
9.962603570001330455e-01
1.012258282851812963e+00
9.869476907023895240e-01
9.914287505394339117e-01
9.908162398686083394e-01
1.001069029711026959e+00
9.968086342089216290e-01
9.921910013853479926e-01
1.016292266102858832e+00
9.910462964128093910e-01
1.001158995315787115e+00
9.818140696694980241e-01
1.001507505546626930e+00
9.988027099294258804e-01
1.016050978243227654e+00
9.944428474741126012e-01
1.013715037139083508e+00
9.941638509401868884e-01
1.000015811252189080e+00
1.013097078128722739e+00
1.004928206218220543e+00
9.822516251669284326e-01
9.829613008068814883e-01
9.974283393829064259e-01
1.007328322053098413e+00
9.951060193250933494e-01
9.991461825258621809e-01
1.016635566954485759e+00
1.013185606856189080e+00
9.837574883693767092e-01
1.005169032755420133e+00
1.011052244539677458e+00
9.838922356110955114e-01
1.017966722671172164e+00
9.915418254529418940e-01
1.007822701090876683e+00
9.979819034119649102e-01
9.960769983402607552e-01
9.995832925900710597e-01
9.888912167873885606e-01
9.781767715551461517e-01
1.019257522288697038e+00
1.000035276532116768e+00
9.990502785810908559e-01
9.969665934293374665e-01
9.973646282169692512e-01
1.014303304818494844e+00
1.008150576972497436e+00
1.009741395251471108e+00
9.929507902384920870e-01
1.011354226012939561e+00
1.003875204776859986e+00
1.009839159684131404e+00
1.015743708722580463e+00
9.935410215524659305e-01
9.897190886474919180e-01
1.008543519206476224e+00
9.848385630045184413e-01
9.953530438588765739e-01
1.008688986008092758e+00
1.009831350627958813e+00
9.871534599022149248e-01
1.024167515075514290e+00
1.002192517188750909e+00
1.012434104426653603e+00
1.010511166700134966e+00
9.897476917053972256e-01
9.937560793045646657e-01
9.911651473140543622e-01
9.853526601297618592e-01
1.000606517441890997e+00
9.916652045055387443e-01
9.994332670219501225e-01
9.949321961213241083e-01
1.004979520866779330e+00
9.865633534769192581e-01
1.002387892696760652e+00
9.911064340556544616e-01
9.914993999557452087e-01
1.004628574795106921e+00
9.852335787402232148e-01
1.006879516507232841e+00
9.899421357219015949e-01
9.933722787720000724e-01
1.000360827233345073e+00
1.015600090548169243e+00
9.827686577406078428e-01
9.921578757238079804e-01
1.017496654357619601e+00
1.000969080132800837e+00
1.001342190225140261e+00
1.008176564734704073e+00
9.997000896948791127e-01
9.934526899522191368e-01
1.001514832004439359e+00
1.002216159874241397e+00
1.012994194270955051e+00
1.007138816503571066e+00
9.939158812109635255e-01
9.915189839687771345e-01
1.001571295336958656e+00
9.968912018534065167e-01
9.973856764276122222e-01
9.978035903051937217e-01
1.004558245270347649e+00
9.998078414229140121e-01
9.995066950786191118e-01
9.855369501836424018e-01
1.000971926911951915e+00
1.016707721834170686e+00
9.977618617239786269e-01
1.025896201698888843e+00
1.006004040841563141e+00
1.007586521051149653e+00
9.993094815521132990e-01
9.957324669481127932e-01
1.000185445698934084e+00
1.003011186905475416e+00
1.001346030706136370e+00
1.008600943491228641e+00
9.898591190186787347e-01
1.002682900396244303e+00
9.936603486077054681e-01
1.007702140981734384e+00
1.022795237927889511e+00
9.888781043882636235e-01
9.947372300421540858e-01
1.006862754012762595e+00
1.004296153440120021e+00
9.838700221151424063e-01
9.828408004634208162e-01
1.002455705472707903e+00
1.015868836135335407e+00
1.001910246621978473e+00
1.004503761538951379e+00
9.849278387222322184e-01
9.883281351239696644e-01
1.006243943048834577e+00
9.928707245771212220e-01
9.789520823380502001e-01
1.004003509290353646e+00
9.962412762705422642e-01
9.850516489418437160e-01
9.951476895420768853e-01
1.017146808446210970e+00
9.952990669055681305e-01
1.010417470055528399e+00
9.920262674954831716e-01
9.861212637610302645e-01
9.932144754006367871e-01
9.949087571795307561e-01
1.001656450951554644e+00
9.911575391233643506e-01
9.859711725693702800e-01
1.000444217018346960e+00
9.841380045504775076e-01
9.995689388604432901e-01
1.004667079630426896e+00
9.974616342583235706e-01
1.003645731915854489e+00
1.002133986361818163e+00
1.008445816332956824e+00
9.997964640369925160e-01
1.004128064508536200e+00
9.875383477632589946e-01
9.988289388512165967e-01
1.004784381845055030e+00
1.008721841600018099e+00
9.962323619622308613e-01
9.853341050826817105e-01
1.008342573382170260e+00
9.929469861121675844e-01
9.889557848281522734e-01
9.912283962281590588e-01
9.828603012481209600e-01
1.014216306816466906e+00
9.901708382967659983e-01
1.007560871888258713e+00
9.995229922605585182e-01
1.002868275428102862e+00
1.000146589607242120e+00
9.846379272363133817e-01
1.003927588123494141e+00
9.908009184476987974e-01
9.956925185329515982e-01
9.886891511556935574e-01
1.014747732721025253e+00
1.012330462609353443e+00
9.901385493907333135e-01
1.000863006892560580e+00
1.005823230861823347e+00
9.806683633375891107e-01
9.915974579549658996e-01
9.965804713179789998e-01
9.872562532427363591e-01
9.953601720571663147e-01
9.940470741534418453e-01
1.001513965203016054e+00
1.003375998725851925e+00
1.009255702836758362e+00
1.003155443689543125e+00
9.966945019034522124e-01
1.002029177403597648e+00
9.941570882623477212e-01
9.914874507487292377e-01
1.009825387723623846e+00
1.008859996004971560e+00
1.016892647917115866e+00
9.985281525502858191e-01
9.852062673924092406e-01
1.006481920302837674e+00
9.862382839760381881e-01
9.962134143132359565e-01
1.002037650713739625e+00
1.008734355435035646e+00
1.019444231138540991e+00
9.921058212846455282e-01
1.014720421523249039e+00
1.012852502579472125e+00
1.004722735213681384e+00
1.009074325397467886e+00
9.975629817604191318e-01
9.850138786342682584e-01
9.912880066831460946e-01
9.937193257391886414e-01
9.945213330819679953e-01
9.875300372619597589e-01
9.988373863387837170e-01
9.963945984927937705e-01
9.970327050008908065e-01
9.982033436648950486e-01
9.852009002774873014e-01
1.015207581971586004e+00
1.018313738894017551e+00
1.001407673054187653e+00
9.997237749547173147e-01
1.002219906040280772e+00
9.962187487497164984e-01
9.997561087058282059e-01
1.004057347237428122e+00
1.006166133007705410e+00
9.898953262185832269e-01
9.850915645299745949e-01
1.003279256509855388e+00
9.982975969959798634e-01
9.929403909696715713e-01
1.011632874653736414e+00
9.902553798857388623e-01
9.934762701624413328e-01
9.848856585779015571e-01
9.861085810886450753e-01
9.987645088037031549e-01
9.919064311417414848e-01
1.014404321413437504e+00
1.025504388406793144e+00
9.992590488654485847e-01
9.963390955659638948e-01
1.005926163246698257e+00
1.000455203369214452e+00
1.003508901981212897e+00
9.983425429564850573e-01
9.984790928522133679e-01
9.809048950636152231e-01
9.903660259908970698e-01
1.007074841462515913e+00
1.012611227916888845e+00
1.017348847979000492e+00
1.018655372397218928e+00
9.997136349868345206e-01
9.973582461421336420e-01
9.932866711868244547e-01
1.019338431133797851e+00
9.750867879873987842e-01
1.016170938939239266e+00
9.952257442173436663e-01
1.001016700940783766e+00
9.969730627163473358e-01
9.973445936556734059e-01
1.013441429762934831e+00
1.012440643938650187e+00
1.000129493822194515e+00
9.967200790406428590e-01
1.007926389488660757e+00
1.016207548053390974e+00
9.926454513110131161e-01
9.928012281262728056e-01
9.947644148698908673e-01
9.948874859885569188e-01
1.010363535751463093e+00
1.006542408102196529e+00
1.003536176901441035e+00
1.006826856872426790e+00
1.014765371249207293e+00
1.004232001483114534e+00
9.943058966141206101e-01
1.005932428054892913e+00
1.001115562052981467e+00
1.002297514015095592e+00
1.014829528217303656e+00
1.007172585993021396e+00
1.000232544848853600e+00
9.863448071502111114e-01
1.007723032473430758e+00
9.956850500906564427e-01
9.954668616499512401e-01
1.014099267086575384e+00
9.962204803154945942e-01
9.962921644038889024e-01
9.999929827878769606e-01
1.000871909511035884e+00
9.932950882927993330e-01
1.015814695022063008e+00
9.933827734415308086e-01
1.002978405313447841e+00
9.957312720485621549e-01
9.969028488152231748e-01
1.015001221623624383e+00
9.896642901841853357e-01
1.000281389077684047e+00
9.783779768522272713e-01
1.001112396239581592e+00
1.010649668076626817e+00
9.731464744303224279e-01
9.891312683778732406e-01
9.901103154828799768e-01
9.955961806129730585e-01
9.969069660680903722e-01
1.008057705851238328e+00
1.002708315963178665e+00
1.002918291336551748e+00
1.007073653651687772e+00
1.023874957889208792e+00
9.908548804811554422e-01
1.019966133447514522e+00
9.775598214071830050e-01
9.902356133921973447e-01
9.909937910460080435e-01
1.010810058281730317e+00
9.997835796831477939e-01
1.000156856090751223e+00
9.862619154353675643e-01
1.018616196705410593e+00
9.939369401807729432e-01
1.010942612278347363e+00
9.923629469251896706e-01
9.909218024361481358e-01
9.926397471557251162e-01
1.004977854442692164e+00
1.002810701303842089e+00
1.009294306824397580e+00
9.936576157916034990e-01
1.003395066851486606e+00
9.978052464534347132e-01
9.994756007420401156e-01
1.009107935690848112e+00
1.011300794280969084e+00
9.865841348729986748e-01
9.958070914342342927e-01
9.941162387489536068e-01
1.011747024188547117e+00
9.877085341760669657e-01
1.022357275369448315e+00
9.978540554632517878e-01
1.015618173967858029e+00
9.975953330862882273e-01
1.010909342294784130e+00
1.004649700058524164e+00
1.009752595877502435e+00
1.010155308639743676e+00
9.853337095919417754e-01
1.002264655114877501e+00
1.008372453221737297e+00
9.865366358470831765e-01
1.001162110948477624e+00
1.011328086840908469e+00
9.823502196808647779e-01
9.894325773854504291e-01
1.008107467922592981e+00
9.961010617193287731e-01
9.904440679879551457e-01
1.015239111502972635e+00
1.011943627276718827e+00
1.029068714650889893e+00
9.859131382137538147e-01
1.028735302360613169e+00
1.006665832100428926e+00
1.006235791090318354e+00
9.850135775036976682e-01
1.004078785601493440e+00
9.966196193087705213e-01
9.934561624432075577e-01
1.017943755377198611e+00
1.007333723171428996e+00
1.004790479616876286e+00
1.008762041160247369e+00
9.888688362459571168e-01
1.006641949623113819e+00
1.004942764244178166e+00
9.856779513538421744e-01
1.018396418513900947e+00
1.004361785204378688e+00
9.878994398904274998e-01
1.012698815341489311e+00
1.016143306606453356e+00
9.914662340429605258e-01
9.974144716167776537e-01
9.856484703989893958e-01
9.951267193993313942e-01
1.002856680135810752e+00
9.931335044923608191e-01
1.006103033308511918e+00
1.012459422013008759e+00
9.976035245199245116e-01
1.005334147818710777e+00
1.012497139880229158e+00
1.005216717484048505e+00
9.966606664496836521e-01
1.001136982364127848e+00
1.010603954751079669e+00
1.002376412098887837e+00
9.973362938054297633e-01
1.009843585929044441e+00
9.801734700946012069e-01
1.002255485064468266e+00
1.007509495020006529e+00
9.888548252606621514e-01
9.863317453898702292e-01
1.025967779664708646e+00
1.002452775385940464e+00
1.015660573167273206e+00
9.959685542608540665e-01
1.004961171962312605e+00
9.903160168052855816e-01
9.808460740729403327e-01
9.921248687712466152e-01
1.007065030523755400e+00
1.001789288446062631e+00
9.979605090859645644e-01
1.001363504389306769e+00
1.000619631581997959e+00
9.898534375715664080e-01
9.981645587258464181e-01
9.726993635023223339e-01
9.866449220212667459e-01
1.009344652820166610e+00
9.963153875096639744e-01
1.022823867889547600e+00
9.937200748884603696e-01
1.001050835932075112e+00
9.898975461836725387e-01
9.907152699664594220e-01
1.005536376153592482e+00
9.891976863613533011e-01
1.007970498952378335e+00
9.775688859993009183e-01
9.837280868091921038e-01
9.871896769730722498e-01
1.011696476830834523e+00
1.000638272210200075e+00
1.016507790276834022e+00
1.006987949246973324e+00
9.769405247255731339e-01
1.000576670773522192e+00
1.004110683497648093e+00
1.010391803092686835e+00
1.008363763071849606e+00
1.015340511076235686e+00
1.007620510858363794e+00
9.914336193009327669e-01
9.956608766306189739e-01
9.963926238990976625e-01
9.883234674294406608e-01
1.002272740773333393e+00
1.011063844632767772e+00
1.001652226196696249e+00
1.003050815011160113e+00
1.009449840723309899e+00
1.000958462601762688e+00
9.989752616454452561e-01
1.024341104286543347e+00
9.859266867581373273e-01
9.946764999565769205e-01
1.003942421405709995e+00
1.004394605129429241e+00
9.911337090539811268e-01
9.802538013318408128e-01
1.016495649024073300e+00
1.007552613183585022e+00
1.007338291699609423e+00
1.002405979034454164e+00
1.008804873118324119e+00
1.011202738449537231e+00
9.924483712582233830e-01
9.790463587172960613e-01
9.916757097546585742e-01
1.000837289234254079e+00
9.975916547788041822e-01
9.929758193605329186e-01
1.000336119319241490e+00
9.937640297341936435e-01
9.905439214513439561e-01
9.955571445435085209e-01
1.012258956381368868e+00
1.010185162953084470e+00
9.932582614775959939e-01
1.013998100944361935e+00
1.019542713459288263e+00
9.916916880647089760e-01
1.007557523592028659e+00
9.989223187781099966e-01
1.003242504371302246e+00
9.906418138008331598e-01
1.029848746024636386e+00
1.000055911535078890e+00
1.004897584269627719e+00
1.009936006654027274e+00
9.762077725980257137e-01
9.960196242557391999e-01
1.013222800482426189e+00
9.955666689974272954e-01
1.002731936384870348e+00
9.896320108141315464e-01
1.031502142537524591e+00
1.006923152722841275e+00
1.000643487486664762e+00
9.974738608022182262e-01
1.005416269409234342e+00
9.893870262239944369e-01
9.967801006312064782e-01
9.935330022120447691e-01
1.010686103628709809e+00
1.010027598748548305e+00
9.875550384031172024e-01
1.001656079499310792e+00
9.967540170321393944e-01
1.007607560353348086e+00
1.009743029165992789e+00
9.975419752935884565e-01
1.003366007612415345e+00
1.015507825379302620e+00
1.010280605445256219e+00
9.806385601835366783e-01
1.022994140639370109e+00
1.003163845466047421e+00
9.993210737658334564e-01
9.925710002483956185e-01
1.012147803902256227e+00
1.006477206891552623e+00
9.952764391602517691e-01
9.902805703124994974e-01
1.013904858639438578e+00
9.830635490735429860e-01
9.913217481244983587e-01
1.016049597975316576e+00
9.895220590938849092e-01
1.005587743972676140e+00
9.796316430540454867e-01
9.993021273072200117e-01
1.002014363954078835e+00
1.022918193959401867e+00
9.865230237026315629e-01
1.002612217368633152e+00
1.002721808090345723e+00
9.847796156329381434e-01
1.004766427350436198e+00
9.962895240431759447e-01
1.008871225836444063e+00
1.008263208537115041e+00
9.924980400976909367e-01
9.789469334758488239e-01
1.002403856250679182e+00
1.006728287888539741e+00
1.022318327533029647e+00
9.844010125886138995e-01
9.990684593299230531e-01
1.002954828951337696e+00
9.900044235210732069e-01
1.005759816516007765e+00
9.910579598764041043e-01
9.984477892951866274e-01
9.898809596411273226e-01
1.004307746470490370e+00
1.007756863839074146e+00
1.014797225333527786e+00
1.000190609466424574e+00
9.869952065453708734e-01
1.012855584170229362e+00
1.016221913757693551e+00
9.991353631523042234e-01
1.021492284142485385e+00
9.927188869148404482e-01
9.933296399045147274e-01
1.009011514971768442e+00
9.962834654546048885e-01
1.026392928476999256e+00
9.814673600451326863e-01
9.966840643929923971e-01
1.008269073367370483e+00
9.852532032560552544e-01
9.926950977845387936e-01
9.922323377040586090e-01
9.899483856443968000e-01
9.765963926564933395e-01
9.966938447627533559e-01
9.909058281680513947e-01
1.005973122946709486e+00
1.001286715298237207e+00
1.005674219602869401e+00
9.938758370315090573e-01
1.027766240269310183e+00
9.965422952051312677e-01
9.961566565136767970e-01
1.001151912199429894e+00
1.024902133125374259e+00
1.003743979597051528e+00
1.012438839968909932e+00
9.975357012355565711e-01
1.000198734125538502e+00
9.890700934788638765e-01
9.993725249388072385e-01
9.921981822886956071e-01
9.942965032230040023e-01
9.984357561553804938e-01
9.945145001543963525e-01
9.898187446870658768e-01
1.006684694170067562e+00
1.009289412603399549e+00
9.956104158237807367e-01
1.004606456114716995e+00
9.999982543119841916e-01
1.013365899107553814e+00
9.880375885233706468e-01
1.011669778950246679e+00
9.895428196605284832e-01
9.878511779786246505e-01
9.996085508752129423e-01
9.928651856557219046e-01
1.000072594018613037e+00
1.012471472618029722e+00
9.990519780068615185e-01
1.004350355226684366e+00
9.977141358978139918e-01
9.833959584948064325e-01
9.881792751190257018e-01
9.963372734940315611e-01
9.961363645614282891e-01
9.991100125915139962e-01
1.012523194483980538e+00
9.975847946966966973e-01
1.005868143684988336e+00
1.003554132741058869e+00
9.820293816761439532e-01
1.005423900715866070e+00
9.926520573028422278e-01
9.842498005483538703e-01
1.021627070891148126e+00
1.005395624137707555e+00
9.986037821236534162e-01
9.936166890433523191e-01
9.860092474916326566e-01
1.012725697585628915e+00
1.007874818572106257e+00
9.922231576490672111e-01
1.012446336763750621e+00
1.000130260070910770e+00
9.997592722600596726e-01
9.853373601508055302e-01
1.019297002284353937e+00
1.002607621810050365e+00
1.003169537568213920e+00
1.017817052828644764e+00
9.902774566995765637e-01
9.933518315687279721e-01
1.002301584006315416e+00
9.928465603033974629e-01
1.005269583119187349e+00
1.016770341578361103e+00
1.004539215954898923e+00
1.007084808246103691e+00
1.002420176572729860e+00
1.010821076874878877e+00
1.003707375363155352e+00
1.002377363936978405e+00
1.000008948406349907e+00
1.003575021540377366e+00
9.942379085371766401e-01
1.006438985055245539e+00
1.006475742632895631e+00
1.012921153054582524e+00
1.001571355212233838e+00
9.780322283202153022e-01
9.989065322312190576e-01
1.000680887238482031e+00
1.015955408621431300e+00
1.005036933995629767e+00
1.003803182613470568e+00
9.967853563003380435e-01
9.969911235303104968e-01
9.956206770288645869e-01
1.015228216359952196e+00
1.008294069363281142e+00
1.012176458273895907e+00
1.003467180794019864e+00
1.000045475580220611e+00
1.002857591118865743e+00
9.956885662490496669e-01
9.943980437112860393e-01
1.005200024250945567e+00
1.007448322266621732e+00
1.002795323622566181e+00
1.005724686453934424e+00
1.005576141181197203e+00
9.896243075695396740e-01
1.020889549645114025e+00
9.766266808955671452e-01
9.886481313254060765e-01
9.867656225220740041e-01
9.998599007601910449e-01
1.004817181253008673e+00
1.000362158669835688e+00
1.007596585816703305e+00
1.003272414260289791e+00
1.003549260066850968e+00
9.959802421106584980e-01
9.869098320857619955e-01
1.012096209750040998e+00
1.008675442074972173e+00
9.881617604110420894e-01
9.963141348090612803e-01
9.816883298913678946e-01
1.009365545531160313e+00
9.891308557433713400e-01
1.000571111468764096e+00
1.020439869911436537e+00
9.946036522273100644e-01
9.905884015850294766e-01
9.853322683624567979e-01
9.954014393263961313e-01
1.002134768746111071e+00
9.995109683005470869e-01
1.006722145700301052e+00
1.001513298370402705e+00
1.005146775628066536e+00
9.949399787180288612e-01
9.953515803022575659e-01
1.001860804949503470e+00
9.864495670012202178e-01
1.005928733564801947e+00
9.893655103673902884e-01
1.001580267684892167e+00
1.009638717665895413e+00
9.880882337699511409e-01
1.004272795050672462e+00
1.002223511106228981e+00
1.002783093316645058e+00
1.002678308588733413e+00
9.797277715038943402e-01
9.989457487114419276e-01
1.006213287792705469e+00
1.005359995158505271e+00
1.007368880030143243e+00
1.005402253346990848e+00
9.994400181648128711e-01
9.934921477084899255e-01
9.897963764677568665e-01
1.006437783038824030e+00
9.778316845568956195e-01
1.015817213107464978e+00
9.906182204349424092e-01
9.901918031869951786e-01
9.818146178809359359e-01
9.912900839463139047e-01
1.010092090016169175e+00
1.000313885317024143e+00
9.896899351020075342e-01
1.011789948662684235e+00
1.000471170943238564e+00
9.980380758817618547e-01
9.804337771314999284e-01
9.922879793840154727e-01
9.949190651805259744e-01
1.018925808160992652e+00
1.000944935726975293e+00
9.924778327995427141e-01
9.951093619098332343e-01
1.005009601952609355e+00
1.014499685998100365e+00
9.975168638315323744e-01
9.846854279159145129e-01
9.968634963343836475e-01
1.005067138915338276e+00
9.979933311744644264e-01
1.009957426281396176e+00
1.013952685268336040e+00
9.993053854355256060e-01
1.014151050889352312e+00
9.983152301007244267e-01
1.016121397562987694e+00
1.001673489427356234e+00
1.009956195042183591e+00
1.007943850580822698e+00
1.015153864437513986e+00
9.867334942007400800e-01
9.983276132189038421e-01
9.979592548380135097e-01
1.007299969291748809e+00
9.980765779960030226e-01
1.003165448387578484e+00
1.009727301140196154e+00
9.991720232278263891e-01
9.960260048249690579e-01
1.007137660708134597e+00
1.001157752943585777e+00
1.007036983085259019e+00
9.887145382040815056e-01
9.875833430012700420e-01
1.003615141038257663e+00
1.003448679990502246e+00
9.949172680464901664e-01
1.002848523075813292e+00
9.749127268985021688e-01
1.001446411689989269e+00
9.985366492751099887e-01
1.025482989173642556e+00
9.967395905705841441e-01
1.016627937174864327e+00
9.971150274694838833e-01
1.001663985120436751e+00
9.892830282379502238e-01
9.880725776166269236e-01
1.015044546811246340e+00
9.961924748297137366e-01
1.006730477679457003e+00
1.003211570476393755e+00
9.922223871170229303e-01
1.012796500891283147e+00
1.012129129762043389e+00
9.921019630450933491e-01
9.989307786092577190e-01
9.865745941447431333e-01
9.948277103833174095e-01
9.968094435287199184e-01
1.009031386080642578e+00
9.928243689002005379e-01
1.007858863444240693e+00
9.934279551412623643e-01
9.968982332068492269e-01
1.007693980462170291e+00
1.011632160731869234e+00
1.008096305248693314e+00
1.003978650576923481e+00
9.912797571303474387e-01
9.794121673460292055e-01
9.915211759376497680e-01
1.006627703942268415e+00
1.007331557331169192e+00
1.009446475560025647e+00
1.019273215864009652e+00
9.936354509239820887e-01
1.002653481094010646e+00
1.009540116557944289e+00
9.949511775620686338e-01
1.007896105074059578e+00
9.929365650088630701e-01
9.973462190895805435e-01
1.009546915467359973e+00
9.913204683195803169e-01
1.006115586259457295e+00
1.001100305124006384e+00
1.003322124498785328e+00
1.023864657895104280e+00
9.864957627717967359e-01
9.999626931994342049e-01
9.997290207052741406e-01
9.864411507431020132e-01
1.008299844059294514e+00
1.009122650647085839e+00
9.970745802207828801e-01
1.008708956317078131e+00
9.830612113849883649e-01
9.780595175538850938e-01
1.000899827384184482e+00
1.013780313536084776e+00
1.009685828545495490e+00
9.993118423638456260e-01
1.004334257244060558e+00
1.012972463841321114e+00
1.008899692239199952e+00
1.015907448233420940e+00
9.871778480759557661e-01
9.920303796465750334e-01
9.871823692699434050e-01
9.968298001746384029e-01
1.004205240240531927e+00
9.976718384739348133e-01
1.004432796754305190e+00
1.007720539086739420e+00
1.003334898888424531e+00
1.013193430100809200e+00
1.001038868539823268e+00
9.930025008089425897e-01
9.839656882928490278e-01
1.011231127027758525e+00
1.001331626179909895e+00
1.006133138240640212e+00
9.900505996633819361e-01
9.787094900200323799e-01
1.008189608378470048e+00
9.919774322750972706e-01
1.004562589400330941e+00
9.909038851645278756e-01
9.808587344194407143e-01
1.002380969455085591e+00
1.002256610607832332e+00
1.000564871214405960e+00
1.000345613443376358e+00
9.861670086657898793e-01
9.944597876597409680e-01
1.009098080358061145e+00
1.001705739955670804e+00
1.011797452450064139e+00
9.949111386968602089e-01
1.010711871311418264e+00
1.006190830566883410e+00
1.001748081455087203e+00
1.005609070408836070e+00
1.002910222574249888e+00
9.934757389181249065e-01
1.010211578839989910e+00
1.002285556730543981e+00
1.001862129416234870e+00
1.007750847114529114e+00
1.009634371620579563e+00
9.996193113239164596e-01
1.007010336895653335e+00
1.005790451932709884e+00
9.896143924315080609e-01
9.911937936520167636e-01
9.941805481669252487e-01
9.980649545558299973e-01
9.918578421184640614e-01
9.986649090135790718e-01
9.979591838849254382e-01
1.017751350139166622e+00
1.005271948702147089e+00
9.932473517415983943e-01
9.823695465743550459e-01
1.000813568005931353e+00
9.901291102588433146e-01
9.897040605378710776e-01
1.008148707778864228e+00
1.008426703678949155e+00
9.951135063350090570e-01
9.977884509921663980e-01
9.899963398050853902e-01
9.826351954433797387e-01
9.739499263414124197e-01
9.842426077156495312e-01
1.000678144368765343e+00
9.968699480306763006e-01
1.004382850900193302e+00
9.994596269080218143e-01
9.940320524511779832e-01
9.948296342132157966e-01
9.821081704066805251e-01
1.006822906539411866e+00
1.000586072137935600e+00
9.983179251911598051e-01
9.913971317736237632e-01
9.917843891244585430e-01
9.894610484340113921e-01
9.793048869925788935e-01
1.003033024842819421e+00
9.853186023061613064e-01
9.735600711738503499e-01
1.007235899009973457e+00
9.992288552437190718e-01
9.967595183964628180e-01
9.984872907861930269e-01
1.002383134994153213e+00
9.722384749155688066e-01
9.863598384317261436e-01
9.934167992529101543e-01
9.869743775549640885e-01
9.872185597261875500e-01
9.797852947726620743e-01
9.927407646227973670e-01
9.889711355832444539e-01
9.906927975584569612e-01
9.995378327537787211e-01
1.005543786691396324e+00
9.703647126842770421e-01
9.839178966280757166e-01
9.796006671032029267e-01
9.900530470185542331e-01
9.905893756867116817e-01
9.944275108048282741e-01
9.756486525650732711e-01
9.991271459717641079e-01
9.797974836070445503e-01
9.776168978206422056e-01
9.854160045194313433e-01
9.804734173156204324e-01
9.982851912914000314e-01
9.809138573965858754e-01
9.978308728101406011e-01
9.802523028082208434e-01
9.676165068886878329e-01
9.829693927966607347e-01
9.759907778867861206e-01
9.798586697185560634e-01
9.681227711816408066e-01
9.921189783697935693e-01
9.961161217736811402e-01
9.828993977877116262e-01
9.950721844627037349e-01
9.811726458508792659e-01
9.767534437772622535e-01
9.802550152296370944e-01
9.697431402703003966e-01
9.884460764555151879e-01
9.810962434264934862e-01
9.746405610084138971e-01
9.869844190872438805e-01
9.907629149051135897e-01
9.698053043596419620e-01
9.860452890621078659e-01
9.915577273748631404e-01
9.854578091942324258e-01
9.987479570356048164e-01
9.706221596776591909e-01
9.996429677123053192e-01
9.649972087941599552e-01
9.821781249291873239e-01
9.695417921221475277e-01
9.818586587784623454e-01
9.849024918862163691e-01
9.871807679694226678e-01
9.868550620484538571e-01
9.918657666593171385e-01
9.787371610340001027e-01
9.854540065952369643e-01
9.835875476211968227e-01
9.798763682611666415e-01
1.003127530460829586e+00
9.883381531746180393e-01
9.871170210425173064e-01
9.897721256951783619e-01
1.000547201734856451e+00
9.766720292830649575e-01
9.718698695949641309e-01
9.776315788660502326e-01
9.936952521638602320e-01
9.832907040145377753e-01
9.868515241736183219e-01
9.890626245148039786e-01
9.900188378758998375e-01
1.006650909933609839e+00
9.812399664798492349e-01
9.855862407513930057e-01
9.909116695868422919e-01
9.854163940432425495e-01
9.972701335359405173e-01
9.692365103605287135e-01
9.671470722049285706e-01
9.831201781338687606e-01
9.873918047505531037e-01
9.896028079248028186e-01
9.780165904724616999e-01
9.873102181561530521e-01
9.802094996453033504e-01
9.850579928568021781e-01
9.933493968394635498e-01
9.658894356796722258e-01
9.842207432057057392e-01
9.832952505644563246e-01
9.880056011286032502e-01
9.730046544443916590e-01
9.907340914052016334e-01
9.968900813857783927e-01
9.842934121003338310e-01
9.802009483709792637e-01
9.756357806287888623e-01
9.641993563695273606e-01
9.976927004425779621e-01
9.951469954510772098e-01
9.771277081364031503e-01
9.748733508003311066e-01
9.700974734229155239e-01
9.838393954931823338e-01
9.971896791851725395e-01
9.816464670156458405e-01
9.856692123543675521e-01
9.854633599008381095e-01
9.871555471036703722e-01
9.840322677255702866e-01
9.971746284892366585e-01
9.838355637023945555e-01
9.817201765637456612e-01
9.824993642449222353e-01
9.716870454328027096e-01
9.689473790586250468e-01
9.926706734558027323e-01
9.832311694019560955e-01
9.790825263374790532e-01
9.849958799882904126e-01
9.642875331691208585e-01
9.830715642290644984e-01
9.738230470417994500e-01
9.823213803139915212e-01
9.888025837826096565e-01
9.741493862216228372e-01
9.798371478520505606e-01
9.803348949815978708e-01
9.886588597233635367e-01
9.901098349604815496e-01
9.617352369008003166e-01
9.897486426681580962e-01
9.829835473872877705e-01
9.977962754406982659e-01
9.807346533352445661e-01
9.759511478489245606e-01
9.681757641595669650e-01
9.837076201933427910e-01
9.910887581688646586e-01
9.922288369045737522e-01
9.888336604536335228e-01
9.922958458407183935e-01
9.775631686720344105e-01
9.647632390545592962e-01
9.835786852386829704e-01
9.848022736142999500e-01
9.877044265239537379e-01
9.770743124278384872e-01
9.845622212615630087e-01
9.975672107578918979e-01
9.873284899653661517e-01
9.807923716984280338e-01
9.770183119615420964e-01
1.007970191236141400e+00
9.786574360885553769e-01
9.958899930227267383e-01
9.811322020425955470e-01
9.792129727363576563e-01
9.798560107656203444e-01
9.935653971332951695e-01
9.710927975743790519e-01
9.870635480365003156e-01
9.950351238915873253e-01
9.865586677070351529e-01
9.837071799659925508e-01
9.948659120676469625e-01
1.000196053504818883e+00
1.002464950287157874e+00
9.719672577820709369e-01
9.807924712641409304e-01
9.828772629503426117e-01
9.891110703318600761e-01
9.820662156174677637e-01
9.746652963132420577e-01
9.735398344970001006e-01
9.818739161559946194e-01
9.701609077892723310e-01
1.001216929559274771e+00
9.913683417565239964e-01
9.764637222614321876e-01
9.737723505109159294e-01
9.953733704104186231e-01
9.898022152857570699e-01
9.923120757019833205e-01
9.849132237421012181e-01
9.697229319069187170e-01
9.915490112102683939e-01
9.708246271055231968e-01
9.884370713345707049e-01
9.854875436024277402e-01
9.611709742203965456e-01
9.747680352765668577e-01
9.844357708612967439e-01
9.885904744651280440e-01
9.910117897968901968e-01
9.827468565158744562e-01
9.782750575187204589e-01
9.936389298921672886e-01
9.624709864414323635e-01
9.951274472914182212e-01
9.862387914511705489e-01
9.737090427343576549e-01
1.002264308031722839e+00
9.832858319328305896e-01
9.695200009942211983e-01
9.798310776824507018e-01
9.949443380440492479e-01
9.978289644769402500e-01
9.800261952387452347e-01
9.854682731019995812e-01
9.754300712182276678e-01
9.813020338472228099e-01
9.885000974870685742e-01
1.005132633063841263e+00
9.980432448439215953e-01
9.856344324247329203e-01
9.886862244789014209e-01
9.999408927843499439e-01
9.801306191555451131e-01
9.850250170275701711e-01
9.913662484947349807e-01
9.932363201206027004e-01
9.926745005380012143e-01
9.948526567977654667e-01
9.855691357018122600e-01
9.764897817610748154e-01
9.814088985288129674e-01
9.965807567055658955e-01
1.003717407396724548e+00
9.953821806838077935e-01
1.010245088159891003e+00
9.873406650670318863e-01
9.763492121617068920e-01
9.648059004743537725e-01
9.856216242638897729e-01
1.000299228408313201e+00
9.962920906692508405e-01
9.969977232644120502e-01
9.662859990356043038e-01
9.789612118852872857e-01
9.821536558302024211e-01
9.863901508349919300e-01
9.824255030436549463e-01
9.785941686254524541e-01
1.003764470199319803e+00
9.863872376139940501e-01
1.001563041429896161e+00
9.767628361979122653e-01
9.787552124243306118e-01
1.000036296243068001e+00
9.939526979890073166e-01
9.848214880988427344e-01
9.908082711319823321e-01
9.943609645599824631e-01
9.930297739149306357e-01
9.759020803060556304e-01
9.649242378698651423e-01
9.866056551807681485e-01
9.880171319712102163e-01
9.906952191182564205e-01
9.885125152530988002e-01
9.855227543796377665e-01
9.811661511197823371e-01
9.713243477692637962e-01
9.823024632190271443e-01
9.871898870562095807e-01
9.844708273095393869e-01
9.873321104647132529e-01
9.868427883699845138e-01
9.796897655997782728e-01
9.914093173527016578e-01
9.765530247022349286e-01
9.843838178399644256e-01
1.002739106028676774e+00
9.800259552179335643e-01
9.802614272866907452e-01
9.914112642651359275e-01
9.925078578617123615e-01
9.858601442397414427e-01
9.788071827836701821e-01
9.807382819436504251e-01
1.004286712975437590e+00
9.763996325799478848e-01
9.688818700344410395e-01
9.772536223429071356e-01
9.905763645506860948e-01
9.832341109532857226e-01
9.643755940035345642e-01
9.959267865973698841e-01
9.861819412816386077e-01
9.820552056054269174e-01
9.897787346149120591e-01
9.958796664336847515e-01
9.864324797927189747e-01
9.999687946847818365e-01
9.764450730736570216e-01
9.857569165331259153e-01
9.768254348243056162e-01
9.848864495839683153e-01
9.960391391140394068e-01
9.928364205316984048e-01
9.937543672493689417e-01
9.789675406578774997e-01
9.824639476049845666e-01
9.760703527020780923e-01
9.823913783152444790e-01
9.895944878581638404e-01
9.819585329231190762e-01
9.837949742507444695e-01
9.858703068789987922e-01
9.914107480570893971e-01
9.810695058824153714e-01
9.965430981322631609e-01
9.929096424045456004e-01
9.978630735646825123e-01
9.737878226148429794e-01
9.945971759587862726e-01
9.880071980628953865e-01
9.908516719370050740e-01
9.986403765750142547e-01
9.973808125201798491e-01
9.922375471940398928e-01
9.908349744122973979e-01
9.825649483800721340e-01
9.800168173160713758e-01
9.814872951679961544e-01
9.759013351024118377e-01
9.956714201845515699e-01
9.940739406448565463e-01
9.970792936153732855e-01
9.748767208611761603e-01
9.832912618996157983e-01
9.785184909124187147e-01
1.007085699935798662e+00
9.968782894498289249e-01
9.800506177837392530e-01
1.017128297738380427e+00
1.021820920470975169e+00
9.877090313415186618e-01
1.001369674163335111e+00
9.982535182550617003e-01
9.876692950740252330e-01
1.006650984840274710e+00
1.002412575691983720e+00
9.935873030052128074e-01
9.954728630753959528e-01
1.011660310844000765e+00
9.893630461169971024e-01
1.007469351178302830e+00
9.767883190413715333e-01
9.968224376253724817e-01
9.911356770812916883e-01
1.001954910815602728e+00
9.799421121384288558e-01
1.006303297146917020e+00
1.003195142031347187e+00
9.905694072213049317e-01
1.002335467913116895e+00
9.979057714347477903e-01
1.000065233559992439e+00
1.018751531672559052e+00
1.025113889402541112e+00
9.978199121710578101e-01
1.018207582302063985e+00
1.006406415382699038e+00
1.001594307115970750e+00
1.012202261338556619e+00
9.824276211176793394e-01
9.990574546077441997e-01
9.792394739058005726e-01
9.959691956479361785e-01
1.025729071390289793e+00
9.994041488488664138e-01
1.010812042436950886e+00
9.950908054597046304e-01
1.008504645599572758e+00
9.996593449870554426e-01
9.869951974263774241e-01
1.000045754506873052e+00
9.921804558440548982e-01
1.001566978387987028e+00
1.006061243906093639e+00
1.005019398032836797e+00
1.001948516614411755e+00
1.003351002859434793e+00
9.902711580819084647e-01
9.934861717665387504e-01
1.024439638540384667e+00
9.899502281842881279e-01
1.018370882690268209e+00
1.007730686440521994e+00
9.977310680488260530e-01
9.944877879439839585e-01
1.015564826677017418e+00
9.975684642028909144e-01
9.928184862796799459e-01
9.883697413412625421e-01
9.946833176095534190e-01
9.885536129076434309e-01
9.937101546214558434e-01
1.008399768931320883e+00
1.009535499402209657e+00
9.801739383967664754e-01
9.985666810726547826e-01
9.977057744728131672e-01
1.031132179468496224e+00
1.001350640076844378e+00
1.006753059682136797e+00
1.010744565465045097e+00
9.969252617155258678e-01
9.879785850771646283e-01
9.911895584009738913e-01
9.845293231729773664e-01
9.955638129898007893e-01
9.941848968790252261e-01
9.745287107577754737e-01
9.911380639628467604e-01
1.003562548760040363e+00
1.005892154697362484e+00
1.010571476615832465e+00
1.008287263688335766e+00
1.004810921516180677e+00
9.915269795814246612e-01
1.012703899931394869e+00
9.779749938281270261e-01
9.753407196382825051e-01
1.008213343112220661e+00
9.831392628870795347e-01
1.003818855599313276e+00
1.003963378181030874e+00
9.906916764937532260e-01
1.007535453831835293e+00
9.983620790577292237e-01
1.005777675827814077e+00
9.994538468154869904e-01
9.895196833110496692e-01
9.986739572391389874e-01
9.920938350082660895e-01
1.017536871892283035e+00
9.961031964676017036e-01
1.014802762949442494e+00
9.993959099344011943e-01
1.011051944405027436e+00
9.851156156702585154e-01
1.003071826053032467e+00
9.896164176296216031e-01
1.020284989090364469e+00
9.959780982483392719e-01
9.847655060476041555e-01
9.862555866124866899e-01
9.987007658475346439e-01
1.003628395755039149e+00
9.952231676483774825e-01
9.863235654870553537e-01
9.937903685852137459e-01
9.956091637735452471e-01
9.821240149441495815e-01
1.001786457640776451e+00
9.959637429444812007e-01
9.895678919677834973e-01
9.928939017759216279e-01
9.956030530685292534e-01
9.867112075201294186e-01
9.810703303966845645e-01
9.973342697229323761e-01
9.931853662563343565e-01
1.016576072409036025e+00
9.898507289834385103e-01
9.881163214426422758e-01
9.956246049463906012e-01
1.003265187530848257e+00
1.005373551760942785e+00
9.953846403441576340e-01
9.939638643615341662e-01
9.994027017946277569e-01
9.848681052789127754e-01
9.836986945978817287e-01
9.879436485198616058e-01
9.973070802562886694e-01
1.003585276622849021e+00
9.974020675704369232e-01
1.002007604130830787e+00
1.014058327812132232e+00
1.006711982896713264e+00
1.006992185656864658e+00
9.994103122963573504e-01
9.962279165422478489e-01
1.005421709536922004e+00
9.962709098738755653e-01
1.004245763220130483e+00
1.007798898669673759e+00
9.990173663251884495e-01
1.018265027378952858e+00
1.002623026414066976e+00
1.002279583805915530e+00
9.973698277241171972e-01
1.016410230384687807e+00
9.946409791378040266e-01
1.006862993979114496e+00
1.005312391986795451e+00
9.889990443421826649e-01
9.961358137106934851e-01
1.001732280654597185e+00
9.955979546060852448e-01
1.010525069343037652e+00
9.987898075230913220e-01
9.971372493444786711e-01
1.006672103313683619e+00
1.015601564723886741e+00
9.928000850131684096e-01
9.920766191803219725e-01
9.918772245224846129e-01
9.960365323330604426e-01
1.007580115534080001e+00
1.006641921403036433e+00
9.899485229814536380e-01
9.819628204117336612e-01
9.995375001806181547e-01
1.000289542110006202e+00
1.007656981569152288e+00
9.941189340858394008e-01
9.960902450832573862e-01
9.896248587778200267e-01
1.007991771327056529e+00
1.006958819977182396e+00
9.946939206814007228e-01
9.998612450846222632e-01
1.022823312315256139e+00
1.010666122510447851e+00
1.002688816449738507e+00
9.800535990594112512e-01
9.910301722733940721e-01
1.024289219644269888e+00
9.936984581118047943e-01
9.929156103062829475e-01
1.010603660259916881e+00
1.008699070768453332e+00
1.014037246370959933e+00
9.927678292415536010e-01
1.020321584675836224e+00
1.006231543600472955e+00
9.967650277703620221e-01
1.023144520648725297e+00
9.970360183095144935e-01
9.977308759896306167e-01
9.940049992621311503e-01
1.016742093530581093e+00
9.851124419931260867e-01
9.922447700895026257e-01
1.021184142273287687e+00
1.005376851477686628e+00
9.944105737076792684e-01
1.002066523971262724e+00
1.003989795857842537e+00
9.957798933281633014e-01
1.000202729681206826e+00
1.021741085211767208e+00
1.000778122441875251e+00
9.640855587695845719e-01
1.009524040998994066e+00
1.006598501250930200e+00
9.974388725277895107e-01
1.000435658126823446e+00
1.003243559433292020e+00
9.978901858032964700e-01
9.998597868060704608e-01
1.001949869549638716e+00
1.003478810052947701e+00
9.993885600750933573e-01
9.803569751646260544e-01
1.006101038366229217e+00
1.001009626803792463e+00
9.890757843708496422e-01
9.928430626129600700e-01
1.000482470173555738e+00
1.001876694203196472e+00
1.006454462260883087e+00
9.951959126595306682e-01
9.991408166661986945e-01
9.877882618983208074e-01
1.012480317155292742e+00
9.955758630080630001e-01
9.984832020867426827e-01
1.002487149192648141e+00
9.999656047935215897e-01
9.874934049181751661e-01
9.886288135517637965e-01
9.902849221087244302e-01
1.011508383304337455e+00
9.986255885020828282e-01
1.019903599756428525e+00
9.951419524569820041e-01
9.902682273923539835e-01
9.901629919832255489e-01
9.694049615057471758e-01
1.012172030736313566e+00
1.008283694328712121e+00
1.019177490619065818e+00
9.965577970094372517e-01
1.011908834354225517e+00
1.005563349153816066e+00
1.007988476949431833e+00
1.006829806282129036e+00
9.963356509142790030e-01
1.012782534593341444e+00
1.003516814055038342e+00
1.011209669961711022e+00
1.000673291139674737e+00
1.015744487276863728e+00
1.008910242379635225e+00
1.008943136244389027e+00
1.008356838956569135e+00
9.844055904133890422e-01
1.005970496630289590e+00
9.986105805744537323e-01
9.835672038455992583e-01
1.011273640266798557e+00
1.013407342617117735e+00
1.025136942145461250e+00
9.971384605305620985e-01
9.903865324381855295e-01
1.008522753573023900e+00
9.869226352224640397e-01
1.011590009836232706e+00
1.001185429848166830e+00
1.008516527970565901e+00
9.970643847077486077e-01
9.910780791602861184e-01
1.014145049229384643e+00
9.957960028907123506e-01
1.013141438824875173e+00
1.005305617393637219e+00
1.006487457940073771e+00
1.016851296353500356e+00
9.961103514391966840e-01
1.020131611534686344e+00
1.000506490800399995e+00
9.994982406792590757e-01
9.950153444670207792e-01
1.003759489235597213e+00
1.006915945442971028e+00
1.013505557937879553e+00
9.956894790319781308e-01
1.008611563017041135e+00
1.011220089626450713e+00
9.946035977264398031e-01
9.789443336332873669e-01
1.001859635248359082e+00
1.011194697772378248e+00
9.933543471891504995e-01
1.000801784092437474e+00
1.000089749625934443e+00
9.940257173265576451e-01
9.951999893119293228e-01
9.946279778225952661e-01
9.901610094439977638e-01
1.018155686638862356e+00
1.007304992634306506e+00
9.956265599806444211e-01
9.932673408910939195e-01
9.969012811289221787e-01
1.005020169978071642e+00
9.998092486209579910e-01
9.965800330256635586e-01
1.004055150546253827e+00
9.869995769084661807e-01
1.009043345699955907e+00
1.015250066798041084e+00
1.003875020517153382e+00
1.008304769005184731e+00
9.929045947949500794e-01
9.932846085731460439e-01
1.005411858235293998e+00
1.014649584533645177e+00
9.873193547691212490e-01
1.003284278887356606e+00
9.868350919635882068e-01
1.004256040268037387e+00
1.011727614854867952e+00
1.001353872467405592e+00
1.001452302500677627e+00
1.003485184564891330e+00
9.822142281943866404e-01
1.003855153714971582e+00
9.930176137218550414e-01
1.004548570833400101e+00
1.012776723661541034e+00
1.007423541859705729e+00
1.000212930339515971e+00
9.981276673953738410e-01
9.953141700723080465e-01
9.881944312092529881e-01
9.885541296572947223e-01
