# signal periods in days
2.954807544818797282e+01
3.151055428975467976e+02
9.507333644801507333e+00
4.258376368921338084e+00
4.727150423900090104e+00
2.864758639373862934e+02
2.027290158018306343e+01
2.907939358987952971e+01
1.102807899316928264e+01
2.568526906363541684e+02
2.189669131052358253e+01
1.165080541085070998e+01
2.000845086399153772e+01
3.089092494420698358e+02
5.498454169144021186e+00
2.303736802185514065e+01
1.791674176627549642e+01
1.997976641664291719e+02
4.558153711244894879e+00
1.997342447318627379e+01
