# signal periods in days
8.625864787353441088e+00
3.028840589997820416e+02
9.677243505626520914e+00
9.690398782221201657e+00
1.034783734607516337e+01
2.625280629723077368e+02
8.570663824819538590e+00
2.577459341556136252e+01
2.099718381469799056e+01
3.493201166877094579e+02
7.527468955154386521e+00
7.172766684883498556e+00
2.684444170398531426e+01
1.809622224783178979e+02
5.814764290892160403e+00
2.051850973157927882e+01
1.276600793309363269e+01
3.054942262060687312e+02
1.054553802497956205e+01
1.411632136987715214e+01
