# data in one-minute intervals
1.007000148738821377e+00
1.002832383985152287e+00
1.004949200591777503e+00
9.804237085688588538e-01
9.978425546300677684e-01
1.007116489986206176e+00
1.002319730293338651e+00
9.953982016273578148e-01
9.944900849793448794e-01
9.976991851893544094e-01
9.998599973586338452e-01
1.011298956251504899e+00
9.952925218182144818e-01
1.027084636288702724e+00
9.732696080127202221e-01
9.953583768624016948e-01
9.970001072049922142e-01
9.954962108258442743e-01
1.005353290522703835e+00
1.010193545440761786e+00
9.962195920727576759e-01
9.789279330057986117e-01
1.003717131337678037e+00
9.956161973864711134e-01
9.836554421299599227e-01
1.006378402185562182e+00
1.002963695832511215e+00
9.925161685956039870e-01
1.002831730087935025e+00
9.978215715870385472e-01
1.016925019696795385e+00
9.917897571501653742e-01
9.910542200874787877e-01
9.916202905279372093e-01
9.882998767241287785e-01
9.798416290334853729e-01
1.013231104342419586e+00
9.980760893505262743e-01
1.006999393545241928e+00
9.842047085114767890e-01
1.001373365579549368e+00
9.907221525054148437e-01
9.860511444872007703e-01
1.000296887220936570e+00
9.910901854408917799e-01
1.017122295562351342e+00
1.008661064034132915e+00
9.970812315016787108e-01
1.013912561203810014e+00
1.014575285298610963e+00
1.004443574225967195e+00
1.006481302309834680e+00
1.003308027945684522e+00
9.856961785639514195e-01
1.011104939205771380e+00
9.915729720171310158e-01
9.947127235984885019e-01
9.932694928131661216e-01
1.018001293543947527e+00
1.008369895214207057e+00
9.997846880996363872e-01
1.004706739564129814e+00
9.988956058165857632e-01
9.943870005099451070e-01
1.009157963984882667e+00
1.004832463548730015e+00
9.929187214444724630e-01
1.015471339637592285e+00
1.000190829899647360e+00
9.959944695991084229e-01
9.996311346713636636e-01
9.972958305179288052e-01
1.004103731901887953e+00
9.969370513278288382e-01
9.986528808833751159e-01
1.011981267546708363e+00
1.003679357762079949e+00
9.883355564991853637e-01
9.904939152719780537e-01
9.971753913785191825e-01
9.981487120284909809e-01
9.931085032578135241e-01
1.008369155995078481e+00
9.865887615155083390e-01
9.920242466594553221e-01
9.842068050321939321e-01
1.004949825850067535e+00
1.006764570844829842e+00
9.944527065529418230e-01
9.952367610835599621e-01
9.984014999945710622e-01
9.988413446604713641e-01
9.881414865011722837e-01
1.002201476042019479e+00
1.020695367145469268e+00
9.934880636789173991e-01
9.937030778025198741e-01
9.896400163449716736e-01
9.987710462704235681e-01
9.920779776899705249e-01
1.003243968562800736e+00
1.020659217074765257e+00
9.911829507289278141e-01
1.012216727273980377e+00
1.006284837704346291e+00
9.866624275764791507e-01
9.936044315798646664e-01
1.005876002683300907e+00
9.792863847777421027e-01
1.016392826412085171e+00
9.970605000186212319e-01
1.015778024461947204e+00
1.002257833054371883e+00
9.946879414938244457e-01
1.003648789249703688e+00
9.869024185531042326e-01
1.000922225683350320e+00
9.978867201699511691e-01
9.870659273475418383e-01
1.013019532136719247e+00
1.007367418299111694e+00
9.969813750435660982e-01
1.012726560876630044e+00
1.008300765290862433e+00
9.886504326304298429e-01
1.000556760970557235e+00
1.000618297117622069e+00
1.000132934563791487e+00
1.003051943382674116e+00
1.004926763472949514e+00
1.005754821323578074e+00
1.008670155690484904e+00
1.010716614664966428e+00
1.014517164982335462e+00
1.001096624841621763e+00
1.001842094741425493e+00
1.000742188551482004e+00
9.977905300620046880e-01
9.910267342552118164e-01
1.006366434762896445e+00
1.007914256483383841e+00
9.886737920614888653e-01
1.002293198656292850e+00
1.003001354503798348e+00
1.008723514230962293e+00
9.897978665076414551e-01
9.775143694027264019e-01
9.966554513369906276e-01
9.926265706801129518e-01
9.999575854005908759e-01
9.945296462466500786e-01
9.960083932335100920e-01
1.002275527229820939e+00
1.012008449116060582e+00
9.922002172747037552e-01
9.998301168638742409e-01
1.001230417313051735e+00
9.998009999360772948e-01
1.008668276541593967e+00
1.007854786514264411e+00
1.011522549479783706e+00
1.007300485958713798e+00
9.935308399327907880e-01
9.870036186347016516e-01
1.019239198201388419e+00
9.880860033555145527e-01
9.974086551450916938e-01
9.979323368169494834e-01
1.023994134147822699e+00
1.005922539728894227e+00
9.855852656608974360e-01
9.874873911363313272e-01
9.983377774797403958e-01
1.005266922225799053e+00
1.001811750301063730e+00
9.951470626040692657e-01
9.904755497738909620e-01
1.004537807660973225e+00
1.010621231792265373e+00
1.012030699952622070e+00
1.013240609177866736e+00
1.001785699206763525e+00
1.012930725341534943e+00
9.832800218039354778e-01
1.000935698447642963e+00
9.956908307078796705e-01
1.014676107005832995e+00
1.003992990572270649e+00
9.934782471092904466e-01
1.003155837390749650e+00
1.011728988051095346e+00
1.006036869169829151e+00
1.009920532901642076e+00
9.965440497091897498e-01
1.000425166494335327e+00
1.006677831084704877e+00
1.004275054996468297e+00
9.955643026272682494e-01
1.004026027463680526e+00
1.010696957837031063e+00
1.005261178977200132e+00
9.955917856394113086e-01
1.012324754182666764e+00
9.942633530557026811e-01
1.007827977138894049e+00
1.001439484620356257e+00
9.972913030216142838e-01
9.965989024668336915e-01
9.792476518252825057e-01
1.020814143646001648e+00
9.899249995742693820e-01
1.017897231122007362e+00
9.943287042976872714e-01
9.952108920318594176e-01
9.963145116757743391e-01
1.009118622298452284e+00
1.001469116842017115e+00
9.824176627503312664e-01
9.993933233441347763e-01
1.014895243094857458e+00
9.997367323663385319e-01
9.970796942807483854e-01
9.975403696576778945e-01
9.947014558666701367e-01
1.002757974580368083e+00
1.010297132981929469e+00
1.008526329165721380e+00
1.008428363375739156e+00
9.875549542953839799e-01
1.024148185059621463e+00
1.009969841717599737e+00
9.931765728142707417e-01
9.903028247104669335e-01
9.839805496812158436e-01
1.019510595313559254e+00
1.007963027873403972e+00
1.006157046023414159e+00
9.969747835303179873e-01
9.897550616065778906e-01
1.002092193629767758e+00
1.003221073379321648e+00
9.921755481703393720e-01
9.743211416376015288e-01
1.002237598711049893e+00
9.924204304481262229e-01
1.018658243097892546e+00
9.990750663423810796e-01
1.009199765494991796e+00
9.930439357992414395e-01
9.878888318724079465e-01
9.817849508186151652e-01
1.004926193399472201e+00
9.954290054410137589e-01
9.937438814130670206e-01
9.946184101871959893e-01
9.954351935810880070e-01
9.928429908912392854e-01
1.005667747808632884e+00
1.006452263468833985e+00
9.946966939163024435e-01
1.008291067634393690e+00
1.007091162824531150e+00
1.011875519077022334e+00
9.932167571841598042e-01
1.009076509931543963e+00
9.963725131014253833e-01
9.935712932167080069e-01
1.014355007519836871e+00
1.013082858383153484e+00
9.883018832000652898e-01
1.002488253303022825e+00
1.008155907174273169e+00
9.940891165380568717e-01
9.878934512465822326e-01
1.005176799331566784e+00
9.990942349507869746e-01
9.950521821149135304e-01
9.980180542748662287e-01
9.949853482728917564e-01
1.003338322342510081e+00
9.958907536424329576e-01
1.013234991601639878e+00
9.989501221579411006e-01
9.963285371429509985e-01
9.763949883034345190e-01
9.947481266276911871e-01
1.000253299954432684e+00
1.001214530062048746e+00
1.004836184774769103e+00
9.843206613939002869e-01
9.940084498326804407e-01
1.003570395388541314e+00
1.002701676410848730e+00
9.990522403032947585e-01
1.003735721200912367e+00
1.020219026665552864e+00
1.010956532495617344e+00
9.997109516567053156e-01
9.957287055141055276e-01
9.955683935410561958e-01
9.953203783348330003e-01
9.884629901157920839e-01
1.007140375340350058e+00
1.009518828214281738e+00
1.001681812098369262e+00
1.005650006514881234e+00
9.916421940752564446e-01
1.006261627734612141e+00
1.000913257761020470e+00
1.001467322574640884e+00
1.009787357502574867e+00
1.004560309911271210e+00
9.979007718275464400e-01
1.000811832152763037e+00
1.001075956296654468e+00
1.013847314327360749e+00
1.017882079443920063e+00
9.973608014749822948e-01
1.006509676631798467e+00
1.000964432119033187e+00
1.014110766243659922e+00
9.829995834215484729e-01
9.939247359005426441e-01
1.008954917390623596e+00
1.019829820328393533e+00
1.006897658769465576e+00
1.005180961365459646e+00
9.971182281799070291e-01
1.001831865865145943e+00
9.960806946185081223e-01
9.873060091729997101e-01
9.990905266681098240e-01
1.006240313551804988e+00
9.993244537428043195e-01
9.995307778840989421e-01
1.003148695980446092e+00
1.014446157053497055e+00
1.000499163996215080e+00
1.009759540427555446e+00
1.003605503617055916e+00
1.005602322727405573e+00
9.943530789370063072e-01
1.005465668886922570e+00
1.003885478001680820e+00
1.010055546487097056e+00
1.007066047070904524e+00
1.017824912779610846e+00
9.910286984700390489e-01
1.016147332913856172e+00
9.894345289394171905e-01
1.027924939675654237e+00
9.923804797921937926e-01
1.007982167701864329e+00
9.992020880589235210e-01
1.000022866340068095e+00
9.873650226059268453e-01
1.005918370068689116e+00
1.004969610519617973e+00
9.926072338204825485e-01
1.002349488848559123e+00
1.019839047738404725e+00
1.006477844031996138e+00
9.815273076420196752e-01
1.003551577796586436e+00
9.901535746182588138e-01
1.004733834738185116e+00
9.845378623909157856e-01
9.916758863982449990e-01
9.895116911921838510e-01
1.008665664037054599e+00
1.007984954362970420e+00
9.909306079003041834e-01
9.953720120881630606e-01
9.915741937219908486e-01
1.004604357745439547e+00
9.990382219817958154e-01
1.007254240505834231e+00
1.004922450880401108e+00
9.938266682874256075e-01
1.001801283691876598e+00
9.990031899117027825e-01
1.000674737626848110e+00
1.005838094323781018e+00
1.010995127804545479e+00
9.870603668939914588e-01
9.954114432870861950e-01
1.009415033679336604e+00
1.011213441648463274e+00
9.750004949446311464e-01
9.956423598738702863e-01
9.980949329055573971e-01
9.964998261815427583e-01
1.007891922205970792e+00
9.972005547005314829e-01
1.008460782216595852e+00
9.922733027400165717e-01
9.928137775170186030e-01
9.983032003406396848e-01
9.909133182332864331e-01
9.911923329548341099e-01
1.003580994210903965e+00
9.949835276746665791e-01
9.991811854911994972e-01
9.961986487357480380e-01
9.981906585701889600e-01
1.002013157077096928e+00
1.011437916403038262e+00
9.977692269352853582e-01
9.963491659677496948e-01
1.005956245712559038e+00
9.845679660020577595e-01
9.958604260800558716e-01
9.908054841036534333e-01
1.008811822573177919e+00
9.887118851527783026e-01
9.978232742813325507e-01
1.007205904097778992e+00
1.004703938000177876e+00
1.018646742988108533e+00
9.950171177977099601e-01
1.009774398032815768e+00
1.005111284894126600e+00
1.019024686866015772e+00
9.927013618778315340e-01
1.019894886643296195e+00
9.972651551819500249e-01
1.005842595462567379e+00
1.006127745897178016e+00
1.021905869001035416e+00
1.021052896460536763e+00
9.964878549268052499e-01
1.025042858645369925e+00
1.002979135090085405e+00
9.871737988952586917e-01
1.015603806646803831e+00
9.938824699746966473e-01
1.011679747512330918e+00
1.003225108119643716e+00
1.004280993293852786e+00
9.856272744669646313e-01
9.962546808126907516e-01
1.006292316655178931e+00
9.944735893332788956e-01
1.006772361124815163e+00
1.005629470284319593e+00
9.892614641583888924e-01
1.000047005536355504e+00
1.008226259002848124e+00
9.939930285495581774e-01
9.983560805921097847e-01
9.888829284123414887e-01
1.014076720177935709e+00
1.025860086532546900e+00
1.003935682057311762e+00
9.788241797081025375e-01
1.008239962206208151e+00
9.876255789912872229e-01
9.730577047363985210e-01
1.011663923003258692e+00
1.003740877968515077e+00
9.889838830176117535e-01
1.001569153418710112e+00
9.951271554953318166e-01
1.007509001648543290e+00
9.903034942201645041e-01
1.004471682212043637e+00
9.945413346324460946e-01
9.943909241340351812e-01
1.004945892820595654e+00
1.000274268172736791e+00
9.993772903425790499e-01
9.975367128489761592e-01
1.002791493020718017e+00
1.004415807239027680e+00
9.968572389452148297e-01
1.005698867592079271e+00
1.010695522423642467e+00
1.014643858450720915e+00
9.904127096812684883e-01
9.963010668774479051e-01
9.922621805715386989e-01
1.003579795360368898e+00
9.956307070458397801e-01
9.896822552318479405e-01
1.002914552108661539e+00
1.003880688082657180e+00
9.865486695998796352e-01
9.893427060569053300e-01
1.013205115793723854e+00
9.968224024273011352e-01
9.977877086450032129e-01
1.019078581229431180e+00
1.009247923733318730e+00
1.008945669907711062e+00
1.006098873006002092e+00
9.982481013031861972e-01
9.981278076607565941e-01
9.948196723563162980e-01
9.920371082366347126e-01
9.929285632087405666e-01
1.000254812993805142e+00
9.893344031584285769e-01
1.018077369766074325e+00
9.906891542750380086e-01
1.005902862587350732e+00
9.979665779934792091e-01
9.933385900031379556e-01
9.984685949665352833e-01
1.015894379016251126e+00
9.968005857762369804e-01
9.981811106199766082e-01
1.003910338077341313e+00
1.004019183327691467e+00
1.006647741273404728e+00
1.017822232759465484e+00
9.917713849364123702e-01
1.003366335842120982e+00
9.955181885545029141e-01
9.921701593114347073e-01
1.000722208711015915e+00
1.014514652625832181e+00
1.016606096100468815e+00
9.940143867567271529e-01
9.924226781182268198e-01
1.002665599291082899e+00
1.001777310783821928e+00
9.884775728735809563e-01
9.879293394500009429e-01
1.005118445357296331e+00
9.957743600696390418e-01
1.008885863212424461e+00
1.012887500103563987e+00
9.974944682918611694e-01
1.002010996767184192e+00
9.975996967237694690e-01
9.930928435509793761e-01
9.956567954275284960e-01
1.002518443585641572e+00
1.006988150177593688e+00
9.853274534486997638e-01
1.002979486578716495e+00
1.001937174615220361e+00
9.861713442678600172e-01
9.976415247050464119e-01
9.946441595020715232e-01
1.007497576780893356e+00
9.952519499470102726e-01
1.017294703410267509e+00
9.786513155384870544e-01
1.018120669526401789e+00
1.001856361727314848e+00
1.003637952703379410e+00
1.014537339705215757e+00
9.831589673451105460e-01
1.005860633218591538e+00
9.918793295819016143e-01
9.839413535822012502e-01
1.005293590423234740e+00
1.000243068591684770e+00
1.011906208358034132e+00
9.974482151569368238e-01
1.003440315660942161e+00
9.995989688154246489e-01
9.847485976104516370e-01
9.884806201802429637e-01
9.910572547299253410e-01
1.001250864250998518e+00
9.938896030432199380e-01
1.022183619195301096e+00
1.007217704204719011e+00
1.010050752061600221e+00
1.001862628099341013e+00
1.002809743575270307e+00
1.004221790190267027e+00
9.903722375782015863e-01
9.826705569468150436e-01
9.996035213016447596e-01
1.002802694730698274e+00
9.873187187200146431e-01
1.006385032049293082e+00
1.007188327310170939e+00
9.972338799245252794e-01
9.904700814790901031e-01
9.895181858688139043e-01
1.004975393014980733e+00
1.012981919161691557e+00
9.967054733179849801e-01
9.970656309484485780e-01
9.782414922937757717e-01
1.009729595760711085e+00
1.012541521055751570e+00
9.835413545523907786e-01
9.820739531864763894e-01
9.993996983604768181e-01
1.008110233381053877e+00
1.013711933270282195e+00
9.930392330589965511e-01
9.974891042729820967e-01
9.823009581057421391e-01
1.010754396922970644e+00
1.008411275685494823e+00
9.982493093100878179e-01
1.008800759276894610e+00
1.004239860799446937e+00
1.005121137159727507e+00
9.997841063360114466e-01
1.018146982729580374e+00
9.915405103905428064e-01
1.005428310119354185e+00
1.010859509499050235e+00
1.007906059178553138e+00
1.007996065878421943e+00
1.023002029536022262e+00
1.010010916440225337e+00
1.012046498033017494e+00
1.007466494286967773e+00
9.963801490080569367e-01
1.001857382182503642e+00
9.955948103778526903e-01
9.873799738524197123e-01
1.005038242052996189e+00
9.853220901352102157e-01
1.000428019789788570e+00
9.971010633254466793e-01
1.000722120224423861e+00
9.854143185705090957e-01
9.805652661034623963e-01
9.853354484334752028e-01
9.858699117777265375e-01
1.000439668151519079e+00
1.003371997711542729e+00
9.940713946434241999e-01
9.979535855057700688e-01
9.982047184581223087e-01
1.005457276939084377e+00
1.008974493542536655e+00
1.003889001294040018e+00
9.844469768956417566e-01
9.872004512920855568e-01
1.005985701303722557e+00
1.013814640974161296e+00
1.002190430444825475e+00
9.995038358634512621e-01
1.014470340504626922e+00
1.006720838164222753e+00
1.005131411718281464e+00
9.938877373845380614e-01
9.861064227656236580e-01
1.004932014775112847e+00
9.883065369302782566e-01
9.919069517785147339e-01
9.956649521663890612e-01
9.976862252693176059e-01
9.985931783913079007e-01
9.974961763440290952e-01
9.971455778119309166e-01
9.904865563076140633e-01
1.008888518656938960e+00
1.011673031363743869e+00
9.853122070938847843e-01
9.946937708509591136e-01
9.983725215926272378e-01
9.939926423536484812e-01
9.927453865851255665e-01
9.988956148153720349e-01
1.013247552970587995e+00
1.006659518985892232e+00
1.010995675463124854e+00
1.003373817646318722e+00
1.013492628041008592e+00
1.009643204569168784e+00
1.011618945669051195e+00
9.912669296771037253e-01
9.932316429784580070e-01
9.879999254356379712e-01
1.009583089729032324e+00
9.854131690767479190e-01
1.009627027746828221e+00
9.945983209669084779e-01
9.879994362230065663e-01
9.946000051773052908e-01
1.003719601300340436e+00
9.929576333557845746e-01
9.880449233929687880e-01
9.976087173670701302e-01
9.951748788338133922e-01
9.985029635680545690e-01
9.984301392673161635e-01
1.004494255669877933e+00
1.001451825160975639e+00
9.934608325456822930e-01
1.008083194630871482e+00
9.896970690085562516e-01
9.954571408568185786e-01
1.006237774289892029e+00
1.007783722424369754e+00
1.017124452551782632e+00
1.009781467802641997e+00
1.004716606051717420e+00
1.021823597315722809e+00
9.950817334478632148e-01
1.017889497045843195e+00
1.022394199093259903e+00
9.983227728768574449e-01
9.981308578929749542e-01
9.960125292396210250e-01
1.011931683663428228e+00
9.975876472730248468e-01
9.981081997808844974e-01
1.008984896846769619e+00
1.013947138696272177e+00
1.009032120573536639e+00
1.000735076770301157e+00
1.007588647194412435e+00
9.762736615479974400e-01
1.005367004857016022e+00
9.965446525491783447e-01
9.909142485872241002e-01
9.982362948773106925e-01
1.000558721449907873e+00
9.889097323543827311e-01
1.013454478841909090e+00
1.019307649460079457e+00
1.016106288894294440e+00
1.005815175111510307e+00
1.001602824623276877e+00
9.912838180415879386e-01
1.011015142973022085e+00
9.980852285581709449e-01
9.994553793355532845e-01
9.835578857669303732e-01
1.002957057467028346e+00
9.824561481531393081e-01
1.002007124440447150e+00
1.003018575327808914e+00
1.004456026012178649e+00
9.948051911577553419e-01
1.016257115984831039e+00
9.867110746041999336e-01
1.004973859125583457e+00
9.935513138731398852e-01
1.002695973002011964e+00
9.968205923296935556e-01
1.015244647458426019e+00
1.010665949802023178e+00
9.960248868658293508e-01
1.008034982163565019e+00
1.009229440800647915e+00
9.937051915639384392e-01
1.001939343101089008e+00
9.989934858071325419e-01
9.849347986392540388e-01
1.022297032973113140e+00
9.924411023744449389e-01
9.846703529192277760e-01
9.811685832106817884e-01
9.880733157363088548e-01
9.964609278207283705e-01
9.943336122650539011e-01
1.007999107176901665e+00
1.016781623555313985e+00
1.005458883924892577e+00
1.020259074786148190e+00
1.012294990213202572e+00
1.001438774663385267e+00
9.914054900072223342e-01
9.875576383377494549e-01
9.936171227302948994e-01
1.012321681579860799e+00
1.014881960275397121e+00
9.794730107526365970e-01
1.008222940832403269e+00
1.003284024186434920e+00
9.890938121852248521e-01
1.010534637459063356e+00
9.951525198620175816e-01
9.882676131621068727e-01
9.944625166538362260e-01
1.008994747393260338e+00
1.001698122973774474e+00
1.020170122572148230e+00
1.003983240179594949e+00
1.001497300486270836e+00
1.000027681940579338e+00
1.005664720512527754e+00
1.007067016845876628e+00
9.972971095621777637e-01
1.003843714059712733e+00
1.009774756077425062e+00
1.007042724922953214e+00
1.023042161777620418e+00
1.007862739651084638e+00
9.960941072132686314e-01
1.001150252740999891e+00
9.946501158546815491e-01
1.016063148025445395e+00
1.014071668239499013e+00
1.009811696055522789e+00
1.011694922513268979e+00
1.010714947524949281e+00
1.011704148100855294e+00
1.015076515617835184e+00
9.974393249054368527e-01
1.013825115689438228e+00
1.002702974847128559e+00
1.019195029265955732e+00
9.970990657539042790e-01
9.956306422670698764e-01
9.929417515945572204e-01
1.002919627537706138e+00
9.893826271909075265e-01
1.007884174449527714e+00
1.013501451998165992e+00
1.010427063675300996e+00
9.979068327791963400e-01
1.007223157779506773e+00
9.983375093787738574e-01
1.004170447384324261e+00
9.837465624221152227e-01
9.942680325362203142e-01
9.963737750662028381e-01
9.842480229152498206e-01
1.008899332586897568e+00
9.993582899228112826e-01
9.908276236214847987e-01
9.959975417364688166e-01
9.999086978326431341e-01
9.956105197911055971e-01
9.885300312942334466e-01
9.824362668952044686e-01
1.006503531019917741e+00
9.927171050719993950e-01
1.000706360574807885e+00
9.885821157692812333e-01
1.002866548827074045e+00
9.864083398268147507e-01
1.004384057624306603e+00
9.960759861253222214e-01
9.964563834620849825e-01
1.002368338912424717e+00
9.878720207441763490e-01
1.006549147887020323e+00
1.003625051475393715e+00
9.869737768205408823e-01
1.002439011047540740e+00
1.020202498792749601e+00
9.885880314762275356e-01
9.783040951114764239e-01
1.001032467649687785e+00
1.003812311950977199e+00
1.001278190940677382e+00
1.009355016971850372e+00
9.943348298278955610e-01
1.008975916264821526e+00
9.955496056034232044e-01
9.947863624900836754e-01
9.955678546161770281e-01
1.001845084756801008e+00
9.906663196240793612e-01
9.895848659214672161e-01
1.005684911657543479e+00
1.011572665083677602e+00
9.892894613876238585e-01
9.958576957196046964e-01
9.968233599510895049e-01
9.918152216796244369e-01
9.996279421949980648e-01
9.986491879688494944e-01
9.971168797063774125e-01
9.785890022972826285e-01
9.946596700437584371e-01
9.985398776950134003e-01
9.930487434591516172e-01
9.998484559212156286e-01
9.895653451413312096e-01
9.968959941567830940e-01
9.820443235381313141e-01
9.801362849997085069e-01
9.729772222045214303e-01
9.883510664517498601e-01
9.990212730230714211e-01
9.908818400870919030e-01
9.609815297654664690e-01
9.820085357629503298e-01
9.968185384824360673e-01
9.862623598019715221e-01
9.969406221743037921e-01
9.940433104851931212e-01
9.900527020531261213e-01
1.010592896239062011e+00
9.875627679376403067e-01
9.962799944937128505e-01
9.779343239803282017e-01
9.853021174392406767e-01
9.839290945747704020e-01
9.926763813585489649e-01
9.814695315995501934e-01
1.002776548593242278e+00
9.830901603572069769e-01
9.768084801691713226e-01
9.702454216488928251e-01
9.935851132110673500e-01
9.841129004888384824e-01
9.952573096811059283e-01
9.856261173255507213e-01
9.878399617531256061e-01
9.952551515165583007e-01
9.904240907822720041e-01
9.922202733948989328e-01
9.816035248407465330e-01
1.004062669449399037e+00
9.822340631386251575e-01
9.825706496328450168e-01
9.806047236302033454e-01
9.799702061909618678e-01
9.866507694642007165e-01
9.861292243765410470e-01
9.845614247668751373e-01
9.875261593231149382e-01
9.805736556461016606e-01
9.821346337613792166e-01
9.895536863804722527e-01
1.004214238570584117e+00
9.938947162363704901e-01
9.903567309589285106e-01
9.895189901543800515e-01
9.936633939706330798e-01
9.680564653281790166e-01
1.001818446925382355e+00
9.928153798493988269e-01
9.855787233165427264e-01
9.763486569608368359e-01
9.797610494192856567e-01
1.002595469354564228e+00
9.871077475148087865e-01
1.009640847666199104e+00
9.698185035600447312e-01
9.957990378946278698e-01
9.891757172019222111e-01
9.781764301694632069e-01
9.997522659297521930e-01
9.829788256279369252e-01
9.928573863100380592e-01
1.002571702984775603e+00
9.881786409857896691e-01
9.991065626568479408e-01
9.739534415135180367e-01
9.919114708730859542e-01
9.808507996503730286e-01
1.002698348622917290e+00
9.699340116696574254e-01
9.814276218802334695e-01
9.875359705204377336e-01
9.887403134243459846e-01
9.844227824566551543e-01
9.817316859579696686e-01
9.866255786329750643e-01
9.808435142352798231e-01
9.797066138403496272e-01
9.937783505657165062e-01
1.000428572890807999e+00
1.001049572899500584e+00
9.786379362971134865e-01
9.977235326062292575e-01
9.964809731190449327e-01
9.866177859928305649e-01
9.742087127049592343e-01
9.850469332639819608e-01
9.849433394091796634e-01
9.953277879179226462e-01
9.703870651369056466e-01
9.856014147470720799e-01
9.822646865018048734e-01
1.003984229348065416e+00
9.748472031576620456e-01
9.871523695849940827e-01
9.786153617077060218e-01
9.717962295464678268e-01
9.980652931095309599e-01
9.814502955173478593e-01
9.861000002653691476e-01
9.813029034310636334e-01
9.667122227210812602e-01
9.894315888879194887e-01
9.859088763951084911e-01
9.860649998177312137e-01
9.817119149469752948e-01
9.876082419133853652e-01
1.000283294106260046e+00
9.911862743130870346e-01
9.786250937065830158e-01
9.966702594243249669e-01
9.959584031161480278e-01
9.930464708863325773e-01
1.004491694823522741e+00
9.858018019686755062e-01
9.910526648566758690e-01
1.002905121109922693e+00
1.008264298658047897e+00
1.001625677455423080e+00
9.833799529076979740e-01
9.796937124451686740e-01
9.924631994350212594e-01
9.949893488861992763e-01
9.906813843972831490e-01
9.897967751173081252e-01
9.960178690304596349e-01
9.744210486770286117e-01
9.753871559813263037e-01
9.951050333794934089e-01
9.952370759959684454e-01
9.944393420235261294e-01
9.927912067943944763e-01
9.763137122601981410e-01
1.001868507082291027e+00
9.938884069058971926e-01
9.911391910073816813e-01
9.947104093193446239e-01
9.797088630093337969e-01
9.933791865573966540e-01
9.839339856497025805e-01
9.928639374093195524e-01
9.933652444939096160e-01
1.004409615678161005e+00
9.904973555979496025e-01
9.971430368391118737e-01
9.999846083330931057e-01
9.728174243915832520e-01
9.680343397344635115e-01
9.823424827038146345e-01
9.984491230841527898e-01
9.917112693154818137e-01
9.755534391776787828e-01
9.777597882815115549e-01
9.863354949191178722e-01
9.932355685922990007e-01
9.815942551924787818e-01
9.696742888292427809e-01
9.803509524431630595e-01
9.843603676938291747e-01
9.972735883283154745e-01
9.844656408455086938e-01
1.005226304001615611e+00
9.982967197263942216e-01
9.919178520479312589e-01
9.931571504300791275e-01
9.908157191341845360e-01
9.765367782187412971e-01
9.988099898667074372e-01
9.908316588136307779e-01
9.879112471455939737e-01
9.743795559435451947e-01
9.869070765054248628e-01
9.720648360620276485e-01
9.803413769175296499e-01
1.015943433454301825e+00
9.713125473847553648e-01
9.950964492408160833e-01
9.900031089866351275e-01
9.710515027025857782e-01
9.976762655835386129e-01
9.974661235217551214e-01
9.998050066741485109e-01
1.007529840635826623e+00
1.012737931089600307e+00
1.007651867643005517e+00
9.989719004204614672e-01
9.975337183242153349e-01
9.856003759432157008e-01
9.867872587506576476e-01
9.996277137197389084e-01
9.880174162596226939e-01
9.883851826691253395e-01
9.904218249261809159e-01
9.828046859475971786e-01
9.912727644278285233e-01
9.843321577520213195e-01
9.982701935947971839e-01
9.896959045594047044e-01
9.902941845953304734e-01
9.975019899200345819e-01
1.005163031994317890e+00
9.937486512254665172e-01
9.934528587412678746e-01
1.002548604820793221e+00
9.969386504135410165e-01
9.958909562353042144e-01
9.851413951654429679e-01
1.008321389426439785e+00
9.941542059373847939e-01
9.970255964136486293e-01
9.885040142398576757e-01
1.010644429878937212e+00
1.019993638717274775e+00
1.002060595394955067e+00
1.012234076985091047e+00
9.889533350744446061e-01
9.991207478291377342e-01
9.881202976567740048e-01
9.867500398924751170e-01
9.869446924010386590e-01
9.878101559916971919e-01
1.003512809260134642e+00
9.974425468408901763e-01
1.015122294325075281e+00
1.011854058796977540e+00
1.001522641950485237e+00
9.884057696676969984e-01
9.860449329787083217e-01
9.999936962977773458e-01
9.828512724492609598e-01
9.942715953221192837e-01
9.924840426162142570e-01
9.838226263009046679e-01
9.969357017564643986e-01
1.002523754332881101e+00
1.002726391132017891e+00
1.007347665931289216e+00
9.960456617883054475e-01
9.739841172027615679e-01
9.924351238397777220e-01
9.905495257513430296e-01
9.897133812380166651e-01
1.005441220820648018e+00
9.873519041605409718e-01
9.997807603972869162e-01
1.010054635078640572e+00
1.010514193309524966e+00
9.861306409611605428e-01
9.993662865235980464e-01
9.924141480452401964e-01
1.011587499722178096e+00
9.991784428541142793e-01
9.947877176499821950e-01
1.010409090068720817e+00
9.908943724723978663e-01
1.010062746113304488e+00
1.009866679184584948e+00
9.969200229546459902e-01
1.008986065065001991e+00
9.965195873244132585e-01
1.017656504518699156e+00
9.819751644339254071e-01
9.961869642298419869e-01
9.858363367088947005e-01
1.001408975973497206e+00
1.011281420711580559e+00
9.977702117436986207e-01
9.897444982595114960e-01
1.021428272845040786e+00
1.005061196041106664e+00
1.003268378443469055e+00
1.000550797308156881e+00
9.914537740149659273e-01
1.007132847941341947e+00
1.004902141930984039e+00
1.014340224240324106e+00
9.773765256243837074e-01
1.003732312790105441e+00
9.992913567906170913e-01
1.009305993051087480e+00
9.920280888637734718e-01
9.971130827871141911e-01
1.002829270597564770e+00
9.868578101620577581e-01
9.872065246194150490e-01
9.944767061148517273e-01
9.919884212655836198e-01
1.004196723348623754e+00
9.972662433096302070e-01
1.001662008778644752e+00
1.005029236188827113e+00
9.824384301901619709e-01
1.003768284599135585e+00
1.006907419631365208e+00
1.012754438729415174e+00
1.009353511019329463e+00
1.011708370791465583e+00
1.003211930821150455e+00
1.022485069486020581e+00
1.019423505401130470e+00
9.887199440246221549e-01
1.000231340342389030e+00
9.993193410985982128e-01
9.924144432496102564e-01
9.827929406755404607e-01
1.012631637677121388e+00
1.001507726480911797e+00
1.007793531753185867e+00
1.005594450219361224e+00
9.872585099353310412e-01
9.998520307150292608e-01
9.854834638330195462e-01
9.961755570055857989e-01
9.975223511215551842e-01
9.795935745661098482e-01
9.890023874452309460e-01
1.001680779430505819e+00
1.001021491048746492e+00
1.002983030872575121e+00
9.904180692653010709e-01
9.976395194162633873e-01
1.016742995700328667e+00
1.000290964911488167e+00
1.007010655369412033e+00
1.013356647073234917e+00
1.006400850688908832e+00
1.010122071443066316e+00
1.007477871387622903e+00
1.017384765951978132e+00
1.000060031336007293e+00
1.009064271536484370e+00
1.002434579774337919e+00
9.944705280723360463e-01
9.823245728523740672e-01
9.952154960175699783e-01
9.930122432495500640e-01
1.003919992337753309e+00
1.007240686624987891e+00
1.002846356105222547e+00
9.956585207762882472e-01
1.004594649358421021e+00
1.001400025323284648e+00
9.960089186483030987e-01
9.771340561919797940e-01
1.015563645949993266e+00
1.015652590932021981e+00
9.910635115118806571e-01
9.931764459437999459e-01
9.991628408961712449e-01
9.863197230637630319e-01
1.005422859534746305e+00
9.963852046436405541e-01
1.001224744532248634e+00
9.878142916675348717e-01
9.850837189379401115e-01
1.002292054226486595e+00
9.992498563532691280e-01
1.007374067432503351e+00
1.014656105263290309e+00
1.010175147740538737e+00
9.953143269174860031e-01
1.024576399452987729e+00
9.861644777965160591e-01
9.995314528275234256e-01
9.974045492751320019e-01
1.001593103942529872e+00
9.988160344983344485e-01
1.001917667582053806e+00
1.004291178886579816e+00
1.008864595815664122e+00
1.003115356957816839e+00
9.996701525419269263e-01
9.795537241149238072e-01
9.871940631286687529e-01
1.011148811734029485e+00
1.001236324929162480e+00
9.904547897045069549e-01
9.998579779865188755e-01
9.914378478609324752e-01
9.874801546436611233e-01
9.934249721158339153e-01
9.990641989510383736e-01
1.000000075816251499e+00
9.820331647771648464e-01
1.001750172533269589e+00
1.001506403495781905e+00
1.000213172561241981e+00
1.003508876338777167e+00
1.014483909542954976e+00
1.004652474123416184e+00
1.003674662107481907e+00
9.908501491013677054e-01
9.959567636762276521e-01
1.004060662461354836e+00
1.008156392875093621e+00
9.926707141437122184e-01
9.986518620074777974e-01
9.980623783970635765e-01
9.873721472698973045e-01
1.006325051856230557e+00
9.921878351650558203e-01
9.965192003491065709e-01
1.023624130213201422e+00
9.866192327201880330e-01
1.003552879686874677e+00
1.004136812523092726e+00
9.865011029775041518e-01
1.000669049742855865e+00
9.944473227975728635e-01
1.004162577624024166e+00
9.891344750832958832e-01
9.992761850283424785e-01
1.005833592275608313e+00
9.738630777099620550e-01
9.955423526491754549e-01
1.000787055452613039e+00
1.003330740298681301e+00
1.002438370550408075e+00
1.001990525689749223e+00
9.988170983957613824e-01
9.935416922025273045e-01
9.949559655696910143e-01
9.826775716438331809e-01
9.969775962225164712e-01
1.011105768548050232e+00
9.997048448153702527e-01
9.974702659914091996e-01
9.829433481237950243e-01
1.001933741836254610e+00
9.995488844926136984e-01
9.918095967026960835e-01
1.004122830425440149e+00
1.001604657979947799e+00
9.963729673000866205e-01
9.929807428849973805e-01
1.014523470987393816e+00
1.008172084178403649e+00
1.016518250464505169e+00
1.005274336991228257e+00
9.956304529806394576e-01
9.977576116971951237e-01
9.781967762217582685e-01
1.006908895413307414e+00
1.003984350570769069e+00
1.017932588437057362e+00
1.006912683589838986e+00
9.943597538898936161e-01
1.023487312622898271e+00
9.832465622507333691e-01
1.018461278151866489e+00
9.862487139533797631e-01
9.933342271204403939e-01
1.011662163015826899e+00
1.014060905994994766e+00
9.952264321398200941e-01
9.972012228695140701e-01
9.949153323052105646e-01
1.015913322250061368e+00
1.015790626761592819e+00
1.009219003894896494e+00
1.002308278255639173e+00
1.002368100057767331e+00
9.987040412467609318e-01
9.849821489879168057e-01
1.008615254143520712e+00
1.009703262779823474e+00
9.897398748047816497e-01
1.006694312364126320e+00
1.020296632077406285e+00
9.976241079347788476e-01
1.012411905103237864e+00
9.888163092634402185e-01
9.885967096240720897e-01
9.889667289258192717e-01
9.938728684452894369e-01
9.913663081431973723e-01
9.966743214343674051e-01
9.874810314852625615e-01
1.002522864917374967e+00
9.833747739105711538e-01
1.011966690752916564e+00
9.828923636242113959e-01
1.025120334958176338e+00
9.915051390278822874e-01
1.006194692394845047e+00
1.014216170428885233e+00
9.951398617653162137e-01
1.023091573459121273e+00
1.004309714924483288e+00
1.000944068264665754e+00
1.002619662480430884e+00
1.009797237464889141e+00
9.826346242031329670e-01
1.017605594249292755e+00
1.003767728646014490e+00
9.974188402885899585e-01
1.006540951793444494e+00
9.878404484272034214e-01
9.992698399252287755e-01
1.007472209745741143e+00
9.962730303134307297e-01
9.930942530258227707e-01
1.000742809806352218e+00
1.003293869164287866e+00
9.982523381616965619e-01
1.010823676785260306e+00
9.929036374274893273e-01
9.879049185605883743e-01
9.806614286648079881e-01
9.824885977968648154e-01
9.952651135370058633e-01
9.984189061116968134e-01
9.980683758442994158e-01
9.983996970997909282e-01
1.001502087787618178e+00
9.905041020044078603e-01
1.002090929335963221e+00
9.967156275824660128e-01
1.010456819546152518e+00
1.004329186449510525e+00
9.954936010289082704e-01
1.014367934595276077e+00
1.001291364731564437e+00
1.002718341582220063e+00
1.008591478055222979e+00
9.774283725789851829e-01
9.990367475999412106e-01
1.005688500661198193e+00
9.985002461485792402e-01
1.003524196712961114e+00
1.009228599447987484e+00
1.003201968182744430e+00
1.004066713901782926e+00
9.939549786083885508e-01
9.859395868208714608e-01
1.009850284804407528e+00
1.003504025312623726e+00
9.952829878883122650e-01
1.005665177887545614e+00
1.006641360101113714e+00
9.869088314078409141e-01
1.003915571912979754e+00
9.944166343117183393e-01
9.819206326969334153e-01
1.009526946236313005e+00
9.955896954396523668e-01
9.931595836922536558e-01
1.005370116757574150e+00
9.952024814623533500e-01
9.896427321531289234e-01
1.018078684953082513e+00
9.904683153685786001e-01
9.818227384351758680e-01
9.984083252949147447e-01
1.006731774626535181e+00
9.999241984161092445e-01
1.009685853399350686e+00
1.005460961720680668e+00
1.004919800439206590e+00
1.001970563877584652e+00
9.918681812050265112e-01
9.979243882759468720e-01
9.901713055799120644e-01
1.005605630982524090e+00
1.002483150314656735e+00
1.009175381836512120e+00
1.009054140785550446e+00
9.970792879307462941e-01
1.018011532414397680e+00
9.992096789726885309e-01
1.014665429069774749e+00
1.001664749007471933e+00
9.984991282173651950e-01
1.009220293190382423e+00
1.004469270182489105e+00
1.005592338546373865e+00
1.001227958545914509e+00
1.010606247444046257e+00
9.879258002733746213e-01
1.000335118714845484e+00
9.886200621738898686e-01
1.007372315363520343e+00
1.006407802807248952e+00
1.004569131665857595e+00
9.880208999928444813e-01
1.001069145188458354e+00
9.935154818907656615e-01
1.011297736662866820e+00
9.962948669791404921e-01
9.907608038425227415e-01
9.961335436114475694e-01
1.003916940391533119e+00
1.010948148081573628e+00
9.941518833242108943e-01
9.785559135316224122e-01
9.924917360934749633e-01
1.005529423634878849e+00
1.014694364781844937e+00
9.958537484058299638e-01
9.914347500699074445e-01
9.984622377090474066e-01
1.006613488918350230e+00
1.004708331106176411e+00
1.013231359422125832e+00
9.997069841481356356e-01
1.010644167787707826e+00
9.949301468202002008e-01
9.941316511511648635e-01
1.002091394975929362e+00
9.903037288761012968e-01
9.948985154352223415e-01
1.015432121850870395e+00
1.003046953884569659e+00
1.011329566477483066e+00
1.008892841435512944e+00
9.962242857361708337e-01
1.012370039208060568e+00
1.003835700457455848e+00
1.008176480664960240e+00
9.948630302238429257e-01
1.013373114997517366e+00
9.943601804246485765e-01
1.010475313000636310e+00
9.975993450217726100e-01
1.008766829058912240e+00
9.939240618458261567e-01
9.877203906325779936e-01
9.939464599346893303e-01
1.010475728494168779e+00
9.886408801282244863e-01
1.013372594920180170e+00
9.923252612932411676e-01
9.823221404691848679e-01
1.011755649332635620e+00
1.006935860447236708e+00
9.915027399214954018e-01
1.011068144774759592e+00
9.998245408599368833e-01
1.015411416721788029e+00
1.008689505990449486e+00
1.009006706493779104e+00
9.911928755963547166e-01
1.010843199754824173e+00
1.001296255579074757e+00
1.000093095694937650e+00
9.981461899923308456e-01
9.849898250096038588e-01
9.956168161392823235e-01
9.767475699476084738e-01
1.009781506016685038e+00
1.000360801417262469e+00
1.011562703674916186e+00
1.002110687660709987e+00
9.938798476954965322e-01
1.002422227737080229e+00
9.872828010439933522e-01
1.007021848363465200e+00
1.005067830449007049e+00
9.970650745359618261e-01
9.800104660198983852e-01
1.005544358284571338e+00
9.907076073872942423e-01
1.007138553104532930e+00
9.941994289285860376e-01
1.003679360624681216e+00
1.004956504011838225e+00
9.965992318641330172e-01
1.016995089473999414e+00
9.930147479285922341e-01
1.023259453485861004e+00
1.008669213311535584e+00
1.008607389841216451e+00
1.011922292909024135e+00
9.893909564742233709e-01
1.008942898722306802e+00
9.941560997098455310e-01
1.001606693952894256e+00
1.008394593193228772e+00
1.015361941257286738e+00
1.021158367181158377e+00
9.948772212488530275e-01
9.998853751602034823e-01
9.945909245679563915e-01
9.970968465872455111e-01
1.020759666357038631e+00
9.959511853226022948e-01
1.001690460830118035e+00
9.896103889013105892e-01
1.019498437082557052e+00
9.844453122577905280e-01
9.949937903013367224e-01
9.914973830479653083e-01
1.000738870643085310e+00
1.003668960797127863e+00
1.006224809928097708e+00
9.877746926429937790e-01
9.886482545536937616e-01
9.972506778817015194e-01
9.975705441101277993e-01
1.015362446437659605e+00
9.879630150801529398e-01
1.015664832316052646e+00
9.823792745930821635e-01
9.836621690140598950e-01
9.921284634212422793e-01
9.990578151409791330e-01
1.010276981834801635e+00
9.967529432145824098e-01
9.822101584398884588e-01
1.010632046625895564e+00
1.007250101349517646e+00
1.009259141760197043e+00
1.006707513691701639e+00
9.971296732376327965e-01
9.804005121812811030e-01
1.008284648259532457e+00
1.003964613324141775e+00
1.021239955036893354e+00
9.956645097606771078e-01
1.006383365633813032e+00
1.017631107511256072e+00
9.880746857737729982e-01
1.004499556331811094e+00
1.005674370949719343e+00
1.004352177249329792e+00
9.875742035501509086e-01
1.000983800474184671e+00
9.825651616272638167e-01
9.949425219609988602e-01
9.883344310795715293e-01
9.991171676376853217e-01
1.004794978304377251e+00
9.984941717814594941e-01
1.000976869830322302e+00
1.008299270072063214e+00
1.014170687148833183e+00
1.031664950134839609e+00
9.774710545408300533e-01
9.961330820909399808e-01
1.002363073530967208e+00
1.000029862164816263e+00
1.007784823666375784e+00
1.007352517488609545e+00
9.991553034343271245e-01
9.879363818435252798e-01
1.003855551264813961e+00
1.007291916189638314e+00
1.000927342374669626e+00
9.901816597452934854e-01
1.012822035960112776e+00
1.002969682856512001e+00
9.961178923485151104e-01
9.981165157478042449e-01
1.016673432997483806e+00
9.858314961059506665e-01
1.019822280111272184e+00
9.940109677537392052e-01
1.004574971141798168e+00
1.022242557659969631e+00
1.004158846892493351e+00
9.941334422209197053e-01
9.805346031290500530e-01
9.987540148671172346e-01
9.907706709526686861e-01
9.985822052889322675e-01
9.893636413218317438e-01
9.857807043869295516e-01
9.914622824869031570e-01
9.896347314662883310e-01
9.879541709343320210e-01
9.798172842174204256e-01
9.978348056915357089e-01
1.005076923412548062e+00
9.917283172175369588e-01
9.984302032081363576e-01
9.917098185685417899e-01
9.716319596886838772e-01
9.908561654149562470e-01
9.896973430123936488e-01
9.899116893779640325e-01
1.016891086036583181e+00
9.907661944903691786e-01
1.007876900910222639e+00
1.001634332009153638e+00
1.008445357681707177e+00
9.970179052844910794e-01
9.907387007746868424e-01
1.005864552024313241e+00
1.003415878895032920e+00
1.005639013309829854e+00
9.922026755316774027e-01
1.016927893706781827e+00
1.008786376556953357e+00
9.911208632786540074e-01
9.877853701668998232e-01
1.003065176601536157e+00
1.002767762574619193e+00
9.991240766664057915e-01
9.821509746234585725e-01
1.002946717498593099e+00
1.000874937321664326e+00
9.950827986212935627e-01
9.876484917475711889e-01
1.015927437536854328e+00
9.880639738731973321e-01
9.915598866655845889e-01
1.004754889985269184e+00
1.001810179659261335e+00
9.791908589640497818e-01
9.751290071204744558e-01
9.985754628848244607e-01
1.008304189741352941e+00
9.949574527643552102e-01
1.007647011522184499e+00
1.006209997194428052e+00
9.944140398892130639e-01
1.010671800299673961e+00
9.960765005114121662e-01
9.862718916725208285e-01
1.010647513293466027e+00
9.976599732683850696e-01
1.002585709895526422e+00
9.944736708253765212e-01
9.994370203568520017e-01
9.911216725350388002e-01
9.856297128629588622e-01
1.006036253787582657e+00
9.990095375820340351e-01
9.976233473869965396e-01
1.004699464568754586e+00
9.879215189681462839e-01
9.987022260017863751e-01
9.912943117133108384e-01
1.012522679174588047e+00
1.001281926797381372e+00
9.995453733796698659e-01
1.009418578413643797e+00
1.008289917089248089e+00
1.003948482067781534e+00
1.001951356829222650e+00
9.935996487944522837e-01
9.926167381923859390e-01
9.981109867681685621e-01
9.842651420590526889e-01
9.946705470364918256e-01
9.918211131233627409e-01
9.912326764375577470e-01
9.996961949717285689e-01
1.001682070556127346e+00
9.870977297234021508e-01
9.971398464924893235e-01
9.867557974118205122e-01
9.985708386985877594e-01
1.016006643219600436e+00
9.878406455769717098e-01
1.000877923622496501e+00
1.002061385038698127e+00
9.993118982894887425e-01
1.006106214159608880e+00
9.958869410334332262e-01
1.010749652608427418e+00
9.974669449466270210e-01
1.014766674315316530e+00
1.003107624258533948e+00
9.922078165108534353e-01
9.978570808219846544e-01
1.027519466712294438e+00
9.952520202430322760e-01
1.008696553334547330e+00
1.008070220771090542e+00
9.918903058931849426e-01
9.938469590663401299e-01
9.979106082316858695e-01
9.903391847207367871e-01
1.027910214903574149e+00
9.963974492165839081e-01
9.994196852980939960e-01
1.006216374403797076e+00
1.008125375258708267e+00
9.695614966301868698e-01
1.025353549236702300e+00
9.967961954670699898e-01
9.935725920695142044e-01
1.005789092878490942e+00
9.900324756538035897e-01
9.972173547133652560e-01
1.004661853829532214e+00
9.859622229480807798e-01
1.007184428665599096e+00
1.006415946555338836e+00
9.942616785979354610e-01
9.991690436116632545e-01
9.984871657225594666e-01
1.011898862542571553e+00
9.969644766403984448e-01
1.016478844563012185e+00
1.003259028527874186e+00
1.003304368485029574e+00
1.003806636757223592e+00
1.019373126849962397e+00
1.000124763552495688e+00
9.883005617861497782e-01
1.006482720016725674e+00
9.898934201403518651e-01
1.014555246657373511e+00
9.934208948494327451e-01
1.006566418359436721e+00
1.011459020852446766e+00
9.912192703416173867e-01
1.007025406696870462e+00
9.897771386697582496e-01
9.766587679597728000e-01
9.929716678695623688e-01
9.983959476633709196e-01
1.013744794070239319e+00
9.935508161031169072e-01
1.002202388283822021e+00
1.004704916884709087e+00
9.823698130732738676e-01
