# data in one-minute intervals
1.004614009466117563e+00
9.914539536398060404e-01
9.984864485697155789e-01
1.003821466864251999e+00
9.936090638498452643e-01
1.019543574085663540e+00
1.007559303947891838e+00
9.973331236481616235e-01
1.003676404436846026e+00
9.878545529640473388e-01
1.003095640996048754e+00
1.015808094191389177e+00
1.004620444279102021e+00
1.007047243274322934e+00
1.001838871991036717e+00
9.866770343676151134e-01
1.001859019359416125e+00
1.001333458621482819e+00
1.022558357200162860e+00
9.862881762377190276e-01
9.916697749261567107e-01
1.005047806994504578e+00
9.920803759178670189e-01
1.010144644606987052e+00
9.823623951699385071e-01
1.007185518317328166e+00
1.002792945949779746e+00
1.004189924421383218e+00
9.969865597384668376e-01
9.960933150244105638e-01
1.007866579574195010e+00
1.006139647335938969e+00
1.022789778656773674e+00
1.015827932646105936e+00
9.951924367922928560e-01
1.003463789259340544e+00
9.894139464378574056e-01
9.973256520680662263e-01
1.006240261150297632e+00
1.002910463531068164e+00
1.001911053331060897e+00
9.950831575318128674e-01
1.023627229572508179e+00
1.010168424622387651e+00
9.734287204508847990e-01
1.000619410290696454e+00
1.007770226664726598e+00
9.800588712870001995e-01
9.953286464843843495e-01
9.848101671505080645e-01
1.012733972705425201e+00
9.926235403228603760e-01
9.767311227593943324e-01
1.012123876736440220e+00
1.014868759040075785e+00
9.875634910603967587e-01
1.003275781034015379e+00
9.936065392630151205e-01
1.006636709759746395e+00
9.730240126312055260e-01
9.832179413813338931e-01
9.774334230547263580e-01
9.987160558052402548e-01
9.901112564621160628e-01
1.009715976705342300e+00
9.996286964671331488e-01
9.902106454260600765e-01
1.002124186122634875e+00
9.921015446530516702e-01
9.992393633218435989e-01
1.000225775902021663e+00
1.008201434532685514e+00
9.916945097058202929e-01
1.008922109222283536e+00
1.003020352668641868e+00
9.944944130639804536e-01
9.991656628520884098e-01
1.003737403361403935e+00
9.896466893226749661e-01
9.947002840780100330e-01
9.942370647781928472e-01
1.003675252081374758e+00
9.973513026982998575e-01
9.807587849225732901e-01
9.914286138406288584e-01
1.011122898704644557e+00
1.008984412942714348e+00
9.973720672758906725e-01
9.921982169698255749e-01
9.961564321061512350e-01
9.849056512155662801e-01
9.957266559929356387e-01
9.940610861793823805e-01
1.007606722628902274e+00
9.931470874037245933e-01
9.991204890641656178e-01
9.791190879360226473e-01
9.964246104972588336e-01
9.917760138990401320e-01
9.948763266727327359e-01
9.968362316731950168e-01
1.011955069061831525e+00
9.965891383993739083e-01
1.008961905837719719e+00
9.992977401396270221e-01
1.012399299061932156e+00
1.006339811075887658e+00
1.004225124366860289e+00
1.006161702345692799e+00
1.003898863698573951e+00
1.000741027420282370e+00
1.019129218681942284e+00
9.903252185390899465e-01
9.871264721028668587e-01
9.843456567011840130e-01
9.988699473500098902e-01
1.003772552969174559e+00
1.006771736231015568e+00
1.018879106945082214e+00
1.009713720427512174e+00
1.011996165975674433e+00
9.969796865600490943e-01
1.024049778669944066e+00
1.010021239295193940e+00
1.005181557978037654e+00
9.931792212099909145e-01
9.993650715076564106e-01
1.007469414368744820e+00
9.809455098869975798e-01
9.979825295386152151e-01
9.907938341515227787e-01
9.766119859735279407e-01
9.884174563205255781e-01
1.015851569847159519e+00
9.748108848187925224e-01
1.004600843582313718e+00
1.009818602184967329e+00
9.887833495967668362e-01
9.937610822689225687e-01
9.857412852756193278e-01
9.899261617539687474e-01
9.922089611887525695e-01
1.005155796307417360e+00
9.978604021832278015e-01
9.991124270715985300e-01
9.842837041454207681e-01
1.010866467140753011e+00
1.014978235454075506e+00
9.965575490412574844e-01
1.008425630044946120e+00
1.010049549483299058e+00
9.904353131466751003e-01
1.008726588161648952e+00
1.011532754471696771e+00
1.023591769333717538e+00
9.854089744767374759e-01
9.953188938175019373e-01
9.848558343842394036e-01
1.003959742666147736e+00
9.778579732961585336e-01
9.935299992024843041e-01
9.973648707844514627e-01
9.913508197274278899e-01
1.011733516652422615e+00
1.011521379767795104e+00
1.012227703699368098e+00
9.874385305404184132e-01
1.002031317228534002e+00
9.921634648450481375e-01
9.999631247889388952e-01
1.014239012619123637e+00
9.952066420815797176e-01
9.999361875617441830e-01
1.022332285937638696e+00
9.872967472765472596e-01
1.003207395770602917e+00
1.006024503369186363e+00
1.023282052984362478e+00
9.889266887381966686e-01
1.006083274118825699e+00
9.976601519779277893e-01
9.926229396255623616e-01
9.940998607638351636e-01
1.008007970476312742e+00
9.963704892568846505e-01
1.006775105860235442e+00
1.009418388633401831e+00
9.970217465062198858e-01
1.011291820453563250e+00
9.967053902158393708e-01
1.001251212472749064e+00
9.985137696448140865e-01
9.876249717483023272e-01
9.954171499415382929e-01
1.000697151530517859e+00
1.023815968722548986e+00
1.002287831432988163e+00
9.955785000478415414e-01
1.010808602445932847e+00
1.016858518188228588e+00
1.002272586598375481e+00
9.924354620632270807e-01
1.011991363088023510e+00
9.913077787578109534e-01
9.948504415784874544e-01
9.931323436175838459e-01
9.943539947133898105e-01
9.858726463910301163e-01
1.005328737752265056e+00
9.969723716495270116e-01
1.005367640148915553e+00
1.016467439510964965e+00
9.951319197958390372e-01
1.010119354103971911e+00
1.001627814789538995e+00
9.849573212706878023e-01
1.011308810357112398e+00
9.854772287356494687e-01
9.888177332844435563e-01
9.910473574649559803e-01
1.013293180131741078e+00
9.855885363174311520e-01
1.023649972888009962e+00
1.009479348696481482e+00
9.983757198312646075e-01
9.988186214429747301e-01
9.933410012284104029e-01
1.007713436118662376e+00
9.962138467865161440e-01
9.871534150571876776e-01
9.964564280896909265e-01
9.891233223751292325e-01
1.018595369171207743e+00
9.991931370371821552e-01
1.003091173219891719e+00
1.008015903339316566e+00
9.920515237611512438e-01
1.002475533597606328e+00
1.013650847466272209e+00
1.010318614918702895e+00
9.916176786433623658e-01
9.872107965632670457e-01
9.918918118987857246e-01
1.011916388610207385e+00
1.006897644025572136e+00
1.012397288275432183e+00
9.993470870989576982e-01
9.978849501298633351e-01
9.932257476451551437e-01
9.925803523235954273e-01
1.009305752041248283e+00
1.014358112397376166e+00
1.003849043740302038e+00
1.001538022431325725e+00
9.859927809186738168e-01
9.927460925750016818e-01
1.005277390736593945e+00
9.978020256703529212e-01
1.008978340671884855e+00
9.870333736764553834e-01
1.000337759341344945e+00
1.009890772034853557e+00
1.007161633584163107e+00
9.846265068203962079e-01
9.739149398737763086e-01
1.017389226473701447e+00
9.944410910203225207e-01
1.000580184542696704e+00
1.002051176741893368e+00
9.938140090642944013e-01
1.004151477132432912e+00
9.979424874132952761e-01
9.910110059864485343e-01
9.966267274061014758e-01
9.878163019539103473e-01
9.997586507752598273e-01
9.776236510871635366e-01
1.015868146474413258e+00
1.006774911031151909e+00
9.829622594623617093e-01
1.011071435403834595e+00
9.884137867966479307e-01
9.986176437605712719e-01
9.999691303828930344e-01
1.015926866207050194e+00
1.006634035759915502e+00
1.002406356560004763e+00
9.976892550886019562e-01
9.883456400042195389e-01
9.948917223277264910e-01
1.014090308428225562e+00
1.011695024202510673e+00
1.004000374002789631e+00
9.935496050120324885e-01
9.773472491998334011e-01
1.004889288978086936e+00
1.011623507181262926e+00
1.012491373146528151e+00
1.010136295991794331e+00
1.004523078285223470e+00
9.882931576012605746e-01
9.843494966675300217e-01
1.004265428722509457e+00
1.004975196177122720e+00
9.899328242234913811e-01
1.001993275308926457e+00
1.000394890743425247e+00
9.953130900192802555e-01
9.905239129200209547e-01
9.974356449400276770e-01
9.837212271583418710e-01
1.010999854668441333e+00
1.014667061554555660e+00
1.002492275554591750e+00
9.875483621121403655e-01
1.012756424603397543e+00
9.782264308050575563e-01
1.000479254365439274e+00
9.970221367987003314e-01
9.843567794984886543e-01
1.001029838158949081e+00
9.815729491718769850e-01
9.985122909596163554e-01
1.002675816104231510e+00
9.984100740308907707e-01
9.947738128154470783e-01
1.004001345330442829e+00
9.924734205537194542e-01
9.931981894170964775e-01
1.020799323831651728e+00
9.869028947718185840e-01
9.780566404915288503e-01
1.004458877944363504e+00
9.974033306817431388e-01
1.009030260288847236e+00
1.009430672009120178e+00
1.016045628747318741e+00
1.002776178631579640e+00
9.876753350373277396e-01
1.003435804745251625e+00
9.946072964742447287e-01
1.009167860039030362e+00
9.873119964524867953e-01
9.969005734284785980e-01
1.005574255730047772e+00
9.891698227916252417e-01
9.968000724263220702e-01
1.000651688985454424e+00
1.013139576334700198e+00
9.947703061304842276e-01
9.896027204394738375e-01
9.988180213826360898e-01
9.998680424885604268e-01
9.938654204693533334e-01
1.004255793726432255e+00
9.831524085314843342e-01
1.000256363062840936e+00
1.004849437843860827e+00
9.999263063385653849e-01
1.003376581937081236e+00
9.987255725725262545e-01
1.006771214937278947e+00
9.959637473976115096e-01
1.017872777034013021e+00
1.003737523660361175e+00
1.006801547613324965e+00
9.997217812131315995e-01
9.973845443770419372e-01
9.848698477463455614e-01
9.985089819601561389e-01
1.007899416775192014e+00
1.005399081809133399e+00
9.939289346664096358e-01
9.863482428795388168e-01
9.991365542453367610e-01
1.018040950722317595e+00
1.017369955916514579e+00
1.018213066048583304e+00
9.918680532488257651e-01
1.005555429525128108e+00
1.003460908588792888e+00
9.897455188761934419e-01
9.889894718302881804e-01
9.993868473233142868e-01
9.828892013355904345e-01
1.007458488211101511e+00
9.862203851899092877e-01
1.008530548132368088e+00
1.014433099886001388e+00
1.001738635832749802e+00
1.005545170868655802e+00
9.904524336046722777e-01
1.002688709674202761e+00
1.005638520592623930e+00
1.002941629022680026e+00
1.006544355236823618e+00
1.001054514869051060e+00
1.001454311291920751e+00
1.011328726077460161e+00
1.011903027736659633e+00
9.988145608421089561e-01
9.982963610807450427e-01
9.957203770455824721e-01
9.990175628743049874e-01
9.851706465752844144e-01
9.873801072622110375e-01
9.945834627145819784e-01
1.010995933340441688e+00
1.011797437271577449e+00
1.011833508112740754e+00
9.866502601245112913e-01
9.910949272010548539e-01
1.008618522342655366e+00
1.008279490914119503e+00
9.911413645217237445e-01
9.944439510672797855e-01
9.970579008596528459e-01
1.002038225652569281e+00
1.005786977002464555e+00
1.001464957045211879e+00
1.003423594022405441e+00
1.007075213957115301e+00
1.009228209967983902e+00
9.925512705649313094e-01
1.003920362951245870e+00
9.984687844187148942e-01
1.003125198791885664e+00
1.020960980810046603e+00
1.001246438366384828e+00
1.005958058972192815e+00
9.966440737367339153e-01
1.007835192076234065e+00
9.995910393776712421e-01
9.885118583775762691e-01
9.935939756221386920e-01
9.969253252156992096e-01
1.002129255114683870e+00
1.003618880948773384e+00
1.000807321278108564e+00
1.016750982759362154e+00
9.958108837111946388e-01
9.888241190506679157e-01
1.009357921412030068e+00
1.005203516165452449e+00
9.987991386505351565e-01
1.018775340203414093e+00
1.007493484277577567e+00
9.916314955772818074e-01
9.846016620628196270e-01
1.005410802893612621e+00
1.002283100496506929e+00
1.006146315796315527e+00
1.005641678831874941e+00
9.997104794801899841e-01
9.928452990282194968e-01
1.006888049404730534e+00
1.014841938330888205e+00
9.965125961188583403e-01
9.946471065313424731e-01
9.972813647547447147e-01
1.003448998846103279e+00
9.996486728266488209e-01
1.014732245504673891e+00
9.929578534216942920e-01
1.002523456416290371e+00
1.019961926793611751e+00
9.985233424087670562e-01
1.000111841573795290e+00
9.908235459995529126e-01
1.010691925800922819e+00
9.893356860318204271e-01
9.992831240272842530e-01
9.882619197384895360e-01
1.005816367059920946e+00
9.955554173406149232e-01
1.014809392844880920e+00
9.920228567991385971e-01
9.940352764762049320e-01
9.967694110176341660e-01
9.921902562708349027e-01
1.018499284668751947e+00
9.860157076491020689e-01
9.976458513322005173e-01
9.948245974063413266e-01
9.885752220762066278e-01
1.009949380975680988e+00
9.986238869669530338e-01
9.884221851200637454e-01
1.004614234697319475e+00
9.910608122657456054e-01
1.006714746992371623e+00
9.980682159188316582e-01
1.011436982398061124e+00
1.007243770621807810e+00
1.001312623707875327e+00
1.013613863948003013e+00
9.893101149776352132e-01
9.885179221498053836e-01
1.006383444309849828e+00
9.789224441332393667e-01
1.008343570380243914e+00
1.012415703594935490e+00
1.020462599825265215e+00
9.921674696080033939e-01
1.018445022693648561e+00
9.954360321051752836e-01
1.002926026855336383e+00
9.987729248468221188e-01
9.873836583286568214e-01
1.003016212683380148e+00
9.998800046587738022e-01
9.911458586250141423e-01
9.908177394101438384e-01
9.865116651635835732e-01
9.875689840705415001e-01
1.002215893776181144e+00
1.003727062286873029e+00
1.009059491842523526e+00
1.012594558109860987e+00
1.012548138639596029e+00
9.819962582429851983e-01
9.936937959045069046e-01
9.975338937614161017e-01
9.901905755583583213e-01
1.001881335291435748e+00
9.950901251616564025e-01
9.951500989862900326e-01
1.006676395126955947e+00
9.962272268061665992e-01
1.008854942940607957e+00
1.007128696602450191e+00
9.958507431029782753e-01
9.857066261917853955e-01
9.960310441114715863e-01
1.006208556120309128e+00
1.010338019677997856e+00
9.860940436708632850e-01
1.001849066843798708e+00
1.006588486862442400e+00
9.914343813565934527e-01
1.008459949046375037e+00
9.938691421514933566e-01
9.870015899497478484e-01
1.008845977254583248e+00
1.017737588296633522e+00
1.003044765449171649e+00
9.933100694215384330e-01
1.017063126611332358e+00
1.013760831724362710e+00
1.002489749771821259e+00
9.953268497408690463e-01
1.000747663850588776e+00
1.006506604529806337e+00
9.950146772558022823e-01
9.968855908463087889e-01
1.003751033666077985e+00
1.005741506898681470e+00
1.002257837217947589e+00
9.939700905901840411e-01
1.001177303900291804e+00
9.953664979675141966e-01
9.992828631028278785e-01
1.002251594742550544e+00
1.004279044800000298e+00
1.005881489070367785e+00
1.003533087089456322e+00
9.938844007261939950e-01
9.990790726122308341e-01
1.005850056712499496e+00
1.008703307765061785e+00
9.884743865618191849e-01
1.011327739378262924e+00
9.904469039273710029e-01
9.995295645064415924e-01
9.951987506729332855e-01
9.946562809884569312e-01
1.001574633196579134e+00
1.005284563586889668e+00
1.024685896023333376e+00
9.870459744195282381e-01
1.012773544598634112e+00
9.999155852890816432e-01
9.934895058687210900e-01
9.803482343596368054e-01
1.005820537186843611e+00
9.934209318828831625e-01
9.880767955964306903e-01
9.925449986308698680e-01
1.007293354909106320e+00
1.015131844504041370e+00
1.006973814477751805e+00
1.006625836677356833e+00
1.003762159051745817e+00
9.901224859583322990e-01
1.000525852271792138e+00
1.001581395908163641e+00
1.003177262052155960e+00
9.969028962067406630e-01
1.016495482267016248e+00
1.010215963754142798e+00
9.861333848358397880e-01
9.847330916815977275e-01
1.009772586626728863e+00
1.004634804350608368e+00
1.004830277463596655e+00
1.017509257367761766e+00
9.935551469048090611e-01
9.956447441576919966e-01
9.977523378900238216e-01
9.885792988581809659e-01
9.943792372232858057e-01
1.004769661157234539e+00
9.871019609169351394e-01
1.004336767037179223e+00
1.010973833286951562e+00
9.958933902935035443e-01
1.011181095126396867e+00
1.003559209784157913e+00
1.019001952393467691e+00
9.981294481454000556e-01
9.905606184056338082e-01
1.011090569925955807e+00
1.002608032834655161e+00
1.008057449229835978e+00
9.852967218916534042e-01
9.891885892668833558e-01
9.979298667439414627e-01
9.982048892066400780e-01
1.006487919359212446e+00
1.000615051175952175e+00
1.005164302608939408e+00
1.003684782484829174e+00
1.012528614129726057e+00
9.989681582075538024e-01
1.007742562906055461e+00
1.016279584423545046e+00
9.992183981530257109e-01
1.010624752363915801e+00
1.019158155426243217e+00
1.010708495663032780e+00
9.972933040272266014e-01
1.004774043137794060e+00
1.008745383559785269e+00
1.002447690871445030e+00
1.023441595634265511e+00
1.007101660182958325e+00
9.946355487790043970e-01
1.004228564086746545e+00
9.955143027981614434e-01
1.011936498643680515e+00
9.945191238260303601e-01
1.013509096817280852e+00
9.838103691070869683e-01
1.006947005163168374e+00
1.000992734142624574e+00
9.961286013588578347e-01
1.004699230992541770e+00
1.001361654422657566e+00
1.021970659489997546e+00
1.008115837981118368e+00
9.900877672868485524e-01
1.004966188024836171e+00
9.810509040021845317e-01
9.942691982864867439e-01
1.002565303625604809e+00
1.015288042065920271e+00
1.017477321850376315e+00
1.000742294343357708e+00
1.000683145269963381e+00
1.010935974965329720e+00
9.819434719883317619e-01
9.958504045834826179e-01
9.905384769769614017e-01
1.009835480198324476e+00
9.848930211738414764e-01
1.019061456892475626e+00
9.911896836465742266e-01
9.944158732125306654e-01
1.004292926349606319e+00
1.005868476381201138e+00
1.013927614042693159e+00
1.010932865388505020e+00
1.012199502689868247e+00
1.004101801816174699e+00
9.968581217436256470e-01
9.836242585911740832e-01
1.009323967189254212e+00
9.961240423185007131e-01
1.003492515434752486e+00
9.989810913222568756e-01
1.011661397458816891e+00
1.001953959291335794e+00
9.774674876958502345e-01
9.920931860895710885e-01
1.011616450508961318e+00
9.877846676738246678e-01
1.006131210093106354e+00
1.018768768064220120e+00
1.009371500163590785e+00
9.970852967531537159e-01
1.010887851760975398e+00
1.006014206632567243e+00
1.010611235615884507e+00
1.001722894320598689e+00
9.919283895587717170e-01
9.732309873483879770e-01
9.901165597379932848e-01
1.006783776480122850e+00
1.002640994104856409e+00
9.965960024942829287e-01
1.012853166751670475e+00
1.011896625487428647e+00
1.009908968728907119e+00
1.005954986408440277e+00
9.997387414251169835e-01
1.006668583901282110e+00
1.005995320284213124e+00
1.015246910102952205e+00
9.988997820314156062e-01
1.012325833939027975e+00
1.011086744208528732e+00
1.015075117354067968e+00
9.899922451474366669e-01
9.884190145948381634e-01
1.005477905688675788e+00
9.900839492447306434e-01
9.949316819531434097e-01
9.977023035871193102e-01
9.959909124095888133e-01
9.981131060044657888e-01
1.019276061280456336e+00
1.011357923945173765e+00
1.001684099304162245e+00
9.941931406629570533e-01
1.014470310102973283e+00
1.002217437742939810e+00
9.864282594682008964e-01
9.879026585967523033e-01
9.928332530645844756e-01
1.004713865848485543e+00
1.005100148290903883e+00
1.005474609256041596e+00
9.975137535845295389e-01
1.015004453048052646e+00
9.870248802770698049e-01
9.979741396502777029e-01
1.003544117588174522e+00
9.991946295788103338e-01
1.000319398805980198e+00
1.012749990233092312e+00
1.011489144197551981e+00
9.816255070170764041e-01
1.009903988988728463e+00
1.018356812032109371e+00
9.971509030546760188e-01
1.007695017544970151e+00
1.003197335090918907e+00
1.018417859518047752e+00
1.013416206615440407e+00
9.954378214751961051e-01
1.013245299355744145e+00
1.000274841241681978e+00
9.988940430839760021e-01
1.013457384794625771e+00
9.965577653621580101e-01
1.013308655096893274e+00
9.978130020795864530e-01
9.954143356737755743e-01
1.008322309593751465e+00
1.007696816304377574e+00
1.001643936671705815e+00
1.004470062078765658e+00
1.012862883816972870e+00
9.895058025319533046e-01
9.888807890752585594e-01
9.952061172021453572e-01
9.943267613696691321e-01
9.917815175005960660e-01
1.012800941117101061e+00
1.000472772889147821e+00
1.004262820430484204e+00
9.904233535872266625e-01
9.837849886929734833e-01
9.884898766071381626e-01
9.862674817179751807e-01
9.990811502705501113e-01
9.933998787549190856e-01
1.001957122065128880e+00
1.009240950174026041e+00
1.000936289817158764e+00
1.004515999049679698e+00
9.992084866781207886e-01
9.912370293160024382e-01
1.001111554404749082e+00
1.020848001984209885e+00
1.012043553047065281e+00
9.910369398326465129e-01
9.894375626106601818e-01
9.832382960815900796e-01
9.903743742852857412e-01
1.004413182609770416e+00
9.861083821064660082e-01
9.935179172230083067e-01
9.885678103662259852e-01
9.908628093884603860e-01
9.970129721648585130e-01
1.006331255805234193e+00
9.928830277251424752e-01
1.014334106126330237e+00
1.011053320884360840e+00
1.002225069605658048e+00
9.995761189230556454e-01
9.932777296323755944e-01
1.013708165738827827e+00
1.023358175368032086e+00
9.845143655498127533e-01
9.919363373794038985e-01
9.950264340096338644e-01
1.001664599448986115e+00
1.016937466778444099e+00
9.868918379850127875e-01
1.002402546292551211e+00
1.011623915760978543e+00
1.008155625755557727e+00
1.016395117913434731e+00
9.955061782982078666e-01
9.966414813100649139e-01
9.925070130164601601e-01
1.002892758082642777e+00
1.000805025079321009e+00
9.957802811593494674e-01
1.010628449151710129e+00
9.957954099716260776e-01
1.015065271647518141e+00
9.972231415011654221e-01
1.001176943799144237e+00
1.013067962514889953e+00
1.006317469051958513e+00
9.932280095186930557e-01
9.730390068756245014e-01
1.012443979009489903e+00
1.026743944752700033e+00
9.773519334145194248e-01
1.021273491028175551e+00
1.000628273793276124e+00
9.944672396135459946e-01
1.009524528100282037e+00
1.002370527617291840e+00
1.016312031080273792e+00
9.976966609225541571e-01
9.763546162213714297e-01
1.000995359837336895e+00
9.919697234350985937e-01
1.011986014804043377e+00
1.016788703634269320e+00
1.005074320746798477e+00
9.996221420402111590e-01
9.971081162067160220e-01
9.916883270549988749e-01
1.006289551164998075e+00
1.017016873017238421e+00
1.010315786887970857e+00
1.008566626229856489e+00
1.010360220261867559e+00
9.903500260170436942e-01
1.012903708343764420e+00
1.017411710680246051e+00
9.943491084908733235e-01
1.005027901909860466e+00
1.007718160550656217e+00
1.004354800164330763e+00
9.964972606689924683e-01
1.006284104343743602e+00
9.906511354117391033e-01
1.017628059101727045e+00
1.006577288392872527e+00
1.004285298412020078e+00
9.965020909871976640e-01
1.016300258625389974e+00
9.915186132252068463e-01
9.994394309902460138e-01
9.944939746547597492e-01
9.897021393174117998e-01
1.026745214748711721e+00
1.007265912922461037e+00
9.996188859911241398e-01
9.978286825583378983e-01
9.959836041060887712e-01
1.002135926403394883e+00
9.898961551520418789e-01
9.884089489682649221e-01
9.869653916519584014e-01
9.999060387619983503e-01
9.904585531820550015e-01
1.030355149071577214e+00
9.821984205662105394e-01
9.995507496196563979e-01
1.002885329183854646e+00
9.990486091597049478e-01
9.916875997662789599e-01
1.003737165482792015e+00
9.919632922827124055e-01
1.003375278202708776e+00
1.004443348884480391e+00
9.900737197394268163e-01
9.912512933761205014e-01
9.918655352243092027e-01
9.971390046531561913e-01
9.919593374497871485e-01
1.005394327472830085e+00
9.990774138735296628e-01
1.001742302404367901e+00
9.948899294965506401e-01
1.019150101829221944e+00
9.978466408635139340e-01
9.938517774600313937e-01
9.746213134290956370e-01
9.931505465482752815e-01
9.962694054459755311e-01
9.775374148416906550e-01
1.000575458381051552e+00
9.996270492675765063e-01
9.832589725004668990e-01
1.000394692150106790e+00
9.956496742301912395e-01
9.873455718538183268e-01
1.009657133220019043e+00
1.014172038162484801e+00
1.004492794394960420e+00
1.001152247820189523e+00
9.936662196456624851e-01
1.002978385280396179e+00
1.004526700287153629e+00
1.010798528760602943e+00
1.010458487915038894e+00
1.009226753407890476e+00
9.888547967391038140e-01
9.822082443270363505e-01
1.000325130071374247e+00
1.011934327734478556e+00
1.004059150782606880e+00
1.016887902226669693e+00
9.890623151627552234e-01
1.012436937212767063e+00
9.955633488481080429e-01
1.002939876448290191e+00
9.918963895110147755e-01
1.006765948099860086e+00
1.009488191335042417e+00
1.007597371391433239e+00
1.013410293264505047e+00
1.010306171191662550e+00
9.892263824755238577e-01
1.005528754217864584e+00
1.000821266358540962e+00
1.014965558154776515e+00
1.005031585992785859e+00
1.007196728370001182e+00
1.003344233972260247e+00
9.974128928791525794e-01
1.006911912819722810e+00
9.925270975645991145e-01
1.001171775652536899e+00
9.905245172535576126e-01
1.006444590604240297e+00
1.000364794944766267e+00
1.019436661189903948e+00
9.890479810435977015e-01
1.001009072159551705e+00
9.985485559227545993e-01
9.927577546945406395e-01
9.876457870239058190e-01
9.955022142354880144e-01
9.951714022992363962e-01
9.937912515809059766e-01
1.006267482154397763e+00
9.979261919472229847e-01
9.954887607376996517e-01
1.008293459925594382e+00
9.817691459539582555e-01
9.981705944533717512e-01
1.000718790539252501e+00
1.015672033187377865e+00
1.000118232588981471e+00
9.940326509569897828e-01
1.002980148237854641e+00
9.979721861273791461e-01
1.006108825476985436e+00
9.906700697087631458e-01
1.005340629649052353e+00
9.905009279217121820e-01
1.007436695925641112e+00
1.003057241096375618e+00
1.002608170226630069e+00
9.927002509030997679e-01
9.795759707948310524e-01
9.897858062319283556e-01
9.978206880588629257e-01
9.940178764242884046e-01
9.981192062170496371e-01
1.016583897997894059e+00
1.014228589518953560e+00
9.984777921545582302e-01
9.963587454840848734e-01
9.902837325103942545e-01
9.954900292256145811e-01
1.012349959959083723e+00
9.947055978863241776e-01
9.963816278921733272e-01
1.018196763344674904e+00
9.972873247423335030e-01
1.017609001915292355e+00
9.857804093823548941e-01
1.006615579293225871e+00
9.910720043452008188e-01
1.015215810880277125e+00
1.022062776810332974e+00
9.968291567983951218e-01
9.765059598726070211e-01
9.951826894256484701e-01
1.009758807683764248e+00
1.001675889065613889e+00
9.940450494061894293e-01
9.990999030296342509e-01
9.933872299221074842e-01
9.928964437591264458e-01
1.015653072500690479e+00
1.002062531314402261e+00
1.004102511958887778e+00
1.004557525271772889e+00
9.696995634973921696e-01
1.003005086281305136e+00
9.996036269943563424e-01
1.005040051074021612e+00
1.017307302755350973e+00
9.893841683743321846e-01
1.004821841354853973e+00
1.007047605389918887e+00
1.001129657857303457e+00
9.941972789860658022e-01
1.006695423917922882e+00
1.001803735863453948e+00
9.980105922393905926e-01
9.926938127419311364e-01
9.986380305603306251e-01
9.862879528769509241e-01
9.766245384497395099e-01
9.860595246127692448e-01
9.999287542170128829e-01
9.903222055705099836e-01
1.005983990486740032e+00
1.005786744897113616e+00
1.008201801982970602e+00
1.004681232013296954e+00
9.902419202420178479e-01
1.000522886684049428e+00
9.953009561032998276e-01
9.858156519680614238e-01
1.007995597236250651e+00
1.008236528313540381e+00
1.005695619868711033e+00
9.860216926151782468e-01
1.015710192834788028e+00
9.818815816411918806e-01
1.003109036548253341e+00
9.808737563004215065e-01
9.934748068514804853e-01
1.009156009744859750e+00
9.925009608424623098e-01
9.853565870342281263e-01
9.924373450834766963e-01
9.887591194312308485e-01
1.006092035780241201e+00
1.008570225452843916e+00
1.008213340698463911e+00
9.944129482363430750e-01
9.933153638409955022e-01
9.998585354111934054e-01
1.003196852302191910e+00
1.009371438972540780e+00
9.976874641722911496e-01
9.922649064717325995e-01
1.005519632778257622e+00
9.887565603554792082e-01
9.939684142047415794e-01
1.000362708042547011e+00
1.021522538546794534e+00
1.015657333581507116e+00
1.003648071234395145e+00
1.002143651115869671e+00
1.004203539366314013e+00
9.892639271597577499e-01
9.945584309634574183e-01
9.974275863606500980e-01
9.730222268789762152e-01
9.795154116654786192e-01
9.937122799369226822e-01
9.920039460941915133e-01
9.997964730823720725e-01
1.008440554972819037e+00
1.005280945202349230e+00
9.787700446238442042e-01
1.012748166572271513e+00
1.002163598357763030e+00
1.002541992081384281e+00
9.987497664561426625e-01
9.958326609021158626e-01
1.002893472693558996e+00
9.960749278745987256e-01
1.013398727551823919e+00
1.010579382782270663e+00
9.984552657288124911e-01
9.960527173514265309e-01
1.001941478815807418e+00
1.001072826050538156e+00
9.778738252393945896e-01
1.004321264032713046e+00
9.960945917387893367e-01
9.999143817755405950e-01
9.915802029329358058e-01
9.943724713169109775e-01
1.000552344254707737e+00
9.869530690772712056e-01
1.002889882752470152e+00
1.004986556486922922e+00
1.009085090125376949e+00
1.016861287261914049e+00
9.826925282303350384e-01
1.013817069090370060e+00
9.784063139495382533e-01
1.008701616993459504e+00
9.898911533848627764e-01
1.015972610905701012e+00
1.001215766188947365e+00
1.004619935581938517e+00
1.024365243349514731e+00
1.014186388339186617e+00
9.999346022736518291e-01
1.005446854789395550e+00
1.007516118692388440e+00
1.001437294766599040e+00
9.984375581857799498e-01
1.005262985569105316e+00
1.007465281798556322e+00
9.932800583910286196e-01
1.009119516798095528e+00
9.889935006209944479e-01
1.015758861861712381e+00
9.983454009588375033e-01
1.006410566839106790e+00
9.905416389669416954e-01
1.004738514275434591e+00
1.008585422934816567e+00
1.004418379945725581e+00
9.946354851806552544e-01
1.015068572399345337e+00
1.007470778103302322e+00
9.917447436016515461e-01
9.908526470103746764e-01
1.000605693102974092e+00
1.014947856082010658e+00
1.009107040180399872e+00
9.931379019331869618e-01
1.003656394159638809e+00
1.010485292791306167e+00
1.009223634914634848e+00
1.003164911929834480e+00
9.884971075036178556e-01
9.912460852748896656e-01
9.958165916998876765e-01
1.008481245123421521e+00
9.882095863752426990e-01
9.961853250697715323e-01
9.936145652840663312e-01
9.880181315753939764e-01
9.902508885638043878e-01
1.001324887516094719e+00
1.010027700678598483e+00
1.001286548879279703e+00
1.005557065224715219e+00
1.004653787729288039e+00
9.895055872282807474e-01
1.009101308507670547e+00
9.945121426924096175e-01
1.010502863949010566e+00
1.027524671192474814e+00
1.008840294404785176e+00
1.019266056546955346e+00
1.005120666549867980e+00
9.887779436878714190e-01
1.006836126448388269e+00
9.889007289056012118e-01
9.985835382883460065e-01
1.001982434637475716e+00
9.910676347703190059e-01
9.937149572973325018e-01
1.004062302271541363e+00
1.008829018961238999e+00
9.946064309322143471e-01
1.006168692394767472e+00
1.005457790233809767e+00
1.008543717682499397e+00
9.883738026536051935e-01
1.020850617398643578e+00
1.005688436900918914e+00
9.904008224756761791e-01
1.001052826758431769e+00
1.012282649901888210e+00
1.006374675148807185e+00
9.975044338836780433e-01
1.005206567300606313e+00
1.006467495996367312e+00
9.970642614655053082e-01
9.963126288424855037e-01
9.953619529759631934e-01
1.001842620078784662e+00
9.699384817097957967e-01
1.005876125695386536e+00
9.960000005266765877e-01
1.000272211208574902e+00
1.002239275807312424e+00
1.001457351920637562e+00
1.001480396730657363e+00
1.003185879663837099e+00
1.018942032971190015e+00
1.000970425207512671e+00
1.003792789848672262e+00
1.006460503112319049e+00
1.011544857478445136e+00
1.008943323063960396e+00
9.979401940746013278e-01
9.997487661300373807e-01
1.001450207682684557e+00
9.878392930195044608e-01
1.006452473399159553e+00
1.003558367246250693e+00
9.991382504777968077e-01
1.001755059282973148e+00
9.889926447295650513e-01
9.911617558387249005e-01
9.801649386125814711e-01
1.006341047028966651e+00
1.001916589123599044e+00
9.904866343958583785e-01
9.948940354411632825e-01
9.923052468851634167e-01
9.920720549379131725e-01
1.010460174829390434e+00
1.006453179528090880e+00
9.920823463305704637e-01
1.004939711999363272e+00
9.959807254520794961e-01
9.947698801086977127e-01
1.013470886164839602e+00
1.011064024755299773e+00
1.001967090639418245e+00
9.965197712182843892e-01
9.930105543450833405e-01
9.961929955198465247e-01
1.002282637834656320e+00
1.005131627685265094e+00
9.979339864629338530e-01
1.011249697857452334e+00
9.954261160589106261e-01
1.006977727497116115e+00
1.023614710090124280e+00
9.852602621266380867e-01
1.012712833673510282e+00
1.000746259922367987e+00
9.952422255488808656e-01
1.003114258434804063e+00
9.955205183680753134e-01
1.013792451884038881e+00
9.954654360106359734e-01
1.003327520998588129e+00
1.022515626948435452e+00
9.880629193069775384e-01
9.952742738830534508e-01
1.002717177991443442e+00
1.013971947901405102e+00
1.010567983616011523e+00
1.005766030713253878e+00
9.871038382187420357e-01
1.006231643917206098e+00
1.004662537793980404e+00
9.992490024700183548e-01
9.981196002553321955e-01
9.908271789629883308e-01
1.001514528827356587e+00
9.997406371906120137e-01
9.954829738582618992e-01
9.902673849188314836e-01
1.002250127369658239e+00
9.991348419950841775e-01
1.013900132205008964e+00
1.004126336408324605e+00
1.001148935868023671e+00
1.000942139928167274e+00
9.851195141758039009e-01
1.008438344840323797e+00
9.858023484963236438e-01
1.017270813425778409e+00
9.816027514285261546e-01
9.863962275260368395e-01
1.009522427878883022e+00
1.000717828773980189e+00
1.006439479642548429e+00
9.860199272252175851e-01
1.005356674723194788e+00
1.003629004111325607e+00
1.014836775773369393e+00
1.004003741317751386e+00
1.003537303616903520e+00
9.869150574672468368e-01
1.003524079388423917e+00
1.008488491897926442e+00
9.889372528229833925e-01
9.967818971134357886e-01
1.008012876128075108e+00
1.006527903197672602e+00
9.984609875474262930e-01
1.000047387187614101e+00
1.000349504083401841e+00
9.798107078234427059e-01
1.008406027036338859e+00
9.958355165945655951e-01
9.975255120082268112e-01
9.999329625221666795e-01
1.029591611280428864e+00
1.010564053768440607e+00
1.028422660357615426e+00
9.978636398997363655e-01
1.004607970466022904e+00
1.001892002330064591e+00
9.877350523506013280e-01
9.911339725644568999e-01
1.015084186727487570e+00
9.889589733327437404e-01
9.941194106811375164e-01
1.019546199567133327e+00
1.000435036211214657e+00
1.029980101802361325e+00
1.004347701869110487e+00
9.822727370690980120e-01
9.997912955281772485e-01
9.953505171455128142e-01
9.958800751415213259e-01
9.920911965920216069e-01
9.949673759551934671e-01
9.996867698136590041e-01
1.000081730763897614e+00
9.967096282584797518e-01
9.879135218802311824e-01
9.784628324411668299e-01
9.898540432574620684e-01
1.006279679101499180e+00
1.001853645368776968e+00
1.003217202348397619e+00
9.976941651458439697e-01
9.957939582444959026e-01
9.996856024146818509e-01
1.000068802484583186e+00
1.000835947105916723e+00
1.005775175010991118e+00
9.921102168073391292e-01
1.008860014659436644e+00
1.002713212395162534e+00
9.961113936556698079e-01
1.001855267401603466e+00
1.004739994889372490e+00
1.024671282849699550e+00
9.971523508059689789e-01
9.911452134588575325e-01
9.900724602275339237e-01
9.987700403816753836e-01
9.984165372155713314e-01
1.016325132196120196e+00
9.996040891105179016e-01
9.941946803331895843e-01
1.012516469396494312e+00
9.910767749132368687e-01
1.015348008186802264e+00
9.992814344907848811e-01
1.002113792250872937e+00
1.000306995351562200e+00
1.004525688337738698e+00
9.882023181606505169e-01
9.987210302721639676e-01
9.927212892124348542e-01
1.001073553005268790e+00
9.899464113815590327e-01
9.807955003366506386e-01
9.916529071877955293e-01
1.000344404128686193e+00
1.001073384699261659e+00
1.007951957774721796e+00
1.009990572575972134e+00
9.933692109156958550e-01
9.970828467580228338e-01
9.800407723260963211e-01
9.888536128119718160e-01
9.783165222075003165e-01
9.926760773196148246e-01
9.955450351865441361e-01
1.013815445556008887e+00
9.968078175457786294e-01
1.003929744942145152e+00
1.004206099824182630e+00
1.010272579994256237e+00
1.006202135898347727e+00
9.990257324570982478e-01
9.815971191731044376e-01
9.909921439765788653e-01
9.835291502609964098e-01
9.999529956658015362e-01
1.009999670250793402e+00
9.901086460029778769e-01
9.964742401676984773e-01
1.000948464676858718e+00
1.007292972163051248e+00
1.022046974402679886e+00
1.001871693370909755e+00
1.005572714485278851e+00
1.003914228609628756e+00
1.018150198321770006e+00
9.942373043228891483e-01
1.003557340152038346e+00
1.007142448606762386e+00
9.933106933258017968e-01
9.847972198098757790e-01
9.873961727222874130e-01
1.004410541809557467e+00
1.009253592560730217e+00
1.005978054146057010e+00
9.929237044415428759e-01
9.992581698896846332e-01
1.007389152509573726e+00
9.936679703200198555e-01
1.010883848237188021e+00
1.008151819746355260e+00
9.997050437003957013e-01
9.937808979653991459e-01
1.029298327722336204e+00
1.014340611004709070e+00
9.906321042862674675e-01
9.957140634424282988e-01
9.868735016109728697e-01
1.002187458961298017e+00
1.008144061838618821e+00
9.985704441846232626e-01
9.890947198515940286e-01
9.817755548320584724e-01
1.004055414114388034e+00
1.003885296468357557e+00
1.011827190993411119e+00
9.919210421138833222e-01
1.012807523327295289e+00
9.895431081698449205e-01
9.809117650928573795e-01
9.905765767981000725e-01
1.012098511616267071e+00
1.009051461684785655e+00
9.925918049639387286e-01
9.873178229437989950e-01
1.003068845868863912e+00
1.003719055978626651e+00
9.953420308477350931e-01
1.006050151729928510e+00
9.749207270987827467e-01
1.001050197655581453e+00
9.820242250703347109e-01
1.008995373733333256e+00
9.991528426446636413e-01
1.001467230598669600e+00
9.913685089324549837e-01
1.002472284966804628e+00
1.000506528928741590e+00
1.002834904123520054e+00
1.002498775115504337e+00
1.003081972239976416e+00
9.861806692330320478e-01
1.004334926393618765e+00
9.826368949652400930e-01
9.936286606036057734e-01
9.911452818549671973e-01
9.844638091213775422e-01
9.928890421477957196e-01
9.971389112028115065e-01
9.892580026419269812e-01
1.002976928467842033e+00
1.015595493936262805e+00
9.920915142233701634e-01
9.986287484191107566e-01
1.006022628301806110e+00
9.933001750992536127e-01
9.971368594535094942e-01
9.964266468723573800e-01
9.906855358198108918e-01
1.005261477425326566e+00
9.963349542897649291e-01
1.018112758259951844e+00
9.958384224568375132e-01
9.996914173899799083e-01
9.932092626353733467e-01
1.011876384960104902e+00
1.007056525164514049e+00
9.975134989019223131e-01
9.859611033454902529e-01
9.914503271652147509e-01
9.891373127614592198e-01
9.835177643987567109e-01
1.012909403031460043e+00
9.867793738218485489e-01
1.012129435668414956e+00
9.838395773835685310e-01
9.994268963185606314e-01
1.007771472600150542e+00
9.957735610091333900e-01
9.954667596558830489e-01
9.966818598463524914e-01
1.000369704271608207e+00
9.941011490712804433e-01
1.017182464112688312e+00
1.003568386290463632e+00
9.835391001377227216e-01
9.872325170044909948e-01
1.001712328225254245e+00
1.011582626181473099e+00
9.919235264961003828e-01
1.005125260120306008e+00
1.012382852884388340e+00
9.917318477146036537e-01
1.002695154461145988e+00
9.974388173439594496e-01
1.005645127396089356e+00
9.935957170111708869e-01
1.024060058996816291e+00
9.894725396338849288e-01
1.001819708941072529e+00
1.000373857951444068e+00
1.002297182454386038e+00
1.013989783865897332e+00
9.729498333433898027e-01
1.010094936087088335e+00
1.005733627564838306e+00
9.854495426621432408e-01
1.002701843863291309e+00
1.003241655719201209e+00
1.006731269072475232e+00
1.008808846987036878e+00
9.718737699574595545e-01
1.001995596456584092e+00
9.960116766493894991e-01
1.007849593575805391e+00
9.783315330273572030e-01
9.962320984172641225e-01
9.959907834949719430e-01
9.976742514071403889e-01
9.933251801229062705e-01
9.950668848961836677e-01
9.893748152081954794e-01
1.001465780778955761e+00
1.008339745367392126e+00
9.936887458584047206e-01
1.009314135438474702e+00
9.878815551350118573e-01
1.021555134468429715e+00
1.009604009237822231e+00
9.928442499815416378e-01
1.012970108469641639e+00
9.947584188931101190e-01
9.971243995228532553e-01
9.988798277502287659e-01
1.006380537605760184e+00
9.981296798059871023e-01
9.871872848920073551e-01
9.975369755010274897e-01
9.905168862880650016e-01
1.005947039776540208e+00
1.007518155261414750e+00
9.969266874333593265e-01
1.008891927157353097e+00
9.982599599626011955e-01
1.003314488885884037e+00
9.910579676280123484e-01
1.004574562498167900e+00
9.883691397914587951e-01
1.000369099466216216e+00
9.768101940174187536e-01
9.831504747470161121e-01
9.938287040769195890e-01
1.001113812039919448e+00
1.026537670379908951e+00
9.927023268539102441e-01
9.946642439644298728e-01
1.006590138885985475e+00
9.973514081603684911e-01
9.898524839035779399e-01
1.001761450506519102e+00
9.822210293624777933e-01
1.017404533342604056e+00
9.926817894533236375e-01
1.004138419402486937e+00
9.725856096240013127e-01
9.866914507340236451e-01
1.003527242229228067e+00
9.988200181846629278e-01
9.986608026869155941e-01
9.831489719814008321e-01
1.007605374738312243e+00
1.013370212125134895e+00
1.006269495444029882e+00
9.887996940966344850e-01
9.930869015685291901e-01
9.988535129368596444e-01
9.980012712458811164e-01
1.002205360384217370e+00
1.007474526159541028e+00
9.946056107181305839e-01
1.002065864138336870e+00
1.011306816223097815e+00
9.985971336576975332e-01
1.002867214781072436e+00
9.958930327108274083e-01
1.007380725909265751e+00
1.002681058372403733e+00
9.992414792862693851e-01
1.012819069770477531e+00
9.786764602365631838e-01
1.003690580984711200e+00
9.848934926599162143e-01
1.006920090138690549e+00
9.890291392764286593e-01
9.917264812349871894e-01
9.995614256819750354e-01
1.013670257687347087e+00
1.000778595473114319e+00
9.917749002664104641e-01
9.952278832881037429e-01
1.009234145715933728e+00
1.004486872589172686e+00
9.741555301391177091e-01
1.012530031962634691e+00
9.988676960655824555e-01
9.844658801805402648e-01
9.935875453160634141e-01
1.004196785259150460e+00
1.002063344506216147e+00
1.016936733566182971e+00
9.997702920350468592e-01
1.008877725310406204e+00
9.963107126864686469e-01
9.925910632173827741e-01
1.005548040030864287e+00
9.953767925720403698e-01
1.011419979860568752e+00
1.012878721808965876e+00
9.997503912638178170e-01
9.975822266667514482e-01
9.977408218224973480e-01
1.007188819067142305e+00
9.835462360672166948e-01
9.784060497821875924e-01
1.008668120956564662e+00
9.930480330296187486e-01
9.959646849728529538e-01
9.997503735014608983e-01
9.982993538495651409e-01
9.772162756195462707e-01
1.001433792132878642e+00
9.962352732309216474e-01
1.003728943424710307e+00
1.009474744897650211e+00
9.994540750768178272e-01
9.761518590085334068e-01
1.019030739380768491e+00
1.008668180856727048e+00
1.001150139844694253e+00
1.003045116543513249e+00
9.880232098388010975e-01
9.987343086103807055e-01
9.935311681489186197e-01
1.016365888873966394e+00
9.844767426710274716e-01
9.960035573648012841e-01
9.958262518029258326e-01
1.008059341063836101e+00
9.844694770046225063e-01
9.987474208953367460e-01
9.965691168657861976e-01
9.914413168923015274e-01
1.001403213148064575e+00
9.977591591901434631e-01
1.004733024199648606e+00
9.756566242046091908e-01
9.948813729522687499e-01
1.000798864495751284e+00
1.016928581372186224e+00
9.955924037294829887e-01
1.002982945971562012e+00
9.769018146865886543e-01
9.839151877893281828e-01
1.009378997360995456e+00
1.000844380505649278e+00
9.897924519109768671e-01
9.827622818733752208e-01
9.883808079129573487e-01
9.792655391093776363e-01
9.772176168287949327e-01
9.866174861689027686e-01
9.729998985011393264e-01
9.974289090202944630e-01
9.895943218106684203e-01
9.746168794245315681e-01
9.823363069028258066e-01
9.745334327234088656e-01
9.984005069728905113e-01
1.004284361884274279e+00
9.861282369200736753e-01
1.005012830855436912e+00
9.874892954490969155e-01
1.001522983861621974e+00
9.988165752453456170e-01
9.909717856530754210e-01
1.001895881311975378e+00
9.836638473432463003e-01
9.904004728061719387e-01
9.898237247651389126e-01
9.759647645550069139e-01
9.879388416646487370e-01
9.916257261724193972e-01
9.816601609261766948e-01
9.873299438958957897e-01
9.896660937664722990e-01
9.913372159630261526e-01
9.714457869012905755e-01
9.864680341779807904e-01
9.745397564221017772e-01
9.987006614560098861e-01
9.974442077535929929e-01
9.878401820340086958e-01
9.985195434489649857e-01
9.936827932842364763e-01
9.878696518038451169e-01
9.975180518144616260e-01
9.854981384621369633e-01
9.850730153609252859e-01
9.830119729463862033e-01
9.782824468981512478e-01
9.883506103972267143e-01
9.913412822497797983e-01
1.004014441087441423e+00
9.788289856610066231e-01
9.764323598573472207e-01
9.919021806486656434e-01
9.948199715614446381e-01
9.891080814922131870e-01
9.875614544710774600e-01
9.899914986039493048e-01
9.839825467018650240e-01
9.760271117614159886e-01
9.832599624409781303e-01
9.862281948963392830e-01
9.845031260706059717e-01
9.862072290946328756e-01
9.952756348160696209e-01
9.922725307400641626e-01
9.926265497329455068e-01
9.739422581491137265e-01
9.787092165258405307e-01
9.735149186193260418e-01
9.707886847837851052e-01
9.883322063574526695e-01
9.981152382665902101e-01
9.657928298185547433e-01
9.816276347336283514e-01
9.853189112728935051e-01
9.919371837017393334e-01
9.818443987727887290e-01
9.762975182004424157e-01
9.952620031003178713e-01
9.737973943850295466e-01
9.921361748187075280e-01
9.810073047093570420e-01
9.934415302074072196e-01
9.891814536030111293e-01
9.955146289116948433e-01
9.816804831416663379e-01
9.851772613665078504e-01
9.852025591146543748e-01
9.899277802877063381e-01
9.868062391009124745e-01
1.001724638104950715e+00
9.837448654617603205e-01
1.013829704446723490e+00
9.789705847068611577e-01
9.859044927118469914e-01
9.841880696200012713e-01
9.868197335597194142e-01
9.962789308424890855e-01
