# data in one-minute intervals
9.905756706646262622e-01
9.901708270556690561e-01
1.012114234116885392e+00
9.896388986973060353e-01
1.005540422628668384e+00
9.759995849336911000e-01
9.965057026506278781e-01
1.013885929697477151e+00
1.018595112478236420e+00
9.797013908889209421e-01
1.027371323392499036e+00
1.005103228511859292e+00
9.812992542426365317e-01
1.014229348830178568e+00
1.023800422681698130e+00
9.844224490218713708e-01
9.968885262893072419e-01
9.882120130515963385e-01
1.003644973376827343e+00
1.024632419260701699e+00
1.032408811881190713e+00
1.004198253274937835e+00
1.012394030713687387e+00
9.889778225773059317e-01
9.735388686735828578e-01
1.013594453314488941e+00
1.033101169124834406e+00
1.018687356428702451e+00
1.014050352857610582e+00
1.011185413011987499e+00
9.572923066196020736e-01
1.019018365956544603e+00
9.779253759837925886e-01
1.004144982967964284e+00
9.794421606896852595e-01
1.047333552971509540e+00
9.513229157754589105e-01
9.811696871281790910e-01
1.026850134076923160e+00
1.021289109034676734e+00
1.050850819506745415e+00
1.009750233611997450e+00
9.927498793226473550e-01
1.022069529868261162e+00
9.932863421147167804e-01
9.740624213814934595e-01
1.005776812738081061e+00
9.794202856464900853e-01
1.013406981909925175e+00
1.001337779560711905e+00
9.522742353038002872e-01
9.788164635971933203e-01
1.013488483813733243e+00
1.023857487762298568e+00
9.550400216031805778e-01
9.815337540630758584e-01
1.037629300307214120e+00
1.005207288501089646e+00
1.036618841771499211e+00
9.848825943741618127e-01
9.850035685079628900e-01
9.778219610450151755e-01
1.011170710761250202e+00
1.002420328125815718e+00
1.022937701879584882e+00
1.009935041255765276e+00
9.592338001133481340e-01
1.030831267700589526e+00
1.057389598019887522e+00
9.951460131913221208e-01
1.010601000613189804e+00
9.840904143384952008e-01
9.904914826092499069e-01
9.832506759294636911e-01
9.924916663519907090e-01
1.012981428010241824e+00
1.002015300537521192e+00
1.017616909935055602e+00
9.748533630473151801e-01
1.044343742950079257e+00
9.981906889738134669e-01
1.019540695581751644e+00
1.016286021014781937e+00
1.019754554586690176e+00
1.015610825240869097e+00
1.011834725629362275e+00
1.016285843215382734e+00
9.886340281956911280e-01
9.977278947791257124e-01
9.942921392716379536e-01
1.012235719224676478e+00
9.854004570888929004e-01
9.890721582424664149e-01
9.618901276660614119e-01
1.016398560966516484e+00
9.815963753993737217e-01
1.007640657596443168e+00
9.842509406236986669e-01
1.019794628523811308e+00
1.009586220676721657e+00
9.979852934792965424e-01
1.009036578925059047e+00
9.860300210393616593e-01
9.827385621433153418e-01
9.815379790699798601e-01
9.900200444809533762e-01
9.561609264620003490e-01
1.015728104279639110e+00
1.014550838313239334e+00
1.029559695402556763e+00
1.002748148841479336e+00
1.015940070928325500e+00
1.010395966967488013e+00
1.014978505929621910e+00
9.950092211763656991e-01
1.044502480622141016e+00
9.663695738076235608e-01
1.002665081438938843e+00
1.027302664486541506e+00
9.473278384616948822e-01
1.008757474068082471e+00
9.924744022503055874e-01
1.012513240325550345e+00
9.918852920480265567e-01
1.006578647851394503e+00
9.934854525021609151e-01
9.823833653790299270e-01
9.653371411079415543e-01
9.911541834238126736e-01
9.700043016365146320e-01
9.781024407945768662e-01
9.817488834981895618e-01
1.003181110864141523e+00
9.980869964545018291e-01
9.994653040187959636e-01
1.002340704539605332e+00
9.662699778607868328e-01
9.912870837138461066e-01
9.986323586421685938e-01
9.961280223326574035e-01
9.828662286210406718e-01
9.982315733110631584e-01
9.742454785859356869e-01
9.999031020411637272e-01
9.613039660981408385e-01
1.010908688247031728e+00
9.869467095618472685e-01
9.629133622870333920e-01
1.034112731608520575e+00
1.011693363435832493e+00
1.020513859363129328e+00
9.767467972732399861e-01
1.009446839602692769e+00
1.037615382386762430e+00
9.890290965243285770e-01
1.030742572841118143e+00
9.976525477051423341e-01
9.867683745733007994e-01
1.006681412728743119e+00
9.776403952669894259e-01
1.003483678290589376e+00
9.833046158925559110e-01
1.009269326483513973e+00
1.006578060233434435e+00
9.906834852075809827e-01
1.051739705543965009e+00
9.927408531944345027e-01
1.015019305500207913e+00
9.983888479794676973e-01
9.743638037374063865e-01
9.906157011981466809e-01
1.024555859919016765e+00
1.016510101786454623e+00
1.001332781509257419e+00
1.006443619089331554e+00
1.007429337449491369e+00
1.029882686276037074e+00
1.006571325517822135e+00
9.776040838900218466e-01
1.007921963117186737e+00
1.014619404891786703e+00
9.913042822181398206e-01
9.641886106822775693e-01
1.002122673744465731e+00
1.023542178864804697e+00
9.798542499779538950e-01
9.948434722455602452e-01
1.014559056308909746e+00
1.015905043190177270e+00
1.032305165403611724e+00
1.005438389723789516e+00
9.802774253027066731e-01
1.004944473247130432e+00
9.900557137552405962e-01
1.008556816079256180e+00
9.843869906569784334e-01
9.764981601628653918e-01
9.966046015131344582e-01
1.002131323216072678e+00
9.916171865588701007e-01
1.010341842002819845e+00
1.042322494406216160e+00
1.022707226199187858e+00
9.882342178028865609e-01
9.885566629776052494e-01
1.008704089008656934e+00
1.029851305837675035e+00
1.004161511871368262e+00
1.007164369520930913e+00
9.896254397760186894e-01
1.016002554994134277e+00
1.032314940008455029e+00
9.900761182119222070e-01
9.815311506979907952e-01
1.015281726579676080e+00
9.666908730168247699e-01
1.001924061703583835e+00
9.831037727444470464e-01
1.030866591200001237e+00
9.728851214862084262e-01
1.029158329101071967e+00
1.020668542577141569e+00
1.013229608270577842e+00
9.686538865570359924e-01
9.942961699020959054e-01
1.007012396371196772e+00
9.790755621655671259e-01
1.010712416618076759e+00
9.720192780332542748e-01
1.023162139265354043e+00
1.008090855767503902e+00
9.715218293454200849e-01
1.045704903482578052e+00
9.923477703609326905e-01
1.004945106322922443e+00
1.024340078375545193e+00
9.955636722856489040e-01
9.846950783541426055e-01
1.025162107903367259e+00
1.003635116167642227e+00
9.767155397974589537e-01
1.034760834217461012e+00
1.012228128517798087e+00
9.984557599813769224e-01
9.649486464362837523e-01
1.012659667994252333e+00
9.977032706399422413e-01
1.023723351854416652e+00
9.942279648979289730e-01
1.032586108522012269e+00
1.015004537801996953e+00
1.006300958404982682e+00
9.790380928305123520e-01
9.860483626857555750e-01
9.992744449513278893e-01
9.885925016863501558e-01
9.738485670111091119e-01
9.979199732018789737e-01
9.955887035674173546e-01
1.009787954528998499e+00
9.895101934601973070e-01
9.762329946309550310e-01
1.001890179789105551e+00
9.692057847650503710e-01
9.815427941945252810e-01
9.874682333158509850e-01
1.026616288127792709e+00
9.887268143874484716e-01
1.007959580996665494e+00
1.008098954321424712e+00
1.001088781200884181e+00
9.999794877143828309e-01
1.007919114692858997e+00
1.033815306006551360e+00
1.033066554403275328e+00
1.007461174519103331e+00
1.001784951612303853e+00
1.005358099120084781e+00
9.983569516489323448e-01
1.015927559175160644e+00
1.036136687872460715e+00
9.699983066819430899e-01
9.853714565576741080e-01
1.029453820580879642e+00
1.026551284888395532e+00
9.788778060410274762e-01
1.005702667609997381e+00
9.748565105547488674e-01
1.025896172087894298e+00
9.889169842371920982e-01
1.010954097018200715e+00
1.009046266091363497e+00
9.819879466079264319e-01
9.919986321605819279e-01
9.933587843104105808e-01
9.743424985548906347e-01
9.842247515201389962e-01
1.000623067813158684e+00
1.010344095457343716e+00
9.792662895588305494e-01
9.898167361828272837e-01
1.006390944263458875e+00
9.933669257455971513e-01
1.039717563103854658e+00
9.873862870481582288e-01
9.981643339570246409e-01
1.009288001075227426e+00
1.003641078039446466e+00
1.006645425874818756e+00
9.711094319613905457e-01
9.785140412784615327e-01
1.019353431809893573e+00
1.001215156138838269e+00
1.008853569999692112e+00
1.024786466945653896e+00
9.954069784792194397e-01
9.951974306082526089e-01
9.922930657590304238e-01
9.974972804292885353e-01
9.610670618643778473e-01
9.753422633977469891e-01
1.032477811700255321e+00
1.019466818641367567e+00
9.830432635116862494e-01
9.842218302770401328e-01
9.805293379611066396e-01
9.983040540826304543e-01
1.024376044963059229e+00
9.658218693563261903e-01
1.012007824772956921e+00
9.932641271096944724e-01
1.037980200684574861e+00
1.016273997523251094e+00
9.966291168606876694e-01
9.960015849098499130e-01
9.700271250478471607e-01
9.846069690316132661e-01
9.757109880280850911e-01
9.603582789070438386e-01
9.887267612259095229e-01
9.485138555531721360e-01
9.748145424890728439e-01
1.014527180358156588e+00
1.006996278615654550e+00
1.007650419999837288e+00
9.798101029427053188e-01
1.000999948469311507e+00
1.035220433717916277e+00
9.993634132662434499e-01
1.035560706957765476e+00
1.014129056122037298e+00
1.005263019034575267e+00
9.818030792311753796e-01
9.804207960251660747e-01
9.991535957313800731e-01
1.009394524905456114e+00
1.024000213637236145e+00
1.016029228333660051e+00
9.936778826513161800e-01
1.022782208438884011e+00
9.917593818761428759e-01
9.876396278463920320e-01
1.037743641993627230e+00
1.008115668454125702e+00
9.847486133534465447e-01
9.739752992635255513e-01
9.892535515078403341e-01
1.003418474456842846e+00
9.922156993800012037e-01
9.990196445592918195e-01
9.773006504668929617e-01
9.860017443792374880e-01
1.004108287892138796e+00
9.743950987565345168e-01
1.013250733551115834e+00
1.021679925815442536e+00
1.011034976566046906e+00
1.017588045746739223e+00
1.018496813641742049e+00
1.007972673893465787e+00
9.867291772956147122e-01
9.958952385563417664e-01
9.926844730681021467e-01
9.809652309809999693e-01
9.867795346353508412e-01
1.024594305199940880e+00
9.780550697150736106e-01
9.889905583924260002e-01
9.549074037216811472e-01
1.020755240459583435e+00
1.012803294020167444e+00
1.006827359982670034e+00
1.017515301913366921e+00
9.926198729470315785e-01
9.750943166373944315e-01
9.936815417456548172e-01
9.969229380611609459e-01
1.045988981736780454e+00
1.028802247542628834e+00
9.856156214475254584e-01
9.909753360635429331e-01
1.006106284393459172e+00
1.022458721784194946e+00
1.017745916110860183e+00
9.991159293819983356e-01
9.603243651896558042e-01
1.022108531914952989e+00
1.011723095430205221e+00
1.007869146143331562e+00
9.863142527796504577e-01
1.007027112540106017e+00
9.748178775715736766e-01
9.957925466623943622e-01
1.018000711093917321e+00
9.847434080676789048e-01
9.560714991005585528e-01
9.972932534134087978e-01
1.012451008059648050e+00
9.943645579867238515e-01
1.001236216377596744e+00
9.880014888302780518e-01
9.546742487557083878e-01
9.751722919792243927e-01
1.012093159302152490e+00
9.742041901552519478e-01
9.930561849294475829e-01
9.884368122302982229e-01
1.011976481624521140e+00
1.036129570937682098e+00
9.968734202144995393e-01
9.714875609381417032e-01
1.008600819859716946e+00
9.966532407679541405e-01
9.817491229023828092e-01
9.704849411129355952e-01
1.006423363399219895e+00
1.000204288540080366e+00
1.032395258460323539e+00
1.044911384658478104e+00
1.017484574328636482e+00
9.993355824542018429e-01
9.869149167059526606e-01
9.662758318826296655e-01
1.010443231455238733e+00
1.005906602578688691e+00
9.857214084001936216e-01
1.040817574661935030e+00
1.024032318552758447e+00
1.012252211355858522e+00
9.986142171969388803e-01
1.007297026404786022e+00
9.831795044404225692e-01
9.933337299111490992e-01
9.991245004620677994e-01
1.014134804363605369e+00
1.009188085764184395e+00
9.974925976933217697e-01
9.859034158094944766e-01
1.014206623382233108e+00
1.020688708710189019e+00
1.002165330301636015e+00
9.789092510867105634e-01
9.797081628596170377e-01
9.913172937938979912e-01
9.640301510496123161e-01
1.000422080619713938e+00
9.940860147204007013e-01
1.002812038024359476e+00
1.011779594160724827e+00
9.720059524876689672e-01
9.825352888550697994e-01
9.976524979134440141e-01
9.780350714924181954e-01
9.645086253543105892e-01
9.867606497858336656e-01
9.807621969615668567e-01
9.827680460878323032e-01
9.739432972377178865e-01
9.710542553296859225e-01
1.019251347601177304e+00
1.022358429237373967e+00
9.765755536472378040e-01
9.953397416053552105e-01
1.038325837017510578e+00
1.017075357276680636e+00
9.894270035714328726e-01
1.010427573483427155e+00
1.009505896848480244e+00
9.983922882234175233e-01
9.678573296792689629e-01
1.002002558405381993e+00
1.012623686468454798e+00
9.908191023339784076e-01
1.000997892823582758e+00
1.012828701995049041e+00
1.018717281288979759e+00
1.024730610807919273e+00
1.014886575331997776e+00
9.955825993344035174e-01
1.014948069995269098e+00
9.832389468088957862e-01
9.979381987800195475e-01
1.009142167505273635e+00
9.818129623054826505e-01
9.930246671424484139e-01
9.677815260548261467e-01
1.012476407783049925e+00
1.014540239941272182e+00
9.876788593126079041e-01
1.003463815776439283e+00
1.002541262188220816e+00
1.000221432247308195e+00
1.033524720343605763e+00
9.739430032807275817e-01
9.907941725245700271e-01
1.010609493802067771e+00
9.782663936864437471e-01
1.007971316642437554e+00
9.506628194274132637e-01
1.014470876999539417e+00
9.936875873681292326e-01
1.002699831207022552e+00
9.735030179598923583e-01
1.010644632742234039e+00
9.922062364640289456e-01
9.952581916518290495e-01
1.005085734358996730e+00
1.033890881438396470e+00
9.830099250578759884e-01
1.012216429846149790e+00
1.014497203730458708e+00
1.013626596950450987e+00
1.020644117144672736e+00
1.023765340777569310e+00
1.027227077142188527e+00
1.020260734182912632e+00
1.001625410954523732e+00
9.962978759261655881e-01
9.607089347872888041e-01
9.847043799632453354e-01
1.019474164614306400e+00
9.558908813014832528e-01
9.787880770670488451e-01
9.803530641438611415e-01
9.734757534028359860e-01
9.970792991904419145e-01
9.860965842184794550e-01
1.038044412913646797e+00
9.998085162052189334e-01
1.019337683487818502e+00
1.021011734577019325e+00
1.006104023654285529e+00
1.024833943663157276e+00
9.856324431147011067e-01
1.044646414270421930e+00
9.873646538182717647e-01
1.017658189674141900e+00
1.029502417603212372e+00
1.016546238358078780e+00
1.044445433887043695e+00
1.017997426238164360e+00
1.016038015782480430e+00
9.782924893991780113e-01
9.786534897876284500e-01
1.005384618575489997e+00
1.020398712841851907e+00
1.002636601421327045e+00
9.946139490305970776e-01
1.009443274345281694e+00
1.003126919672087114e+00
9.999142598080188460e-01
1.024795482203511909e+00
1.000170976333604411e+00
1.011231533519562076e+00
1.011942180245956946e+00
9.664786570400023535e-01
9.986147189132844604e-01
1.008646008322721332e+00
9.952592269555391447e-01
9.845217094263722934e-01
9.865708105821291429e-01
9.974155960484948347e-01
1.007453129106469003e+00
1.015909786679920934e+00
1.011490968681818980e+00
1.025990661574202933e+00
9.992304916397647396e-01
9.986887882719057696e-01
9.578162775759567760e-01
9.989067368137773961e-01
9.861811427839257682e-01
1.026783927036861943e+00
1.006706478516690151e+00
1.004242493129099856e+00
9.833929995891688147e-01
9.948464366327091080e-01
1.006626538596874676e+00
9.949005910364600025e-01
1.021094041521350970e+00
9.812552083358303534e-01
9.609052546735055156e-01
9.686667840254276074e-01
1.016653115772518934e+00
9.807237350528152930e-01
1.011463834132114936e+00
9.887906638126946479e-01
1.007175204567914983e+00
1.028440122805807766e+00
9.989013898993106544e-01
1.001088501407523923e+00
1.000314901337123530e+00
1.002479927118176573e+00
1.007420225969057226e+00
1.009576786667608639e+00
1.016532702988742098e+00
1.021135598841136805e+00
9.962154276972766676e-01
9.815821646292687275e-01
1.000822130707513802e+00
9.896244817514160408e-01
1.002860702348837618e+00
9.902218386745815781e-01
1.010878833373245023e+00
1.027777448647698044e+00
1.007515890015972637e+00
1.016356275662117614e+00
9.844749325079069635e-01
9.892861607189010753e-01
1.025702961379888256e+00
9.820859471897241955e-01
1.002034764357365493e+00
9.701009782533448478e-01
1.026193068017393850e+00
1.025233783014631861e+00
1.004873922933708030e+00
9.770160595117290958e-01
9.963211894372080435e-01
1.008894843028151689e+00
1.023340996001080416e+00
1.005813901913732877e+00
1.026651839614526329e+00
9.947157281917425875e-01
9.966245045245121226e-01
1.003314344303232630e+00
1.001367389181492484e+00
9.826383631789799011e-01
9.599229430821677456e-01
9.852819673388535371e-01
9.963322283217704856e-01
1.024913172020743168e+00
9.813226838054650569e-01
1.002766986883731226e+00
9.962196887277730006e-01
1.029901041791776661e+00
1.007043998238853044e+00
1.022676945672380766e+00
1.055223056091272316e+00
9.898039943457349610e-01
1.006295983737260702e+00
9.863501178456214324e-01
1.023288008699483997e+00
9.885486034414033840e-01
9.770215640410968572e-01
1.005922730940107090e+00
9.980372607168618293e-01
1.009087290422125527e+00
1.006080878967505976e+00
1.006545715823063958e+00
1.043791456923595096e+00
1.021753276831498747e+00
9.954938720972442701e-01
9.784575715470776869e-01
1.029463055489210133e+00
1.052566950645777322e+00
9.597075670915542478e-01
9.903133621968074340e-01
1.001248481887554442e+00
1.002855961466299517e+00
9.966830831750995712e-01
9.466309440779422379e-01
9.887111571794852116e-01
9.835321688939486773e-01
1.033656628061973004e+00
1.008261701544807210e+00
9.866583745599617483e-01
1.013203953331486940e+00
1.012134199905017740e+00
1.012048317720649848e+00
1.022256404266347563e+00
9.683253749403686328e-01
9.965808935410191971e-01
1.005613318034175752e+00
9.884487525966979549e-01
9.724972161044462826e-01
1.012368115482741970e+00
1.000583862836452287e+00
1.003028169230606670e+00
1.018386941931074929e+00
9.943896344977835033e-01
9.943717684865347461e-01
9.514069972703561584e-01
9.890593896408423902e-01
1.017516660899528969e+00
9.639327822175223215e-01
9.744462901380182007e-01
1.018786291543150035e+00
9.931534457316808506e-01
9.683748049905683830e-01
1.005462635861193998e+00
1.028289482518875975e+00
1.007844025778074526e+00
1.011594066458589625e+00
1.003873190654906988e+00
1.010909630267502246e+00
9.638724485534589936e-01
1.013385737543106568e+00
1.008627620944533509e+00
1.009302527370187219e+00
9.923398502494881201e-01
9.883643298030634350e-01
1.046547168518200843e+00
9.940733103769444634e-01
1.005000872462988859e+00
1.026115236170590306e+00
1.005042618796555098e+00
9.954996849375331580e-01
1.039357416375451759e+00
9.977879080390513744e-01
9.665103938878438772e-01
9.411075253530116758e-01
9.908959453449808219e-01
1.023114395094048223e+00
1.012636292477271160e+00
9.916804662005366255e-01
9.846123856505731853e-01
1.016881974541529843e+00
9.972114708051537102e-01
9.611062374555882082e-01
9.952379094151688754e-01
1.003115544339934218e+00
9.916299079962105356e-01
9.895216846453682713e-01
1.035590664767682023e+00
1.018136412083106679e+00
1.044791090975576209e+00
1.024890848072682603e+00
9.728557550913043972e-01
1.011490397087953186e+00
1.017210847121308381e+00
9.979218023666978077e-01
1.006169081220688488e+00
1.018385501863730225e+00
1.002443516309916127e+00
1.023219670146045424e+00
1.013224059276429223e+00
9.964404765410723730e-01
9.738801403568387860e-01
9.987955393589089681e-01
1.020182426064078607e+00
9.941573878433843658e-01
1.015673098558409482e+00
9.894345423500244818e-01
1.036299790819275035e+00
1.018335756181239171e+00
9.843469674893963184e-01
9.865842676576274117e-01
9.781931938336948518e-01
9.768516949151504480e-01
9.583251269645314263e-01
9.961595143550852072e-01
1.005674984189471211e+00
9.588885216154220403e-01
1.019717955720385261e+00
1.017166616242284993e+00
9.881731440937915334e-01
9.888843237470315017e-01
9.973540935174945998e-01
9.979763912490563493e-01
9.823307242987170396e-01
9.917149030520626685e-01
9.735396287412464433e-01
9.648846523700415068e-01
1.006249133121121853e+00
9.772177860134574345e-01
9.703330011692138379e-01
9.956561370206880035e-01
9.933916783355493108e-01
1.011997084885351006e+00
1.001664983055412517e+00
9.721728384954604341e-01
1.010267444176619733e+00
9.945747482046675136e-01
1.004190530263371572e+00
9.904360367304182455e-01
9.642559482776534852e-01
9.733100785642493369e-01
1.008242000262675075e+00
1.010489657059611135e+00
1.029147611324602085e+00
9.984598769163377519e-01
9.716926743618368167e-01
1.002475359035662095e+00
9.733678600063196962e-01
1.018486768964493638e+00
9.745813549587795110e-01
9.775526114199154515e-01
9.725103936155566897e-01
1.007937340527394143e+00
9.794619602051002349e-01
1.039588831488050369e+00
9.920167326689354192e-01
9.936907607299128031e-01
1.018094495650879283e+00
1.029524073764223724e+00
1.004173946664874029e+00
1.039806586212903117e+00
9.661919622902048754e-01
1.014465254356477830e+00
9.714913874206568822e-01
9.902758593323870429e-01
9.894900053553875585e-01
9.740901174781004812e-01
9.738669357778937385e-01
9.570402718180595070e-01
1.010537318275921193e+00
1.002892297582233194e+00
1.023826212740093444e+00
9.855439729052910547e-01
1.008923695085871319e+00
1.028706013714498324e+00
9.627994624968108095e-01
1.016113967671974372e+00
9.777929627011658908e-01
9.858661585365128266e-01
1.016659287951191315e+00
9.957845774627835933e-01
9.698269039283334836e-01
9.609143573188305698e-01
9.869048098993141727e-01
9.829257786273897235e-01
9.821598242700673165e-01
9.992430680660340236e-01
9.774691786451017439e-01
1.011030702257721181e+00
1.012169016768948993e+00
9.889919078760860405e-01
1.004444450987462378e+00
9.707998876629767571e-01
1.018503285789179147e+00
9.624421139267077541e-01
9.979407403114463060e-01
9.956305156107305709e-01
9.627659134416290954e-01
1.012932612768630669e+00
1.027237412609392830e+00
1.005026173410835222e+00
9.759076744509995738e-01
9.982722664761817244e-01
9.994267572696572399e-01
9.663441015039301307e-01
9.720374481478638584e-01
9.801875469359589976e-01
9.919187363032107019e-01
9.949188479091374271e-01
9.964097340727767760e-01
9.855983988141011620e-01
9.711828920734940640e-01
9.434009610829074965e-01
9.651763617836240927e-01
9.672233725115551017e-01
9.987586223456643708e-01
1.021606052928897723e+00
1.018448420283373457e+00
9.883617411829852539e-01
9.848763021628428316e-01
9.750131229525480503e-01
9.823706378825949326e-01
9.984040387421218021e-01
9.911902156464345026e-01
9.752907131517233319e-01
1.001715583086165706e+00
9.833062077332461737e-01
9.695645263170190598e-01
1.029974457213534755e+00
9.742007254759189605e-01
1.010710415032085807e+00
9.563158556569115731e-01
9.571030855659183878e-01
9.808472187403393105e-01
9.750433108774033686e-01
9.625097545142961009e-01
1.007380710970022797e+00
9.791873425779316076e-01
1.015955216435930231e+00
9.806031463956503824e-01
9.905631029400864263e-01
9.967121177058927417e-01
9.543713183111877107e-01
9.671139060739376569e-01
1.013286969002504145e+00
9.906837787797582173e-01
9.983476207363548571e-01
9.893090082181154044e-01
1.001708759971973617e+00
1.004951905210502039e+00
9.744293565367928567e-01
9.711294950089881528e-01
9.997266073064118297e-01
1.016939913358273495e+00
1.001035976353158663e+00
9.918931730917567302e-01
9.627695808683278678e-01
9.983991256444773033e-01
1.008871445500994835e+00
1.011070768218508942e+00
9.654784068271896613e-01
9.973555511363157988e-01
9.967386183951884027e-01
9.930916460274861191e-01
9.777361877164493231e-01
9.931522636388294689e-01
9.727730272791043076e-01
1.015424198845367387e+00
9.803626791193251755e-01
1.005352453834034376e+00
9.967848073130948228e-01
9.818217758434092390e-01
9.596295538068514430e-01
1.019068067238096287e+00
9.739895495389162550e-01
9.778082071494560434e-01
1.001674146111395380e+00
9.923371901817031882e-01
1.006932411499328328e+00
9.880635248474730625e-01
9.941473899391171098e-01
9.936048146145302074e-01
1.003974867191535836e+00
9.666703453264613444e-01
9.855012338564811403e-01
1.012042102398546195e+00
1.004993433333417396e+00
9.834825016245350993e-01
1.008719917482168826e+00
9.928574029438514970e-01
1.009428629664534949e+00
1.000155004764429867e+00
1.013353948698015650e+00
1.012741941397540035e+00
9.812771577052057381e-01
1.011593302561704766e+00
1.009016407326204678e+00
9.645100014732088667e-01
1.002282043110899190e+00
1.018311433167143898e+00
9.954255326679505300e-01
9.614232806164737521e-01
1.003011052597961639e+00
9.869037991773812468e-01
9.852979326843822605e-01
1.043139257675605558e+00
9.760944510231366333e-01
9.875951091352302980e-01
9.743604582695641891e-01
9.857955359085169844e-01
9.651042585912879002e-01
9.846780309424953970e-01
9.880507259993587255e-01
9.786179640529126811e-01
9.702789787551912015e-01
9.639634672000653159e-01
9.929262037945092434e-01
1.019683714958644183e+00
9.960456251374055769e-01
9.620423042019511373e-01
9.811808861738041676e-01
9.702992404946783056e-01
1.041216115407550324e+00
9.801367526642422723e-01
1.002954918512136917e+00
9.655894827622798493e-01
9.955264023406478202e-01
1.030154552525399225e+00
9.705362799191562528e-01
9.680012531248388674e-01
9.724325248879405192e-01
1.012965282304712611e+00
9.734256168924536601e-01
9.738917321448422593e-01
1.011564906614980774e+00
9.766680695529338374e-01
9.903881424351382856e-01
9.914195665999105955e-01
1.005054884019004335e+00
9.803218830910273018e-01
1.008423145400910492e+00
9.881639408514701906e-01
9.936138930379104783e-01
9.634088185123925729e-01
9.939092826260531588e-01
9.523612386765336613e-01
9.969321951521371572e-01
1.012106713712816797e+00
9.731956492250828372e-01
9.879572161982979051e-01
9.928415677883289936e-01
9.888468601116456869e-01
1.017321933490845209e+00
9.701843182144302968e-01
1.014300421804894325e+00
9.768634734642451800e-01
9.943165460112162179e-01
1.008718077266160140e+00
9.926346186878790556e-01
9.796769832246022824e-01
1.005925654904460398e+00
9.642499965063119349e-01
9.656146460821357635e-01
9.979700504348789636e-01
9.890431838110640417e-01
1.007594838634119805e+00
9.987602654025586890e-01
1.030053056765969144e+00
1.000983086404360067e+00
9.601522038108015744e-01
1.012679518231020648e+00
1.000171595728965412e+00
1.020632868751211619e+00
1.014393054357499935e+00
9.766069579139533552e-01
9.942995878850426905e-01
9.946033581914852650e-01
9.744458218988271136e-01
1.004813868772359564e+00
9.942264263894110554e-01
9.763923038553632416e-01
9.884375597932176793e-01
9.920080654212080074e-01
9.755039027801956086e-01
9.929837889958816888e-01
9.951060172922345792e-01
9.971021222991667265e-01
1.005221441750457689e+00
1.011983057164305144e+00
1.019962192496468134e+00
9.949064191324883399e-01
1.011265312205350986e+00
1.000645633860015149e+00
1.022418863980973036e+00
1.029388649362260599e+00
9.999668608178297058e-01
9.788076370531503256e-01
1.000327899221416184e+00
9.892975167885551535e-01
9.952918922880011898e-01
1.005138236426468490e+00
9.744847066340633912e-01
1.009027890048133091e+00
1.008435173610696012e+00
9.985451868196415504e-01
1.006974961752469033e+00
9.953154668768763313e-01
9.953028664365010103e-01
1.024707255641988723e+00
1.010603107558475378e+00
1.024331178117379837e+00
1.009004611562988929e+00
1.016801634762668272e+00
1.005036874732346819e+00
1.008240412349599158e+00
1.001735931214123188e+00
1.016974046247687280e+00
9.917069404191386495e-01
9.947241006836741173e-01
1.008025687860618191e+00
1.031877805919786617e+00
1.009024941451855950e+00
9.823949633360918865e-01
9.750725199589358461e-01
1.014287980794836619e+00
1.001557694503658391e+00
9.684541646146771487e-01
1.000142512289479590e+00
1.006375981012262111e+00
1.013966480045334073e+00
9.916924061659418976e-01
9.858119957789354126e-01
9.964877488409605855e-01
1.003485978822406866e+00
9.769415161827682548e-01
1.000826089220897996e+00
1.009628290038289133e+00
9.788523372987685267e-01
9.864484410386789026e-01
1.020816578120911755e+00
9.961353308034875953e-01
1.027844535466893916e+00
9.748294253681630828e-01
1.016221142891605034e+00
1.004939654803617577e+00
1.015891198460523892e+00
9.890782515931516583e-01
1.002354237573972684e+00
1.016859112476966587e+00
1.024746718750656704e+00
9.621998214736025012e-01
1.008805081563421080e+00
1.042833863469801559e+00
1.022894100734527800e+00
9.875340814807644918e-01
1.006375178470099163e+00
9.990845520204426622e-01
1.027094847711962355e+00
9.929563972664868787e-01
9.988716946648042994e-01
9.855459487723915446e-01
1.030377190651039943e+00
9.998654427199995531e-01
1.019835151442084920e+00
9.954390819339554719e-01
9.919225595923161221e-01
9.723414121271382049e-01
1.002344926567298344e+00
9.979940153495536759e-01
9.869021224533612857e-01
1.016239653197666293e+00
1.019758142253230693e+00
9.678957381737703924e-01
1.024375608777495561e+00
1.005399883291953733e+00
1.007575425298790295e+00
9.876328761914825449e-01
9.983632296625742919e-01
9.704113307241158948e-01
9.999850658759866784e-01
1.000331789401768701e+00
9.862811702259766111e-01
1.016309052492976539e+00
1.029908692373287193e+00
1.015212660032917213e+00
9.803333118326990059e-01
9.922223931051445955e-01
9.991880611520737032e-01
1.012055586516624084e+00
1.025700155372878841e+00
9.704169070144516018e-01
1.038873487528290784e+00
1.003609747626526882e+00
9.829826750265316937e-01
1.002446270214967683e+00
9.940986476923343584e-01
9.633777313787426078e-01
1.006738618436896715e+00
1.003243457891988655e+00
9.958573344824518392e-01
1.028003659977148043e+00
1.001378652664556057e+00
9.977503374708868167e-01
9.546048687839913116e-01
1.000571908696474388e+00
1.008612007009346057e+00
1.005724901852881548e+00
1.014126592475351307e+00
1.003758260923402812e+00
1.003911718019074417e+00
1.009054415901923685e+00
1.030892578132025061e+00
9.947313070091988729e-01
9.905963086664828499e-01
1.024510808151332997e+00
9.884007581830592803e-01
9.868282415131010010e-01
1.012947192575758493e+00
1.045674727593241649e+00
1.024255129342179105e+00
9.910983810146000161e-01
1.012097499328574512e+00
1.003285213389451647e+00
1.009156572030273313e+00
9.966159171898799629e-01
9.883080585373534843e-01
1.001478106413282498e+00
1.003823356402477440e+00
1.004911103488767221e+00
1.002387297719296022e+00
9.812807632633578914e-01
1.026624540748449776e+00
9.794678515529099405e-01
1.025035481427685857e+00
9.764171321115938662e-01
9.985176316338679747e-01
1.001789687826571518e+00
9.749354919851177526e-01
1.002694052227673049e+00
1.007915389039454546e+00
9.801629029932619197e-01
9.759810739672122315e-01
9.862159649797482830e-01
1.047417389127430321e+00
1.002917573499515491e+00
9.933463410063206878e-01
1.024787736664173332e+00
9.866606026939369611e-01
1.030232883914044884e+00
1.028590705600567645e+00
9.939385699737997015e-01
9.873616264891899030e-01
9.930616768050142262e-01
1.010512188513183363e+00
1.003999073568278444e+00
9.636798137676250153e-01
1.005619306473842789e+00
9.843832399394434329e-01
9.830423703542376934e-01
1.039161680368622109e+00
1.010617810332927746e+00
1.004821236880117707e+00
9.935271835677118579e-01
1.024360390074769311e+00
9.824938103123338484e-01
1.004145021275819172e+00
9.899729731167675739e-01
1.017111538345386368e+00
9.743649653711586867e-01
9.917790400867584344e-01
1.026125377652529869e+00
1.021661801364822875e+00
9.922779869343162362e-01
9.764551404353187802e-01
9.612190977072949671e-01
9.891094816788512656e-01
1.008403755782716127e+00
9.754689494236978842e-01
1.011249754142721002e+00
1.021728843945475029e+00
1.010337959533311292e+00
1.003994219122926967e+00
9.790110570356439501e-01
9.762565832566638679e-01
1.012398726166366281e+00
1.026892424580397645e+00
9.867963655416489566e-01
9.934537322328239606e-01
9.885157737943752743e-01
1.026640958682969007e+00
1.012596023222448460e+00
9.800098007494720820e-01
9.692331750944381819e-01
1.016322810779295649e+00
9.984115220999929541e-01
9.936227129090734467e-01
1.006499860707753102e+00
9.798133405434160670e-01
9.995180150285846166e-01
1.014128962208011187e+00
9.840097531139554432e-01
9.927302111577649413e-01
9.885586885229248333e-01
9.944031610080151795e-01
1.001008618876370049e+00
1.018448445923359813e+00
1.013266650749153897e+00
9.875315472913946957e-01
9.658163462020594725e-01
9.549773151189634435e-01
1.031287179425244727e+00
1.008706345600723253e+00
1.004345419653275950e+00
9.969432498076530313e-01
1.056972994139207866e+00
1.011010246789978195e+00
9.987175896355111604e-01
1.014435378123251352e+00
1.017933835445576696e+00
1.006793479951879400e+00
9.955514683942295884e-01
9.979120216622304751e-01
1.032223732783442705e+00
1.021408447112766238e+00
9.884349556031138961e-01
1.007678436181156600e+00
1.015127665659745437e+00
9.899765680985115335e-01
1.005685730720805360e+00
1.028895136644523145e+00
1.001935815853522982e+00
9.895662910835858472e-01
9.816014120412033250e-01
1.002978797245168696e+00
9.879204849664044996e-01
1.019875621543198996e+00
9.963598424240990292e-01
1.022483458891958907e+00
9.799664625692853237e-01
1.019390702877602140e+00
9.863969914416398366e-01
1.012313671502552248e+00
1.011692105033521250e+00
9.762134361477918798e-01
9.628725101298095668e-01
1.038024574365479458e+00
1.020286847942640573e+00
1.028510946398553560e+00
9.960499165805164479e-01
9.800241190690539561e-01
9.586156834587976627e-01
9.780672114821817864e-01
9.505637631376827601e-01
9.745556705924833807e-01
9.922116669746067208e-01
1.010020261218211202e+00
1.015366829284859662e+00
1.000711600296004367e+00
9.786229053163830738e-01
1.024099840704798536e+00
1.003947150432744850e+00
1.041624836442669677e+00
9.702935043234774959e-01
1.026359655509716307e+00
1.003893546638890744e+00
1.008719758503848984e+00
1.005411151641210532e+00
9.764358681660539885e-01
1.033040941254377509e+00
1.026850101285490258e+00
9.988655482096722160e-01
9.947033076959287401e-01
1.007510723168797417e+00
9.527986607442366918e-01
9.997293626042997872e-01
1.038595586193449050e+00
1.009354343405962640e+00
9.968404057134219176e-01
9.927914379687549085e-01
9.979342362435599245e-01
1.005150356774011655e+00
1.026836866295819606e+00
9.873455098323716816e-01
9.892648158133868774e-01
1.020260391008334988e+00
1.001058350905066563e+00
1.017462542770233735e+00
1.023803831751877169e+00
9.909212899992710932e-01
9.798984661882931269e-01
1.022937614019625796e+00
9.760837621532919561e-01
9.564519743549536601e-01
9.938346994790198119e-01
9.552996313543358209e-01
1.000193895966224655e+00
9.908025868187729790e-01
9.673406217590747591e-01
1.023385497261543930e+00
9.895765282241189009e-01
1.005734449473802083e+00
9.973905596111275473e-01
9.890327943255446952e-01
9.870942347180123866e-01
9.887317060227732712e-01
1.032915843312823156e+00
1.027723831267053578e+00
1.048724856822900398e+00
1.027150820445595913e+00
1.015783842382045554e+00
9.567002367223845782e-01
9.893515291755694552e-01
9.788114699894790993e-01
1.008321816387261816e+00
9.712385280172978197e-01
9.983530570604068899e-01
1.016936976243260515e+00
1.030388223280830795e+00
9.918293528968168404e-01
9.779748191286389281e-01
9.988885074725378788e-01
1.031659065861147972e+00
1.020918492874983929e+00
9.750920909665635739e-01
9.944295229880716347e-01
1.006208976118743825e+00
1.003753258850009100e+00
9.767354921465650763e-01
1.040596977257230105e+00
9.802247807553757797e-01
9.593495756486253301e-01
1.033196732257392725e+00
9.899358022115825051e-01
1.031218298963391788e+00
9.943188704788195054e-01
1.014520448414075293e+00
1.016104091379281149e+00
9.988298933184390771e-01
1.043574613771710569e+00
1.008500438281656031e+00
1.009872709959381831e+00
1.005058137734451851e+00
1.026173159955214187e+00
1.013801444937402874e+00
1.046182385998527531e+00
1.002216362622904144e+00
9.710595042547752742e-01
1.002878088118988931e+00
1.023022021676873505e+00
1.004045110071973168e+00
9.882541885695245165e-01
9.872772507608253978e-01
9.996118199408869920e-01
1.001534843506144190e+00
1.011141087851594733e+00
1.027984932365658688e+00
9.923145815714067286e-01
9.782826914505176052e-01
9.691292484192159939e-01
1.031514645035680910e+00
1.010370127573108512e+00
1.024177367890713786e+00
9.707372504491941223e-01
1.021906528768441014e+00
9.794902489624331965e-01
9.901565808972948579e-01
1.003967401998719033e+00
1.016827090783209542e+00
1.000361749671711431e+00
9.912936260523557142e-01
1.014671607357643390e+00
9.831057623510812693e-01
1.000422536992843003e+00
1.031679291291294653e+00
1.013424255904622040e+00
9.608407746923246506e-01
1.041707610196551004e+00
9.740079181649329287e-01
1.014886421231623093e+00
1.022537760890163128e+00
9.747923084008125461e-01
9.839026847937251130e-01
1.010881686768933196e+00
1.004225341806311178e+00
1.004200615367933924e+00
9.708612102132416766e-01
1.000683756887062348e+00
1.009014800910740695e+00
9.958681068913377565e-01
1.005842970624346133e+00
1.056955636998512915e+00
9.869086250124778914e-01
9.832868406407027084e-01
9.984768682514583160e-01
9.896323951856800250e-01
9.931723522698679973e-01
9.677887878150851497e-01
1.015705644833183374e+00
1.048561128811749121e+00
9.813150325879129721e-01
9.927371574302416013e-01
1.015264303890456965e+00
1.014988763745367395e+00
9.970037108032587803e-01
9.936038133812415962e-01
1.007433469187688280e+00
1.004865094684347371e+00
9.737812052387834205e-01
1.010001161231371070e+00
1.023980276505033649e+00
9.946122276167911336e-01
9.773880854649109606e-01
1.005781544220107460e+00
9.656228249086054038e-01
1.004539426188790774e+00
1.023577903811242917e+00
1.007746286106551814e+00
9.671884637488438186e-01
1.007635542498600101e+00
1.000581117746342841e+00
1.002125131447510142e+00
9.926486722905644156e-01
1.016152574700895705e+00
1.014884218854560594e+00
9.831431721728665085e-01
9.953777531346438279e-01
9.898933468765036547e-01
1.008677215868206467e+00
1.009117047400315714e+00
1.007414597537292789e+00
1.005112078281874988e+00
1.004556109660282415e+00
9.870844675770499288e-01
9.961861042915811648e-01
1.025900342353037953e+00
9.943860465000133875e-01
9.849237499565436371e-01
1.009457738081460887e+00
9.806365949070015020e-01
9.991689305718767233e-01
1.009153266586141573e+00
9.979391955622843868e-01
1.032832373364650058e+00
1.034306617562769759e+00
9.976575224018977561e-01
9.862314325408547688e-01
1.012184577130968988e+00
1.010718435113971969e+00
1.001577992903929459e+00
9.977938002763219183e-01
9.651435901005647189e-01
9.944323351175278214e-01
9.861069887959839075e-01
1.021278493901564666e+00
9.910043697097276061e-01
9.930238224281675574e-01
9.623628021473855654e-01
1.027305935509296608e+00
9.968190066064479549e-01
9.962194101144766778e-01
9.826528622289391057e-01
1.009288863840914985e+00
1.010562722421142645e+00
1.019001640613421023e+00
1.012740210710021405e+00
9.961566050380550319e-01
9.554301661079962482e-01
9.909867482273739814e-01
9.763453744923591415e-01
9.896677716835080574e-01
1.019185869199886740e+00
1.001138412581437098e+00
9.713066605781023322e-01
1.030036237113253650e+00
9.823943047900585146e-01
9.907907679794258904e-01
1.008847889419069777e+00
1.008466174976153429e+00
9.985973258433198385e-01
1.047727145661212278e+00
9.664885293686115153e-01
9.885876577203427384e-01
1.048624408487942139e+00
9.993109130073147828e-01
9.856379194647034714e-01
1.005670760443475809e+00
9.978864000697846848e-01
1.009002395466359170e+00
1.009525885845215631e+00
9.988895927747432069e-01
1.010104055318578942e+00
9.874824821398096031e-01
9.996335596166904258e-01
1.022395502478477880e+00
1.011948667160976756e+00
9.836951971622464042e-01
9.927313603994738500e-01
9.995073932281756113e-01
9.897690661264880729e-01
9.650856182010162376e-01
9.856858554629379654e-01
1.009531679160135198e+00
9.898704451910025348e-01
9.939757882526188970e-01
9.901516365036883149e-01
1.017648393817912389e+00
1.006473389343748526e+00
9.994318951047375110e-01
9.603211974015648522e-01
9.817606887484657818e-01
9.829137797800163723e-01
9.937508965545469586e-01
1.006751116841319460e+00
9.971556224653354006e-01
1.013495126051711770e+00
1.004898849948971273e+00
9.968968299463557559e-01
9.850356361538712413e-01
1.007550320690368872e+00
1.035151082856542004e+00
1.000496419172700602e+00
1.015528114320605857e+00
1.003941997877834336e+00
9.609998199845757316e-01
9.963762660045081265e-01
1.005726325163563972e+00
9.670227098684359701e-01
9.966094900764874698e-01
1.002308769062498772e+00
9.792509837092768787e-01
1.004378849138634733e+00
9.991073647432370253e-01
9.958635388643005681e-01
1.017427536995821447e+00
1.012376160939300052e+00
9.773275528557235914e-01
9.962830322206474021e-01
1.002005076712520371e+00
1.015433788677365001e+00
1.006017037023019478e+00
1.003666414850214572e+00
9.988908682558432783e-01
9.999328426885943921e-01
1.051245840231349371e+00
9.971921362195632632e-01
1.025419162539906726e+00
1.030861519872685594e+00
9.520272912372368390e-01
9.960384123059876638e-01
1.026709200640806507e+00
9.862581193765163068e-01
1.001576340126276055e+00
1.031982852472905998e+00
9.976824694617990597e-01
1.006027504941252371e+00
9.947456814823919524e-01
1.025640077300494335e+00
9.800849307432283330e-01
9.986498833001876685e-01
1.023561318605210824e+00
9.936162781878681294e-01
9.678850191567653916e-01
9.996813356297773456e-01
9.882724011153016797e-01
1.017110200991466318e+00
9.939724811509101920e-01
1.003979250559547287e+00
1.001506257735753636e+00
9.844761983466510102e-01
1.012795952216069884e+00
9.832560771660963095e-01
1.006398585541621982e+00
1.029237831338311704e+00
9.885760756210580924e-01
1.024348350956428400e+00
1.014782132188577490e+00
1.044788830517916267e+00
9.874727614495474315e-01
1.033697871428929771e+00
1.047926486527554824e+00
1.008185626450185390e+00
9.971508260481886099e-01
9.786084124470794121e-01
9.821059038314519096e-01
1.015860192015239249e+00
9.893603925554715905e-01
1.000722925798940288e+00
9.895446812127411951e-01
1.014871948163510451e+00
9.806491228229520241e-01
9.753876666297127684e-01
9.916088156395646003e-01
1.000677952103012247e+00
1.030682313445631548e+00
1.006796624616827396e+00
1.011371846864744573e+00
1.008458855524626552e+00
9.773028251918627340e-01
1.017471970307093576e+00
1.029518334051034767e+00
9.509694598684642619e-01
1.000499209829933234e+00
1.005126761332703067e+00
1.017701315419934582e+00
9.955863499337798128e-01
1.035381970063866897e+00
9.943122191421247535e-01
1.010549230736426329e+00
1.024864287660473661e+00
9.762969902027358593e-01
1.012513723353704931e+00
9.946500987610260580e-01
9.805838769025354562e-01
1.038991206751646912e+00
9.959721055177483962e-01
9.753058113770176618e-01
1.005199429787942744e+00
9.824828009321432409e-01
9.555960467621890109e-01
1.018050394000581615e+00
9.987495651701154831e-01
9.957848543545670950e-01
1.026839296745006846e+00
1.017985402452260102e+00
9.728258515222673042e-01
9.967862002630376583e-01
1.020021967827957843e+00
1.027490067893043202e+00
1.013717675486325076e+00
1.024628573965868927e+00
9.667402828793590919e-01
1.004674337300752285e+00
9.971220579443857979e-01
1.000672985059779529e+00
1.013945379754260578e+00
1.013305562181526343e+00
1.026436736455185850e+00
9.706284755374637863e-01
9.932800299605646366e-01
1.016364795103408269e+00
1.014752405978097016e+00
1.019735506641257006e+00
1.017428024768952888e+00
9.590219384944170811e-01
1.024022089007255554e+00
1.012715382853574209e+00
1.025632074624198031e+00
1.001805697977877330e+00
9.965365714845518808e-01
1.028421133488886197e+00
9.690661723907406655e-01
1.005215622459305402e+00
1.013266408783280559e+00
9.695603545096977971e-01
9.689778481630758611e-01
9.657600770102683363e-01
1.037888128840143143e+00
1.008707323104223619e+00
9.990529765957197883e-01
9.808856175717078907e-01
1.029691204837586138e+00
9.789472412929600686e-01
9.884862691973175242e-01
1.004304044235867055e+00
1.029295179626133372e+00
9.738753548087144551e-01
9.742473543325413932e-01
1.015249245594475713e+00
1.019060719435237461e+00
1.014276000000633005e+00
1.006121783553924676e+00
1.010840565557648896e+00
9.958069933582687217e-01
1.023983611842135044e+00
9.948268734339088537e-01
1.004350364424322573e+00
9.803062804939493002e-01
1.024653675060820390e+00
1.037778451452506800e+00
9.998943616655411315e-01
9.710355860827761809e-01
9.549881746009302175e-01
9.934340554447729232e-01
9.824069181619526914e-01
9.823502518323105059e-01
9.677437083157284237e-01
1.027733154398664750e+00
1.002925293030647147e+00
1.034671028420685479e+00
1.011518279020321209e+00
1.013543291811637381e+00
9.882543902309767203e-01
1.001245293293024252e+00
9.784488313597468068e-01
9.961762243981124865e-01
1.004506455651768881e+00
9.920320583522543867e-01
9.864503972535551002e-01
1.008914117908996877e+00
9.939092230402777339e-01
9.878861397874064698e-01
9.797493670622378081e-01
1.034143372236656866e+00
1.014794375968071982e+00
9.685391851984445077e-01
9.809942701081457717e-01
1.004581938400128660e+00
1.001918438176268689e+00
9.986631262318019786e-01
1.037869946771465379e+00
1.022413148815135342e+00
1.024411992464288712e+00
9.940501205433251997e-01
1.028502621571177222e+00
1.023738057593177597e+00
1.015602329914744750e+00
9.709189387804897375e-01
9.913672246967499824e-01
9.769084055771589670e-01
9.661707807502841749e-01
1.012128843268557565e+00
9.926098897873901761e-01
1.003874233892646961e+00
9.657007300104821779e-01
1.012952031448245860e+00
1.018995468790357073e+00
1.000069709422438224e+00
1.040951997783468030e+00
1.021264599284186891e+00
9.957595420874857384e-01
9.867286137741489993e-01
1.006823679022208484e+00
1.029733040114774623e+00
9.909170991038284138e-01
9.786273417872144442e-01
9.977691875863289317e-01
9.950589149168513892e-01
1.011216207208133877e+00
9.914856854873619341e-01
1.021295832654461000e+00
1.009679761257142205e+00
1.007829781441170525e+00
1.029549220319577074e+00
9.646092732554335525e-01
1.009641064326428639e+00
