# signal periods in days
2.860731764351197981e+01
3.304776586155705331e+02
8.224594194116813028e+00
5.901890475328198882e+00
8.633116659757071432e+00
3.584058932626035698e+02
2.068514218034231078e+01
1.687786963643146976e+01
2.098504625072199303e+01
2.036854783925057006e+02
2.944413474672855102e+01
1.741039417009684342e+01
8.938873744857019688e+00
3.264752477702305669e+02
5.231897703539235778e+00
1.921725660079323106e+01
2.197418717228773133e+01
2.384868686158730213e+02
3.710223431260375904e+00
2.269179998107289009e+01
