# data in one-minute intervals
9.906389666464576749e-01
1.013654056145488536e+00
1.012881980719225083e+00
1.000635768539293924e+00
9.950447551194315787e-01
1.014318934143866313e+00
9.934809623235414389e-01
1.009555052778710937e+00
1.006455831788921618e+00
1.000669821504528434e+00
1.004869453064400009e+00
1.011061880436663341e+00
1.002270943484412369e+00
9.945491439568496794e-01
1.007455680546621934e+00
1.003649325494682110e+00
1.014741381988150781e+00
9.896728852463759774e-01
9.980496595745438349e-01
1.014437955704449390e+00
1.006820428683637081e+00
1.007990334722196124e+00
1.006103192787112910e+00
1.012285054971173492e+00
9.984620334169065359e-01
1.004977171076533837e+00
9.969156804806469374e-01
9.917193239821273654e-01
1.014228194678730377e+00
9.965565879115028114e-01
1.002387589457213846e+00
9.955647141877085327e-01
1.004308930152452817e+00
9.978581774230856904e-01
1.004076954297626445e+00
1.007041235908718191e+00
1.020222054252397204e+00
1.001920355393403961e+00
1.000660708063324078e+00
1.016948466484540736e+00
1.007437991960221657e+00
1.007225176810818024e+00
9.902535929776112855e-01
1.001249551737875221e+00
9.945519551849728579e-01
9.976145804332189337e-01
1.016791276054696880e+00
1.016338865962030047e+00
9.908636535260328948e-01
9.973615683848175983e-01
9.899640475833985098e-01
9.904507476652737452e-01
1.003396005120527290e+00
9.810521649023647983e-01
1.016414003536320054e+00
1.002787497651661752e+00
9.917267037273005403e-01
1.015558744358191934e+00
9.933326095607885042e-01
9.879616488213964764e-01
9.974862043556759206e-01
1.018981439947366230e+00
9.902198329783414854e-01
9.898036595073890220e-01
1.010979472986531569e+00
1.012533599752666547e+00
1.007656237364680685e+00
9.880019879080982337e-01
1.000729500591627241e+00
9.892149242292788136e-01
1.007552938348239557e+00
9.745564854061681270e-01
1.015235697373778390e+00
1.003400191192230118e+00
9.934288406481639466e-01
1.005280644497358766e+00
9.913715348464887667e-01
1.003019035889946231e+00
1.010312428058271150e+00
9.954579060286905534e-01
1.005829570314076271e+00
1.003852323394938573e+00
1.006823456608428424e+00
1.013656752238428993e+00
9.976330962694314186e-01
1.001848764003995473e+00
9.966485083169905890e-01
9.852820693227934967e-01
1.009965846502068443e+00
1.016895331899571486e+00
1.000073335083965009e+00
1.009339849049226689e+00
9.771150842890151678e-01
9.837330528593741796e-01
1.005540869989255182e+00
9.975174109921943755e-01
1.006525542918688565e+00
1.003092322168898987e+00
9.940228477108012939e-01
1.002236242267314781e+00
9.965091575565460102e-01
9.881651120230803276e-01
1.006779935537539084e+00
1.014209415917812995e+00
1.008350771156881098e+00
1.003805813706194705e+00
9.998388338961731181e-01
9.879779184575863127e-01
1.012755239689992148e+00
1.001060974368356948e+00
1.003437287317742177e+00
1.015044494617082016e+00
9.829729339788151332e-01
9.990450389021905409e-01
1.006704410466290334e+00
1.025458619165755536e+00
9.983246471819716694e-01
1.013678832434057098e+00
1.007728469509160618e+00
1.004457266815482308e+00
1.014847444745627492e+00
9.854545268517640455e-01
1.022440728176785107e+00
1.008186215883138059e+00
1.006682411780244868e+00
1.007162180788552241e+00
1.008367790400585884e+00
1.013907106279936299e+00
1.000104949522743203e+00
9.987215552074925062e-01
9.994904167012734764e-01
9.952341052165560864e-01
9.945238565369625139e-01
9.907918951432453936e-01
1.008356440555470135e+00
9.975280955789679327e-01
1.000211672272461882e+00
1.002810531151766993e+00
9.860889515429790420e-01
9.975505021730467492e-01
1.016431209569135685e+00
1.010097309476472915e+00
9.978845007886492091e-01
9.956374591117347350e-01
1.003761870873862483e+00
9.841802896340834383e-01
9.946484603256884327e-01
1.010768629920000716e+00
1.002806859623340374e+00
9.974753873969017803e-01
9.908443518228295943e-01
9.873033192299446315e-01
9.933222148308977761e-01
9.953558896472211037e-01
9.972229616199547175e-01
9.998714769714516226e-01
9.983635614462603725e-01
9.926782927662558542e-01
9.853611460788515020e-01
1.005141736641008476e+00
1.013257415543650897e+00
1.007808254889659416e+00
1.003912379864251969e+00
1.000598222252638836e+00
1.002524247274123148e+00
9.946778641716897962e-01
9.898335192662914839e-01
9.992734913809969699e-01
9.995205092069953112e-01
1.001170003091335303e+00
9.938575798717210752e-01
1.001029465827231402e+00
1.003359110179500302e+00
1.011036597537947612e+00
9.834658479934182962e-01
1.002417486943884217e+00
9.974548790774581120e-01
1.025265617358160464e+00
1.025162913398962816e+00
9.928814053756613855e-01
1.019132627458579909e+00
1.011025491239739393e+00
9.872258580104389392e-01
9.988409212592459507e-01
9.995899513843823359e-01
1.007822970036111432e+00
9.990528346867787457e-01
1.020799877000417188e+00
9.740558629881849173e-01
9.935667546377495718e-01
9.938517073605953600e-01
9.996484723140180995e-01
1.008169935870919076e+00
9.933403000827687457e-01
1.020707219130004395e+00
1.001100069280122629e+00
1.003526781529974432e+00
1.014095610855955787e+00
9.893778535139043928e-01
9.875790724358091133e-01
1.005843240403901939e+00
9.976535631289181749e-01
1.009550240181577241e+00
9.987765913992315836e-01
1.010250828267486023e+00
9.989507282640865959e-01
1.010224136209968648e+00
1.009819679939736758e+00
1.008003245766296185e+00
1.010157119787110203e+00
1.007012226535344279e+00
9.964607113634385005e-01
9.936676366865370147e-01
1.003721241919516283e+00
9.981183220407398027e-01
1.004074982983688802e+00
1.012182171295937572e+00
9.922859910987467114e-01
1.001342636552324805e+00
1.004217860980148869e+00
9.971685024990195600e-01
1.006534636615070921e+00
1.002946176297850434e+00
9.938941394268931973e-01
9.983889725386326797e-01
1.017585695950931957e+00
9.798348107201161339e-01
9.975978852245513950e-01
1.006606529495428504e+00
1.002602186680065843e+00
9.908235091911503645e-01
9.948697125528149776e-01
9.854927739457822744e-01
1.012514893477624467e+00
9.942173902682136521e-01
9.904940839009822584e-01
1.003875785091986161e+00
1.016397070803203961e+00
9.910720980598005658e-01
9.980969643497066279e-01
9.934419283824627023e-01
1.006844083587163707e+00
9.973854175040772763e-01
9.882173535231181249e-01
9.857584984564767838e-01
9.878524037533303881e-01
9.908594010878080116e-01
1.004778973083628513e+00
1.002470984441826696e+00
1.014027712558184913e+00
9.892109769603519842e-01
1.008697498998950781e+00
9.988985520725160994e-01
9.973166253656039482e-01
1.006366196594445928e+00
9.954004887978862293e-01
9.955917529301447910e-01
9.879587467653218047e-01
1.009130364479976061e+00
1.010850513357682390e+00
9.885063491391983259e-01
9.983925856701817425e-01
1.013969488110370243e+00
9.796120264592393934e-01
1.000338000235367675e+00
9.879885397761112298e-01
9.873974147439216198e-01
1.012107167032930688e+00
1.009538434085698544e+00
9.999857650021207744e-01
1.016224109988316915e+00
1.001474482926656195e+00
9.975546704377844520e-01
1.004912336088985336e+00
1.000151936498063998e+00
1.012690169713821087e+00
1.001276195360016219e+00
1.002010427123916081e+00
1.005727395762204823e+00
1.010933824944055814e+00
1.004696546652475542e+00
9.998231458219684065e-01
9.925905605078195748e-01
9.979305385049432875e-01
9.952032390367355763e-01
1.001230679772367349e+00
9.962914799219045880e-01
9.824449030396321669e-01
1.016262885356737700e+00
1.008431640956676478e+00
1.005775324778932722e+00
9.991877912123845462e-01
9.945764927778987241e-01
1.017089969213105460e+00
9.928951588414611784e-01
9.836648701873466072e-01
9.809182871432693407e-01
9.992677430364561575e-01
9.850231933620910985e-01
1.009331217063962782e+00
9.987305033919171571e-01
9.898220443071954477e-01
1.014888418707454054e+00
9.835458477500602648e-01
1.000061013153868972e+00
1.009778074846545470e+00
1.010545516998379911e+00
9.895367865543446273e-01
1.019922460822238808e+00
9.883590596242078918e-01
1.001706703768227458e+00
1.003835776077164343e+00
1.014166051359049137e+00
9.952746094139383048e-01
9.808639010748306797e-01
9.914261710204873568e-01
9.894111452046067123e-01
1.006069648658633575e+00
9.984594682841325675e-01
9.933396530710691952e-01
9.946422210214945769e-01
1.001104868273434700e+00
1.000072520608638715e+00
1.002308717991240883e+00
1.003806811996492021e+00
1.003406277913618583e+00
1.001270532304192828e+00
9.948094401787892505e-01
9.837281641404839183e-01
1.000683332952838844e+00
1.019079379795594820e+00
9.834361112568986707e-01
9.997025181981387121e-01
9.985398176477834342e-01
9.854574156795329332e-01
9.988338310623979810e-01
9.835755602570158684e-01
1.012592681627098479e+00
9.756054810823626688e-01
1.015110845053231126e+00
1.017172396783728949e+00
1.001228365356497285e+00
9.803504847589195048e-01
1.004494043294140049e+00
1.022218247248610101e+00
9.946186163513421885e-01
1.007849170709802733e+00
9.823596515675309115e-01
9.929345214897096206e-01
1.003625927630948267e+00
9.866575668869286275e-01
9.914843984462380355e-01
9.924602764491620155e-01
1.004642116220800352e+00
1.000515827107296030e+00
1.001251943930272503e+00
9.940054237417618177e-01
1.007072426397616072e+00
1.010330551447208070e+00
1.019844722232438938e+00
1.003444979189494823e+00
1.029807487733059634e+00
1.005480255964884773e+00
9.880971422433973972e-01
9.976081723679788293e-01
9.998382256346847186e-01
9.931114583450897371e-01
9.852048364913706946e-01
1.013517306005439877e+00
1.019155383148576011e+00
9.917522843036093994e-01
1.008329159826313326e+00
1.020617117482167213e+00
1.004286572060295368e+00
9.935470993495215675e-01
1.003777916570956830e+00
1.009994092845576841e+00
1.004547321316674235e+00
1.011153114769403727e+00
9.817164203452922733e-01
9.834191080554579578e-01
9.904883112264899481e-01
1.006049856758624905e+00
9.938860522910086814e-01
9.927034396536620342e-01
9.972658911223494238e-01
9.954488358652393565e-01
9.892347527663404305e-01
1.005979547931761475e+00
1.008282322406221843e+00
9.958389010595516400e-01
9.800238721771803441e-01
9.847034395581260036e-01
1.016250682768259139e+00
9.851384217321091930e-01
1.005707390780086863e+00
9.933839391481393832e-01
9.911812073387256117e-01
9.859715706224303489e-01
9.844851474685334392e-01
9.926281530633137562e-01
1.004179805100199108e+00
1.010446431698680092e+00
9.947456927890325762e-01
1.022597276356197238e+00
9.650068884737222907e-01
1.009404923812003974e+00
1.008850096060401436e+00
1.014013414996401741e+00
9.933864500426220490e-01
1.009242332186433222e+00
9.865183577178535668e-01
9.839934704138929566e-01
9.848733697594825864e-01
1.006080552823467977e+00
9.997519818710716155e-01
9.953880673258722611e-01
9.964749342180142522e-01
1.009520291770712230e+00
1.014441446045750039e+00
1.003363190868425958e+00
1.004681764861628190e+00
1.000832800938757039e+00
1.012878843015157404e+00
1.002451418946273654e+00
9.904078493234765856e-01
1.010618025973165635e+00
9.997504495324039953e-01
1.009043008176314871e+00
1.004541340709607988e+00
1.006343956171017684e+00
9.960600727054395032e-01
1.018837569629212236e+00
9.881023179584886851e-01
9.951740653795763114e-01
9.922690209373161707e-01
9.969948243557602563e-01
1.011480858931891325e+00
1.014926917081098612e+00
9.950558096744350767e-01
9.971939706887882338e-01
9.901622482518711577e-01
9.934604285707344662e-01
9.944328481814090903e-01
9.857372552748441263e-01
1.002134439673433297e+00
1.002444066126755740e+00
1.014980246994885871e+00
9.947208532334759212e-01
1.004302150302050611e+00
1.000338501896493648e+00
9.954487356740603365e-01
1.010376140151269198e+00
1.003197114296750847e+00
1.000591630308202973e+00
9.916093402124733780e-01
9.879083494600076065e-01
9.737277654373082125e-01
9.916207981403510896e-01
1.006731471037728420e+00
9.939856690519608406e-01
1.006253180040373341e+00
1.013610041867522904e+00
1.003345293251864501e+00
1.024960178646586950e+00
1.004218669077385773e+00
9.902402869152444609e-01
9.979718868962839107e-01
9.844495030591252638e-01
1.004589361682008297e+00
1.011471322295512731e+00
9.919205355247195932e-01
9.912315006060895550e-01
9.974908151447536842e-01
1.018509411169338685e+00
1.015370050131032764e+00
1.004444851572001918e+00
1.001682973473864147e+00
1.010659337865838836e+00
1.015710037968052593e+00
1.001500975677045657e+00
9.840326277770535812e-01
9.803512766416770940e-01
9.915707154158944769e-01
1.003570527399316958e+00
1.006637776438800591e+00
1.000278878751338363e+00
1.020142455020411676e+00
1.005874309145100787e+00
9.922218800124820159e-01
9.788651163383710330e-01
1.008102750776866285e+00
1.023542751955488050e+00
1.002182240885776787e+00
9.918256114696170078e-01
1.006015025420330389e+00
1.001585723240301373e+00
1.008152580023076172e+00
9.977019292732726141e-01
9.948540608108269456e-01
9.940074845889045330e-01
1.002408605899135940e+00
9.985985619200862251e-01
1.002591328504345070e+00
1.011086412729811146e+00
1.010395483709380926e+00
1.019584221540389413e+00
9.957615821456755612e-01
1.022832641061059977e+00
9.881247731040747606e-01
9.950829545290080791e-01
1.006180586672918320e+00
1.002892407161253496e+00
9.933624965719672906e-01
1.006586801486355487e+00
1.011288826314620248e+00
1.012380577176865026e+00
1.006661097259222037e+00
9.957074556700867829e-01
1.000113575312582492e+00
9.816852680193921543e-01
1.020641465608913334e+00
1.003418103469848610e+00
1.006734094640406862e+00
1.007619169273715531e+00
1.016325247758511630e+00
1.009131703268756564e+00
9.951218957296076306e-01
9.956475183500143045e-01
9.795254308211275296e-01
9.988470127068705962e-01
9.970912706671442027e-01
1.002772831243464058e+00
1.001762846012469232e+00
1.023538969157629097e+00
9.899628458616495097e-01
1.006422956189588325e+00
9.924947350086493758e-01
1.010565214240631615e+00
1.002380753437093874e+00
9.982250945132875586e-01
1.005155640955583740e+00
1.016568694380375781e+00
9.878464051393642809e-01
9.926848799088804354e-01
9.948052062943744112e-01
9.949059963943579499e-01
1.016203247555353073e+00
1.013303845245477008e+00
9.917926023746339581e-01
9.948561538822529027e-01
9.862334536324487422e-01
1.009133049724674880e+00
9.980452421913964534e-01
1.001717699424499397e+00
9.980183997751962410e-01
9.927212365782005499e-01
1.008363724874095979e+00
1.009643245310532178e+00
9.994499188956479374e-01
1.000403847021787973e+00
9.977717237785099780e-01
9.941001098342119313e-01
1.004681113851565000e+00
9.884713146692045704e-01
9.972852441447360716e-01
1.016946476960326029e+00
1.003702682158002624e+00
9.920209351686068988e-01
9.817189518019817651e-01
9.983695528819934717e-01
1.003941746994749362e+00
1.011791757581640416e+00
1.002443379749475394e+00
9.998386978677044068e-01
1.006732819251352939e+00
1.003380516689754254e+00
1.001608258433517085e+00
1.003351010766132312e+00
1.009192670757027122e+00
9.913159829407037771e-01
1.005207880000576148e+00
9.966848193595573280e-01
9.883404433444593629e-01
9.978972469581575133e-01
9.925988687903800622e-01
1.002249374660387327e+00
1.016588541097482867e+00
1.005961045463525494e+00
1.012829641804741110e+00
9.827547337785347281e-01
1.001898288787556268e+00
9.975570760555888539e-01
1.004382225906357284e+00
1.000563953156925923e+00
1.001454518089302415e+00
9.985690749616960016e-01
9.913956176887297467e-01
1.009783695581418561e+00
9.896818097656661095e-01
1.010042379744209073e+00
1.014062094763655386e+00
1.005380991690516979e+00
9.973462609204620799e-01
9.939602802068530085e-01
1.018420867491623305e+00
9.948770984350094881e-01
1.004075360001363659e+00
1.005675839487860213e+00
1.009814010139201468e+00
9.903755762559878217e-01
1.017621261702061686e+00
9.936644196953002828e-01
9.995834823841720507e-01
1.001147292983274761e+00
9.982703462719592080e-01
1.000686777310376030e+00
1.017481638339940542e+00
9.967437278119001265e-01
1.003985472824297620e+00
9.933311614066426820e-01
1.000671635028265172e+00
1.011745564612151815e+00
9.940864971423484242e-01
9.828734310750866232e-01
1.003545150164264488e+00
9.923039512243656546e-01
9.827203697344210065e-01
9.909197053069436212e-01
1.017546391393637117e+00
1.002069115314669023e+00
1.010348498634332515e+00
1.001803363965248606e+00
1.012476670355492603e+00
9.850928089675740074e-01
9.934142744892914267e-01
9.998802581672524559e-01
9.932763868902679816e-01
9.889586937826968516e-01
9.904230882349629450e-01
9.930785943549884642e-01
1.014267924523168496e+00
1.014201901290137764e+00
9.935160919275085600e-01
1.020557428002047073e+00
9.992840888254095333e-01
9.907270533235634780e-01
1.010296965296842320e+00
9.981841150059479473e-01
9.876780112838969838e-01
9.938632545729628731e-01
9.988906568951800846e-01
9.898172705919403569e-01
9.818100339806463683e-01
1.004106538988933650e+00
1.004745547507770231e+00
1.004957508594009452e+00
9.891835156539114937e-01
1.001429937357494415e+00
1.004292892408634508e+00
9.956131145681249572e-01
9.920309198290170327e-01
9.788872903738379261e-01
9.970352477906642141e-01
9.880139829396200613e-01
1.000746904387352476e+00
9.933178041675894132e-01
1.008537248106476047e+00
1.015909134717441153e+00
1.018687161688951681e+00
9.969573550952529617e-01
1.002886239158091719e+00
1.009177889436298159e+00
1.008015164089456794e+00
9.960988183022769782e-01
1.002620207099962135e+00
9.877582406673935944e-01
1.004882741403959612e+00
9.803919541844008378e-01
9.966316432204809228e-01
9.951322391375879706e-01
1.015401549655063240e+00
1.001776351473827820e+00
1.001539571431944164e+00
1.013847927705783469e+00
9.941074450893423453e-01
1.013097439426894342e+00
1.001493044742577831e+00
9.929847351691095669e-01
9.962428595011730836e-01
1.013723445176854199e+00
1.000137106462347880e+00
1.002639955510718828e+00
9.942377323545540380e-01
9.959673701966188508e-01
9.907230884729428810e-01
9.958239488196015676e-01
9.970746236178840149e-01
9.959123866438872597e-01
9.949397601104105204e-01
9.824443354235380399e-01
9.894501374400939131e-01
9.947756132518117411e-01
1.008323483303904089e+00
9.851381381498827139e-01
1.000701499038490150e+00
1.003794463937728754e+00
9.922644032552486726e-01
1.005553475235721805e+00
1.009269539564324303e+00
9.910303476972873726e-01
1.004621341223401298e+00
1.007399021910554637e+00
1.005315765248870452e+00
1.002237432606047474e+00
9.923231735933062403e-01
9.974606509638985763e-01
1.011319530836386038e+00
1.002446386477368057e+00
9.927645722202715906e-01
1.001620665819617173e+00
1.014156059001431798e+00
1.004732424437649652e+00
9.796389231644524465e-01
1.007984920075466029e+00
1.007464765367548587e+00
9.943319213038825932e-01
1.012872173874305393e+00
9.966213367099066023e-01
1.021515258467250886e+00
1.037531287606280550e+00
1.021924301764073562e+00
9.982251265015508190e-01
9.869833714491130783e-01
9.908457930760257160e-01
1.006373579144254737e+00
9.994133043986664910e-01
1.000308600490827926e+00
1.009381106804748907e+00
9.911010403395801305e-01
1.019491681691220508e+00
1.003930069785335499e+00
9.995698766019160963e-01
1.002832866274562029e+00
1.003772557090729212e+00
9.853898970033067028e-01
9.731862407961126005e-01
1.018736636575849452e+00
9.810588915451944336e-01
9.856384259594216379e-01
1.009134303838707947e+00
9.915225189764655944e-01
9.899665842677205507e-01
9.915731390659242583e-01
9.906039155308030697e-01
9.966823716187456217e-01
1.003636987223616828e+00
9.940250777761184819e-01
1.007105312420992549e+00
9.956369066664675360e-01
9.874941502575000918e-01
9.901131458222942605e-01
9.822498226793421328e-01
9.902757348454174213e-01
9.957168971265965007e-01
1.003823851196677275e+00
9.997484921034117678e-01
9.981302877288454889e-01
9.906826748550089379e-01
9.895046920519919853e-01
1.017654645358543553e+00
9.950666760317067316e-01
9.916085312843572197e-01
9.931168273222356069e-01
9.932454152090460786e-01
1.003812218907869092e+00
9.941879975693090898e-01
9.813149395124374230e-01
9.765081016933118141e-01
9.786736395406210320e-01
9.849510870659395900e-01
9.862919805669703166e-01
9.956862250930211822e-01
9.793711934898640115e-01
9.940366377073075466e-01
9.873793314654908393e-01
9.870340522473750600e-01
9.838815720645482932e-01
9.872871601696017185e-01
9.885515896928545043e-01
9.934832815337804046e-01
1.005512772095259022e+00
9.773246208377639466e-01
9.974679915609649949e-01
1.002553592787219783e+00
9.801603354092575104e-01
9.942071674037670226e-01
1.004455334272137845e+00
9.926984705019614719e-01
9.885056775116426442e-01
9.906358412864311180e-01
9.878969914001981545e-01
9.997291935754083481e-01
9.904285510585800756e-01
9.777688513371544099e-01
1.003707793977900442e+00
9.834597471538242264e-01
9.784601936245336251e-01
9.760654606957626100e-01
9.753118309812984776e-01
9.711665843143790777e-01
1.001641860323494893e+00
9.647224645211844862e-01
1.001080740149777659e+00
9.956099768903524661e-01
9.956547157369562973e-01
9.837251839172024281e-01
9.777574324777215109e-01
1.008823704927697351e+00
9.799891259967676849e-01
9.895210738018983543e-01
9.835707727069551431e-01
1.000354094793864723e+00
9.817737858171444731e-01
9.808677336070350528e-01
9.845020564446892442e-01
9.786058400606993946e-01
9.925218427408546429e-01
9.947514070841314560e-01
9.836482137340810672e-01
9.593471252575898056e-01
9.946700370443304351e-01
9.916790562274069298e-01
1.000032880816170922e+00
9.945642713090530052e-01
9.604347458407185290e-01
9.792739740146999550e-01
9.815595228676722295e-01
9.956302766703101215e-01
9.838004037268938129e-01
1.010894462947871109e+00
9.882245961840040449e-01
9.733206032796375418e-01
9.809006339421045828e-01
9.971862727991628317e-01
9.903303818364076472e-01
9.734008378943824757e-01
9.805286411948085368e-01
9.917408745872330345e-01
9.817370364711425212e-01
9.907970650966804183e-01
9.946824710097539324e-01
9.888423794529790367e-01
9.858306813750945530e-01
9.784853222007053875e-01
9.866975490489334755e-01
9.819193081378054799e-01
9.779169082318863726e-01
9.857769823271806953e-01
9.905826137176340085e-01
9.781717216589501662e-01
9.924238132798418599e-01
9.649216613019153677e-01
9.919090053115264816e-01
9.917795194519407609e-01
9.941330674167279113e-01
9.800042807337446815e-01
1.006373895131266627e+00
9.631415590320386855e-01
9.883367555447563069e-01
9.766247629839619471e-01
9.829564826521325349e-01
9.763905311017654354e-01
9.845551086859540835e-01
9.634560689236526532e-01
9.925705671109716910e-01
9.779242219416099946e-01
9.803244617497330893e-01
9.828573544463659051e-01
9.864705170428391678e-01
9.925118294554374776e-01
9.867948843201325149e-01
9.752878699476356106e-01
9.800419823682026133e-01
9.914427875415180447e-01
9.935802076458495335e-01
9.689308621247981756e-01
9.555914254190668311e-01
9.663827558800085482e-01
9.808168112187679588e-01
9.894207807029206103e-01
9.872054347258828466e-01
9.630795971382408727e-01
1.000438767134488538e+00
9.869054292455660127e-01
9.907255083922200667e-01
9.939146460294523422e-01
9.754638044554888587e-01
9.960882069941631167e-01
9.840949399503861050e-01
9.811869086882062385e-01
9.663562178891413890e-01
9.935697509604679567e-01
9.718619463113435941e-01
9.787318633105186461e-01
9.841313940688966033e-01
9.918882987655327499e-01
9.865316706291428206e-01
9.872030845448226399e-01
9.788941858665196616e-01
9.810770497313144878e-01
9.922182268146847450e-01
1.000000375191051782e+00
1.005062086479097117e+00
9.782780739221614841e-01
9.915183188219400812e-01
9.889109365420499786e-01
9.736708629562732531e-01
9.737788396289128734e-01
9.878492490893053812e-01
9.736832865959759165e-01
9.804148363845587300e-01
9.814705925280695631e-01
9.789738822245304117e-01
9.932076755736883866e-01
9.774945608911480566e-01
9.755684979103786958e-01
9.822611206469993306e-01
9.914776776961368165e-01
9.869437675726829839e-01
9.807361591990283456e-01
9.930244677753706783e-01
1.002260761168759062e+00
9.917627681191404365e-01
9.957098042075923638e-01
9.857726099357069227e-01
9.906550711651540553e-01
1.003813291523044882e+00
9.866568309365806311e-01
9.817944374302216559e-01
9.884567299404617424e-01
9.768468614952082740e-01
9.714860843211781116e-01
9.682057169796564056e-01
9.875987553437108879e-01
9.835256552390116980e-01
9.871080399302769592e-01
9.756198874356633022e-01
9.899596250634481454e-01
9.893688660333974649e-01
9.827955235588293759e-01
9.855975717860679941e-01
9.843777894948427809e-01
9.698426573778661242e-01
9.798819576222901340e-01
9.912887143860411587e-01
9.758156746351505095e-01
9.869265996583032052e-01
9.781993106376078995e-01
9.881427707769496749e-01
1.009383102899169105e+00
9.930134094924074617e-01
9.957221312660983203e-01
9.805391090939795662e-01
9.823520272312482593e-01
9.772522558669616277e-01
9.809161721495189834e-01
9.732567016022449780e-01
9.847824888444774993e-01
9.843512971569231551e-01
9.897031102119085988e-01
9.917847773774757236e-01
9.724355516943391509e-01
9.894736318032411049e-01
9.979750079034589438e-01
9.913645456130925071e-01
9.996573225223266412e-01
1.003067048996201693e+00
9.779216488157485010e-01
9.918930629365783069e-01
9.911111946128771111e-01
9.946942867524440901e-01
9.882063491201877881e-01
9.868054973849225142e-01
9.823197034421587981e-01
9.937027734724356298e-01
1.002638387776409346e+00
9.816788322985906534e-01
9.915284084308941814e-01
1.003942122388954639e+00
1.003907609110372690e+00
1.002581460616509990e+00
9.985642330578585746e-01
1.000320958902608748e+00
9.620751200729179553e-01
9.793792522330708739e-01
9.864162039749104771e-01
1.013889394134125599e+00
9.909766803751622888e-01
1.002295605512754539e+00
9.977275168928774196e-01
1.007023841627442406e+00
9.969811286577580089e-01
1.008007025731917805e+00
9.893235003017317730e-01
1.013463841589624437e+00
1.010057034614158633e+00
9.953805724604822824e-01
9.939052141715706279e-01
9.882989128074123331e-01
9.931934944198078652e-01
1.014929843176068935e+00
9.896188086702560893e-01
1.013873513689047767e+00
9.982129805758463981e-01
9.655993845923960262e-01
9.920332070311713712e-01
9.749381105149247384e-01
9.959316883494894190e-01
9.959568848410238484e-01
1.016628023834487804e+00
1.004046807395995611e+00
1.017502730875415207e+00
9.790849422501152199e-01
9.981657810130947217e-01
1.010273152742541702e+00
1.026883312862542086e+00
9.829899513398434596e-01
1.024071107209074682e+00
1.005302420142879294e+00
9.894218645985665139e-01
9.958548137425261570e-01
9.902146681633520187e-01
9.852538768260243884e-01
1.000037396136631784e+00
1.000771085180204301e+00
1.008142646837587808e+00
9.908073856934346280e-01
9.919230787355763912e-01
1.003447905696429165e+00
1.003585128727790821e+00
9.908960650277852666e-01
1.013942264787955905e+00
9.949136779383358498e-01
1.011614439563511381e+00
9.961293658729202249e-01
9.988710704188044076e-01
9.882015111304117694e-01
9.850942122245811561e-01
9.970657692762718849e-01
9.921848477619095164e-01
9.947037394717173076e-01
9.910340274629122481e-01
1.010411344620532281e+00
1.005879419525171237e+00
1.010931324768926887e+00
1.011364257224200314e+00
9.909120464814112905e-01
1.007743319463170639e+00
9.835494865031210177e-01
1.018399255506204915e+00
9.958577791169833660e-01
1.003852078246585400e+00
9.849262031478476231e-01
1.016019096558802071e+00
1.017816575807487967e+00
1.021420461067848784e+00
1.002111360344276392e+00
9.892150847402902958e-01
1.007550576210850979e+00
9.968856603931256499e-01
9.982245269107411501e-01
9.910209250307990825e-01
1.003281600688756159e+00
1.012238021480890371e+00
1.007827062842848731e+00
9.987389665452321985e-01
1.002876682548624609e+00
9.837325337799874836e-01
1.000096932719263698e+00
1.002850798327021620e+00
9.777473893271122485e-01
9.999345284979177517e-01
9.864507630840674279e-01
1.005817985473481224e+00
1.007381955624746972e+00
9.912906188019658948e-01
9.904776304597330272e-01
1.001096885422849914e+00
9.872272141794850020e-01
1.015125997042084283e+00
9.888482026218906595e-01
1.004161835769416644e+00
9.959209117499703279e-01
9.917898436833064713e-01
1.009004443198212586e+00
9.972461901971524378e-01
9.990641285371182345e-01
9.914131883223062935e-01
1.007999468521734610e+00
1.020318940416052644e+00
9.804354186188173337e-01
9.987344300741807235e-01
1.008041153426892933e+00
1.015108111201095120e+00
1.013188064353572893e+00
9.930958607633714186e-01
9.906896457239336984e-01
1.009181012235352615e+00
1.009964400340438440e+00
9.941049214276674872e-01
9.881819306762977817e-01
1.005091349596975769e+00
9.949428565255329371e-01
9.950560845515405983e-01
9.765755567084953848e-01
1.003750491708133241e+00
9.885106225783601985e-01
9.957081040478960032e-01
9.955578051276857687e-01
1.009069277717061341e+00
1.006573602392207611e+00
1.008591190195019305e+00
9.947409312476673815e-01
1.005258953074890993e+00
1.005301015058069680e+00
1.001038612940181816e+00
1.012973498372019998e+00
1.003071107927405725e+00
1.005459190355588950e+00
1.012091497745225999e+00
9.955087673463935971e-01
9.977627910700385128e-01
9.980791374113288095e-01
1.009428031589054697e+00
9.951137080609880892e-01
1.010536085745410428e+00
1.001286596269425289e+00
9.915862918431908035e-01
9.783062389813649284e-01
1.008919803438464768e+00
1.007808517935105730e+00
9.988427759366710346e-01
1.010841840161793792e+00
1.006092294662033870e+00
1.010930667084852574e+00
1.006067316823561208e+00
1.002201495603675996e+00
1.000225221603121106e+00
9.997502414503012247e-01
1.029777431047025349e+00
1.010802564608374920e+00
9.950807666089823700e-01
9.939738475377476457e-01
1.020146973920966316e+00
1.002387553061730108e+00
9.980957825795078175e-01
1.006717092568516270e+00
9.948930320951373529e-01
1.002542273565813824e+00
9.962548840704138486e-01
1.003806793738341030e+00
9.971178651404952742e-01
9.990394917572901212e-01
1.002440921815513475e+00
1.007348242717516662e+00
9.961232121693691655e-01
1.011504305937954040e+00
9.949685533245281599e-01
1.009076776809167519e+00
9.907369956927482013e-01
1.006663604578713178e+00
1.012491873540493525e+00
1.021541029511376930e+00
9.913546316878124598e-01
9.992360793031294097e-01
9.846616732068415034e-01
9.953052754810427505e-01
9.959522186990881210e-01
9.799981487214951548e-01
9.848163374467747699e-01
1.017642395578488790e+00
9.949752076941573709e-01
9.972288400232769412e-01
9.980601951885327283e-01
9.986146120303417417e-01
1.009946914225069214e+00
9.938151732331519383e-01
1.021599331063869354e+00
1.007648145108039683e+00
9.962742024073011349e-01
1.002657999971243274e+00
1.009410137980951028e+00
1.005780333994341413e+00
9.903613025020582272e-01
9.972747466264012539e-01
1.006107638874685239e+00
9.911245157865344879e-01
9.968472866218942574e-01
1.012802209926572106e+00
1.014733266383303745e+00
9.899747444935089735e-01
9.957345936958643673e-01
1.019118715103250139e+00
1.008717361198098406e+00
9.988987406545255521e-01
9.926126350554347333e-01
1.001115597383066547e+00
9.840798386224857142e-01
9.937693465851054064e-01
9.906097604441110871e-01
9.839821294847930222e-01
9.917279379972916420e-01
9.947574350284147382e-01
1.004659268386405957e+00
1.012500237942916215e+00
1.022008564819129051e+00
1.004352288706529261e+00
1.015161552691661306e+00
9.858772527047475753e-01
9.948686129558883540e-01
1.013123521660187265e+00
9.969780783446317018e-01
9.944027112285696024e-01
9.862901871778665397e-01
1.000690503871080494e+00
1.008285619358468610e+00
9.829469301212717669e-01
9.944220437640760579e-01
9.890114276406654081e-01
1.012834425563447605e+00
9.959375995618173771e-01
9.924825696518445595e-01
1.000320481241604442e+00
1.019678097434849162e+00
9.917175869777524744e-01
1.000815748149609608e+00
9.917369984895821888e-01
1.027200542913170311e+00
9.836580078715420061e-01
1.019534207858207697e+00
9.879363901624700350e-01
1.007097078391180567e+00
9.991162421805651617e-01
9.971634567318888864e-01
9.922933196201075834e-01
9.952703429354871068e-01
1.010581855049180744e+00
9.993514967120551429e-01
9.889226691616992415e-01
1.012436534880107875e+00
9.947270079642018814e-01
9.951682060614543968e-01
1.010412946632861075e+00
9.962203775597269217e-01
9.916567289463877888e-01
9.992738470341950840e-01
1.006166598638669418e+00
9.993488938601928773e-01
9.894307371656821948e-01
9.960059725692883559e-01
9.958567789014896032e-01
9.821119518591872044e-01
1.012654904048337468e+00
9.930467240686822183e-01
9.980560929144016713e-01
9.985451175685425840e-01
1.002049065734434308e+00
1.004154885628476768e+00
9.984313666678024113e-01
1.000388565959993370e+00
1.010757029686135677e+00
1.005130515225024723e+00
1.014921230128759566e+00
9.752263839713332105e-01
9.881168607875481236e-01
1.005605214825849414e+00
1.016134864561822448e+00
9.927829992497518852e-01
9.899013038418755794e-01
9.885387380929826495e-01
9.920598801698891078e-01
9.889630189909568436e-01
1.008292071755854113e+00
9.964290341772800152e-01
9.932098958783321940e-01
1.000503895613781280e+00
1.005506639441146266e+00
9.910864279756376183e-01
9.850820466977241452e-01
9.997981561805818762e-01
1.000700969029681975e+00
9.926906208817698474e-01
1.008630602325482961e+00
1.017926878181496964e+00
9.985180978690766374e-01
1.000691705454684444e+00
9.889439176915230112e-01
1.006252569805202723e+00
1.001741628565210096e+00
1.009788024960173392e+00
9.982320844890314460e-01
9.880032876028799205e-01
1.011518112023473082e+00
9.914142091527737843e-01
9.982958064503114626e-01
1.013248460706643206e+00
9.943482066017644838e-01
1.018554437668837576e+00
1.005518201073762663e+00
1.002573958353369932e+00
1.000988170824962165e+00
1.006156839491912702e+00
1.017580686278931168e+00
9.908474382045171502e-01
1.000721281462549461e+00
1.008825546849100085e+00
1.000367130818147654e+00
1.002520845547539396e+00
1.005263301857264313e+00
1.005663665701118425e+00
9.919245079563528966e-01
9.895117915257134467e-01
9.893630375951641964e-01
9.940829161757400723e-01
9.922023680846742133e-01
1.013526727723204512e+00
1.008368748447766583e+00
1.017502262168523908e+00
1.002954511906313462e+00
1.012837276106381301e+00
9.995992338293280266e-01
1.001385216848669657e+00
1.003301421741539246e+00
1.006068031954689745e+00
1.001277441235768118e+00
9.946399676974257975e-01
1.018848283584110614e+00
1.015315648174556884e+00
9.952609650278193554e-01
1.000357054298354864e+00
9.969791514093794271e-01
1.009045005680209162e+00
9.845257668562683584e-01
1.002586916264946559e+00
9.998215690330046757e-01
9.926846700411267044e-01
1.003079927982809760e+00
1.003414085729970262e+00
9.876113833311399581e-01
9.905467398570976245e-01
9.998195769467629335e-01
9.951799285719665766e-01
1.018038601520477648e+00
1.002915357696589904e+00
1.002074570804256437e+00
9.941477192124968942e-01
1.003845008780073433e+00
9.983533116647996808e-01
1.003463029300216913e+00
9.898816642770926766e-01
9.914143456208339700e-01
1.007873092894662870e+00
9.882904524908010524e-01
9.956517522576201484e-01
1.009600805019583269e+00
9.992751464572928732e-01
9.833876785311631563e-01
1.014228393766831271e+00
1.011258996770181273e+00
9.805301394657881531e-01
1.001423466901251169e+00
1.002800781171061750e+00
1.002797157090191016e+00
1.005345493430529702e+00
9.912568552792770937e-01
1.011243562769710946e+00
1.002523393189047818e+00
1.003734453763905465e+00
1.005457772239416903e+00
1.003929522168152788e+00
9.936909553368993286e-01
1.008071543831250860e+00
1.002775611184494986e+00
9.978237041907522809e-01
9.763932201495317820e-01
1.008266574324234055e+00
1.002548130133890991e+00
9.923596078908994977e-01
9.977077367872475566e-01
1.011751402912568931e+00
1.005036764731764398e+00
1.006385157277313036e+00
9.889143735069677588e-01
1.004553294465755364e+00
9.989051968878059906e-01
9.804351565150908332e-01
1.010696072260310441e+00
1.016790341121685204e+00
1.003655239043485858e+00
1.021800000609098813e+00
1.009640214415306048e+00
1.004330902847143436e+00
1.005212052094202724e+00
1.004289139581875601e+00
1.004528602111483870e+00
1.021168544221964458e+00
9.884822093486854699e-01
1.015673400041669172e+00
1.004574391900160180e+00
1.011034927607819434e+00
1.000525883319816289e+00
9.869874317915684481e-01
1.007292439309544152e+00
9.954891612008663904e-01
1.000168778966096239e+00
1.002736339533450316e+00
9.973898998724927134e-01
1.004788135606009991e+00
9.947349556771927226e-01
1.017221383495162668e+00
1.006973673424025106e+00
9.953533379342432985e-01
1.005860301275079749e+00
9.984827095980993716e-01
9.975933145930948598e-01
9.948261890168914601e-01
9.991176696225843035e-01
1.009019916314710441e+00
1.011521847930665574e+00
9.901850556316592611e-01
9.870196993425494059e-01
9.887505265166508517e-01
1.000498643134593690e+00
1.005195726063710104e+00
9.925447313941196947e-01
1.005822114657096256e+00
9.943281317912833206e-01
1.008432641068232494e+00
1.010758294838659532e+00
1.001473581510383459e+00
1.002696966821834845e+00
9.993353882932305421e-01
1.003956253163186707e+00
1.009447323919156814e+00
9.967149525481996397e-01
9.977866698066004680e-01
1.003988038020936058e+00
1.013541038306715825e+00
9.969771057344755105e-01
9.891964130040415970e-01
1.000613943297209651e+00
1.005918953341516264e+00
1.005095709657981340e+00
9.838016892403044222e-01
1.002102248874569002e+00
1.001384328227827858e+00
1.016671397562479262e+00
9.840535779405469308e-01
1.012674097537156870e+00
1.001982352802575305e+00
1.006729568658459195e+00
9.824983023266496973e-01
9.876298537207695016e-01
1.007617263297096333e+00
9.912963162182021337e-01
9.975744962066194210e-01
9.956373869107697505e-01
1.006074571763609926e+00
9.966572704172181885e-01
1.001020688314713691e+00
9.874008377737171216e-01
9.963123596691702000e-01
9.916640390053133025e-01
9.735206632703962137e-01
1.009141799321993327e+00
9.918715167047634784e-01
9.980985343951593869e-01
9.926095761833777509e-01
1.013424289224057917e+00
1.011488198911126402e+00
1.013894253271511392e+00
1.004447963372668839e+00
1.000292812694110411e+00
1.001827136071814950e+00
9.802626622191278338e-01
9.917768965607756115e-01
1.000087926732258437e+00
9.954332645281734893e-01
9.939847680396197704e-01
9.988323789130790775e-01
9.839760798778967033e-01
1.014500804240020981e+00
1.002086015485637249e+00
9.932093100947203546e-01
1.016076321043722475e+00
1.007957460667832095e+00
9.882448132032355392e-01
1.007756276903088333e+00
1.010644147207343968e+00
1.006257439386566643e+00
9.812552457078994594e-01
1.010819999263841584e+00
1.000381257223720288e+00
1.008877264571111709e+00
9.942220930785152788e-01
9.953481379396489359e-01
1.006268184426053924e+00
9.929861546804154004e-01
9.981054059723791783e-01
9.892538978756142409e-01
9.832680431365803386e-01
9.974892433532503988e-01
9.925964085722105423e-01
1.006620952266690017e+00
1.002535414596709362e+00
9.942888134666139077e-01
9.998361137116567043e-01
1.009037018163542854e+00
9.846769254981101449e-01
1.002666170931844958e+00
1.010512930399013687e+00
9.919401994519025934e-01
1.019006342454738645e+00
1.010426859087662388e+00
9.873181589380505274e-01
1.003979149917433533e+00
1.000955592800606198e+00
1.003627708627564230e+00
9.898828004458429808e-01
9.994195945095583067e-01
1.006586170136484215e+00
9.833525674364937963e-01
9.850585310366581915e-01
9.999517072933651329e-01
9.917577423110751633e-01
9.933201825935037421e-01
1.007285701556839719e+00
1.000679960429080806e+00
1.014155779718722616e+00
9.965304293163038674e-01
9.889767175160290025e-01
1.000708951582397699e+00
9.955145357810891715e-01
1.005259155477144617e+00
9.984164469574378087e-01
9.926597706578110802e-01
9.957913536304968671e-01
1.009177901171749658e+00
9.926340510502469350e-01
1.004633832124793846e+00
1.001747652273242029e+00
1.012714739033265365e+00
9.973438724495065077e-01
1.001075810126887289e+00
1.003860160371925936e+00
1.007437294701721830e+00
9.995302642194606735e-01
1.029970856943998925e+00
1.002592967129405599e+00
1.006068163531362636e+00
1.004719149745284312e+00
9.971851078862906670e-01
9.974041333908352236e-01
1.018106535610518115e+00
1.021992013395573329e+00
1.018152596580027769e+00
1.017332500851114485e+00
9.947710407956110723e-01
1.004747858480340428e+00
1.015637261452546847e+00
9.879508997087395050e-01
1.012197849868535338e+00
1.003520510061530757e+00
9.835371757754849398e-01
9.858116690420886119e-01
1.004451385394866669e+00
1.001613535456341353e+00
9.994974873621331746e-01
9.916678319855534163e-01
9.996724202722695463e-01
1.010180495762045494e+00
1.014310523242829332e+00
1.002181132037930356e+00
9.935140885090101293e-01
9.906491649064657068e-01
1.007578327165176812e+00
9.998612218750164704e-01
1.007228653099383031e+00
1.003099725089976690e+00
1.013319560309798195e+00
9.959735362085234689e-01
1.018012290126488528e+00
9.998908573516256393e-01
9.972859660409515437e-01
1.020124827054258443e+00
1.000184140971370539e+00
9.893289602589386833e-01
1.009893234914709392e+00
9.939103469161816307e-01
9.930740948751062280e-01
1.026401272405772058e+00
9.949690959781843924e-01
9.893429532453971165e-01
1.001861273557209442e+00
9.800481919816035337e-01
9.920120041848142778e-01
1.009043473876655828e+00
1.006668896796579338e+00
9.862978198155110121e-01
9.954066937383378999e-01
1.010217759089581113e+00
1.006273244054013638e+00
1.000366854083571067e+00
1.003546224537715137e+00
9.975484735946121839e-01
1.002615491118499680e+00
9.965517926082082534e-01
1.002327544717383390e+00
1.006137900109556060e+00
9.984673269764390291e-01
1.014885598257761590e+00
1.007345281864838737e+00
1.011598692870179450e+00
1.001991033959592547e+00
9.947057341202355518e-01
9.930402736932443242e-01
1.018138125466184762e+00
1.004495446492829513e+00
1.010579422602397859e+00
1.009885220759934477e+00
9.891402741189069259e-01
9.960444764212541546e-01
9.966559752951211770e-01
9.924394421131125243e-01
1.004939054749517613e+00
1.005106920002867277e+00
9.819288306283481260e-01
9.874154824776889550e-01
9.943365882861366911e-01
9.963455315741086560e-01
9.865669874016532725e-01
1.010280840920221523e+00
9.850721583714401319e-01
1.000460215453107482e+00
9.872287573750330170e-01
1.001150035529188909e+00
9.999502453402533408e-01
9.904588538790605190e-01
9.938603530135307063e-01
9.947429520345781873e-01
1.001617894646473328e+00
1.017485758316947653e+00
9.716152488227405293e-01
9.934396328559510492e-01
1.011828834355602558e+00
9.984581693869418739e-01
9.998577733786747634e-01
9.959873499613017822e-01
9.776607598622134576e-01
9.953028192217099335e-01
9.928658278112431068e-01
1.017120080445013564e+00
9.768715855549311433e-01
9.976510102307086791e-01
1.003839526514271885e+00
9.936181792092433351e-01
9.906940426301356073e-01
9.988119094364831252e-01
1.017075651750540599e+00
9.875745266410361767e-01
9.991249595903662906e-01
1.015874909399602455e+00
9.870584809020904737e-01
1.005977971549561145e+00
9.982943331356505245e-01
9.833691325307072351e-01
9.985366124493652018e-01
1.000009605810241009e+00
9.916660350576265159e-01
1.004137043276566388e+00
1.001611829294748679e+00
9.848821158182957669e-01
1.014023451722841695e+00
9.973356624615480337e-01
1.025189797165529937e+00
9.928360426936648775e-01
1.015664349401678379e+00
1.003619949865774519e+00
9.976613170016112031e-01
9.973276511147197709e-01
1.004474716475789231e+00
1.014086764942064178e+00
9.959869753177260643e-01
9.812014512763314045e-01
1.000990740300890636e+00
1.001596746344403988e+00
1.003458766121108292e+00
1.006846201775994931e+00
1.002064733091113435e+00
1.006265352894627485e+00
1.005846043067167850e+00
1.015566470233387975e+00
1.015062317721123097e+00
1.003921591292419091e+00
1.011864411143688081e+00
1.002551833924910207e+00
9.948620617959437196e-01
1.015130726788155302e+00
9.899543571476340231e-01
9.970062697412245267e-01
1.002807013462468921e+00
9.912551600545025376e-01
1.010676710507010911e+00
1.012402773387334420e+00
9.869457179202965058e-01
1.027247231074162936e+00
1.014485411342200605e+00
1.002114691014957426e+00
1.011888506836022605e+00
1.032535388929518350e+00
9.953895813674029647e-01
1.010108288433724910e+00
1.001580429245279014e+00
9.896177906712576577e-01
9.958537411494705616e-01
9.964883791920305933e-01
1.002749703421882632e+00
1.007595367197254399e+00
9.883403851072384283e-01
1.010395224943237524e+00
9.747249821689785154e-01
1.011455851249201343e+00
9.899639838353302412e-01
9.879788708846580780e-01
1.005977477751007321e+00
1.008141356028903202e+00
9.955217379134666533e-01
1.009214386225310678e+00
9.901052929539853054e-01
9.832560171932155368e-01
9.931312684239037569e-01
1.006691847122288541e+00
1.012217863757702396e+00
9.905314971530183588e-01
1.004524218619565312e+00
1.002570158258033084e+00
9.980890395844402851e-01
1.000709477371615419e+00
1.013043057808525216e+00
9.927122776758893208e-01
1.000523350798064426e+00
1.020234406400996496e+00
1.001545130598656019e+00
9.877864819781306815e-01
9.991128052783158076e-01
9.928108250092740894e-01
9.903628354380551446e-01
9.968420223295056948e-01
1.025996666932357693e+00
9.955006563397562624e-01
1.000237484912191777e+00
9.974806441848544925e-01
9.985941403984326392e-01
1.006204438888399721e+00
9.987906358673612761e-01
9.760355469752801660e-01
1.019875294401613841e+00
1.009948418137108117e+00
9.892804455117054641e-01
9.887665074140702393e-01
1.000142200663612257e+00
9.929888027291207120e-01
1.009868420168140268e+00
9.862504047131351870e-01
1.005427470494232534e+00
9.979113999721738182e-01
9.981743895571585368e-01
9.910852952848899777e-01
9.958025837148837267e-01
9.879037894912192641e-01
1.004283905481177852e+00
1.009071242394599999e+00
1.007917169369610955e+00
1.012408640674522520e+00
9.996561581674455743e-01
9.909313353481360442e-01
1.009048212680483392e+00
9.981184664859754641e-01
9.877386523813855845e-01
9.987066528518353525e-01
9.933117548518273221e-01
9.975495944768852929e-01
9.916321648226316121e-01
1.000085028840851153e+00
1.005454414512172212e+00
1.007684429244806834e+00
1.013214586367689130e+00
1.007239630557435373e+00
9.963067302391988012e-01
