# data in one-minute intervals
1.000896387325541204e+00
9.662970939162358608e-01
9.791912736829296859e-01
1.012406843670885959e+00
9.624428241159452835e-01
1.013720589226118740e+00
9.781208431615222576e-01
9.723345071993236832e-01
9.880086909870416934e-01
9.784040014461169443e-01
9.903447359803208006e-01
1.024411181233388923e+00
1.016250854339783238e+00
1.007286026500468834e+00
9.944436494638074775e-01
9.775145558989718486e-01
1.025023151899288498e+00
1.016288585772474384e+00
1.009887014571684061e+00
9.761189350007706267e-01
9.889563529148328591e-01
1.006279870785985686e+00
9.482601805301863473e-01
9.808881807185673152e-01
1.032415417155429171e+00
9.879499107973794825e-01
1.020201153054169474e+00
1.001187709565103834e+00
1.020772728375799687e+00
9.886818930885001855e-01
9.713517289356521367e-01
1.010949068931636052e+00
9.815596468622016513e-01
9.710268680389609885e-01
9.810519584000598758e-01
9.963313312213328832e-01
9.627874860627227971e-01
1.023420933593550242e+00
9.988435607312531328e-01
1.004529367444112475e+00
9.963776459400316421e-01
1.011903854247558021e+00
9.884499438973749497e-01
1.029095504982817211e+00
9.895568257035407544e-01
9.802128821235333023e-01
1.012358809683053806e+00
9.920452342333885287e-01
9.985260913782875170e-01
1.014318493396091814e+00
1.012993831248783394e+00
9.963946067195285083e-01
9.948888463898263312e-01
9.885692665018168679e-01
1.000946285212642950e+00
1.005184245990498493e+00
1.011541472780826290e+00
9.857433048930536179e-01
9.886425047190380289e-01
9.865566207574956170e-01
1.023335394790136021e+00
9.923869056291173552e-01
1.041564652815016645e+00
9.941336235707409763e-01
9.863759093398548616e-01
9.762726199261483329e-01
1.016982329365667237e+00
9.726313140417798264e-01
1.010265787243778357e+00
1.011896271077351583e+00
1.026866230253123069e+00
1.016446318296395201e+00
1.005158933446227643e+00
9.673516747343755551e-01
9.862432555462201655e-01
9.871023512114607268e-01
9.999933328381259701e-01
9.787255442595674815e-01
9.994112379097568333e-01
1.001533747135367358e+00
1.052672909577726745e+00
1.027159383077004495e+00
1.012668358015947234e+00
1.013400246406402916e+00
1.017762686712360809e+00
9.888659355168204490e-01
9.712931705421158357e-01
1.020628016373490876e+00
1.034519834777472003e+00
9.932495725140058074e-01
1.055629989640358257e+00
1.004608252849637617e+00
9.667476409645597846e-01
9.948891951543958889e-01
1.003429774961211995e+00
1.001363324642838171e+00
1.068952807048881626e+00
9.742687070139069982e-01
1.009412353258249073e+00
9.815156821119833674e-01
1.007633832966564391e+00
9.936962312996272528e-01
1.002616399618021736e+00
9.679305565023424984e-01
9.948806313171899562e-01
1.000795159433231607e+00
9.589439025046020415e-01
1.020162454675654029e+00
9.997055017345994887e-01
1.004419271452190676e+00
1.006317852342201613e+00
9.804235082976274773e-01
9.792072187403273453e-01
9.915426515399179408e-01
9.814114577889463398e-01
9.902915512484423699e-01
9.776085813217834097e-01
1.043621673413326123e+00
1.052246555179471077e+00
9.539049556103247340e-01
1.010668441757625713e+00
1.013039366564665311e+00
1.038353439304982917e+00
9.829334890100555056e-01
1.024212930748583439e+00
1.004110452876330051e+00
9.739387938270674949e-01
9.553779693431344588e-01
9.707312940418104663e-01
1.005954208734906263e+00
9.938720276614473326e-01
9.607461860495618566e-01
1.010469300041387797e+00
1.001624121193893879e+00
1.011055061593777449e+00
1.006525357102950657e+00
1.029420570000293855e+00
9.797401892960517777e-01
9.765348228137873399e-01
9.709775647529413911e-01
9.783395818382859543e-01
1.017061958712310865e+00
9.785421594297079029e-01
1.037486813278249986e+00
1.005366415496280919e+00
1.002906818192656591e+00
1.007795497767704163e+00
1.015830432936088323e+00
1.002914702039692907e+00
9.906239757489307962e-01
9.859719678502649742e-01
9.890807000100004798e-01
9.982865565537932806e-01
9.961302318740078432e-01
1.052731792526405252e+00
1.013851052312386702e+00
9.953734277074600678e-01
9.738036233795535068e-01
1.026388304453862199e+00
9.715075398401644691e-01
9.821052530023475224e-01
1.012517987303896305e+00
1.002688300753298289e+00
1.010461165429942021e+00
1.014327052095008952e+00
9.898709227698893054e-01
1.012522332886088394e+00
9.881818135117471646e-01
9.674253427673156214e-01
9.733241149753116828e-01
1.008040599303196228e+00
1.011722391645839991e+00
9.890896975972188754e-01
9.855413512317510172e-01
1.021063885477837552e+00
9.775291004170633125e-01
9.928365495785836936e-01
1.003461451645109026e+00
9.808325090935265944e-01
1.032081630057007926e+00
9.972177122321196352e-01
1.000126194657824596e+00
9.962108934511824110e-01
1.013853028050525573e+00
1.043839327248921034e+00
1.010715295981502670e+00
1.018267079499989736e+00
1.008794585868748817e+00
9.958915194060237175e-01
1.002384277972422799e+00
1.006534379610360963e+00
9.889879082273360655e-01
1.043152220523352103e+00
1.012327825201240428e+00
1.025274072456652030e+00
9.775448577791895355e-01
1.010102762844068192e+00
9.998643902323610666e-01
1.018465044491561278e+00
9.867188646755370440e-01
1.013936501804904022e+00
1.013441667416481895e+00
9.906321936841385734e-01
9.820399850532953723e-01
9.735934388931032357e-01
1.002045524576592905e+00
9.772079082570837016e-01
1.021685786908447247e+00
9.976583464319643824e-01
1.011083602801935655e+00
9.756686338397270175e-01
1.023988517416162036e+00
9.968640728474238433e-01
9.616868890827678928e-01
1.015767171412264247e+00
1.021463616296662824e+00
9.916304522908347963e-01
9.920047486137978376e-01
1.046219831331826944e+00
9.891765231343762066e-01
9.904422681922835370e-01
9.832043275955053563e-01
9.909114658306665824e-01
1.024228692026422749e+00
1.005094442483560391e+00
9.820242532207374975e-01
9.953897555362694050e-01
1.009711217066262767e+00
1.008647761768624918e+00
1.032268791315752665e+00
9.762132606995826967e-01
1.009883840666286225e+00
9.928869557822551650e-01
9.949065484713308649e-01
1.002173250398985527e+00
9.871243382697935109e-01
9.843650276226212359e-01
9.986453364228824459e-01
1.021349265121499927e+00
1.003707813568271323e+00
1.013190779152028043e+00
9.846630813874640564e-01
9.612468420371369504e-01
9.965043477336401612e-01
1.028870446808370920e+00
1.031394372161119843e+00
9.779096411120462573e-01
1.003083773692320824e+00
9.962766779911090831e-01
1.025935857175736432e+00
1.017944232612149280e+00
1.002299936597856655e+00
1.013081335377683523e+00
9.907188291424871007e-01
1.007923083943069509e+00
1.014348453165450081e+00
9.906043536809799877e-01
1.022160128935690304e+00
9.997307493471939699e-01
1.019493341055629720e+00
1.002788729141100621e+00
9.657828720888728125e-01
1.020875678220052318e+00
1.001899049362342309e+00
1.006413467466826583e+00
9.861727579344351513e-01
1.023113243445774367e+00
9.755777605455011603e-01
1.008494382343057660e+00
9.842127876948181253e-01
9.965362354970618286e-01
1.019984868485143803e+00
1.006459321569929788e+00
1.003202344434522608e+00
9.910974597180426393e-01
9.851697960541582200e-01
1.016417848411286684e+00
9.839601918697403748e-01
1.028209248975712642e+00
9.874077478119902551e-01
1.003058540247748098e+00
9.753642383651655035e-01
1.004766395217327357e+00
9.835693899127246898e-01
9.958339803137968849e-01
1.008940127533067832e+00
9.961607667513340258e-01
9.816583231991363734e-01
9.930525730500758819e-01
9.950887435460342711e-01
1.000618739677464175e+00
9.964366821928214435e-01
9.895938148147631619e-01
9.910821419584536773e-01
1.008376240953821057e+00
9.616930754765685707e-01
1.008892127166564956e+00
9.894682556368709081e-01
1.027095439176360259e+00
1.003822692384941373e+00
1.004176838370669289e+00
9.898209980409697906e-01
1.008520876355368134e+00
9.399242631056414776e-01
1.002498969409767904e+00
9.932147297627534899e-01
9.912881665725660207e-01
1.017226255383825162e+00
1.012304654417588878e+00
1.009177838912074243e+00
9.977219193316407830e-01
1.001282688944731047e+00
1.004078302724566329e+00
9.845661302983227392e-01
1.016018492584126465e+00
9.928409264464076456e-01
1.014988479501562235e+00
1.021552863954630075e+00
9.836259824467534774e-01
1.014167439242164681e+00
9.919924183606121382e-01
9.836354970321770086e-01
1.014123636970262421e+00
1.028416352638098941e+00
1.024764056807620616e+00
1.010386756721497248e+00
9.827514520435182144e-01
9.908549678069962230e-01
1.021801365402119632e+00
1.004228649007238294e+00
1.014113889958651704e+00
9.771066791328427703e-01
9.861334505172051346e-01
9.970603300850144901e-01
9.965567080838098057e-01
1.001258490059409256e+00
9.709031283298249493e-01
9.700271326340015321e-01
1.005299999628870733e+00
9.710049125300321826e-01
9.740656014324582390e-01
9.951238608580307288e-01
9.769246979823952293e-01
1.029877288788447753e+00
1.056685484246231876e+00
9.791617375971032322e-01
1.018131543596857425e+00
9.835568783234138746e-01
9.770285518723861307e-01
9.615646240323892924e-01
1.004692435308241594e+00
1.011469723566907009e+00
9.730846612550296815e-01
9.668005087629485406e-01
1.022609853170855176e+00
1.009166264015589176e+00
1.025096350896544273e+00
9.678208571495610091e-01
1.004340660942267593e+00
9.712214379491387328e-01
1.015831816013808009e+00
9.788628640018282034e-01
9.967098917409766834e-01
1.013432477107579999e+00
9.956453816239495547e-01
9.818731547320423969e-01
9.815475075846370467e-01
9.881598492504645170e-01
1.012796172421999374e+00
9.819990573910447607e-01
9.989436113660148386e-01
1.001502801330687475e+00
1.003141094810741762e+00
9.968506638794595309e-01
1.000209409350416578e+00
1.005668540867880933e+00
9.998861625163188993e-01
1.026465920444127766e+00
1.016995863548051160e+00
9.691428065567190275e-01
1.020696833326089514e+00
1.033091889632582028e+00
1.015402832479446626e+00
9.532214639160192515e-01
9.921295506543729159e-01
9.930749100443457822e-01
9.627212434164666988e-01
9.654754866155152992e-01
9.816886014969474772e-01
1.004290384068222020e+00
9.984657292952566765e-01
1.023041387038827965e+00
1.029631981734319135e+00
9.858440533199218647e-01
1.028074189433090480e+00
1.025581799032185160e+00
9.904133939893478011e-01
9.700411908322263965e-01
9.842036619132059627e-01
1.012309009142594807e+00
1.025556860855186159e+00
9.890225110905908057e-01
1.008803464347052481e+00
9.682183655003759881e-01
9.740197916604732553e-01
9.965529845642022710e-01
1.017837547778046359e+00
9.840236925592324990e-01
9.766800845622278793e-01
1.003324864662554772e+00
9.827362992330435087e-01
1.016809106429554799e+00
9.878009511679379795e-01
1.009650111250085969e+00
1.015953369669691408e+00
1.052333526966738653e+00
1.015331022863607213e+00
9.729944253418024713e-01
9.766504435031537756e-01
9.981992361248845924e-01
1.010125708014842250e+00
9.985630856004662492e-01
1.024106886186015863e+00
1.000218581704543030e+00
9.802671868330969929e-01
9.866683329730624452e-01
1.012850014882417993e+00
9.846519511330896757e-01
9.966268380707459240e-01
1.004716903163868968e+00
9.921267071255460701e-01
1.025294474999683070e+00
1.004432244224544579e+00
1.001916096337586159e+00
9.916051385235626903e-01
1.006501503044196610e+00
9.893342333336938577e-01
1.029812071031907861e+00
9.801201733004607508e-01
9.820723073901612699e-01
9.970316456068766264e-01
9.949520116375334400e-01
9.955827007149151697e-01
1.001284664662994928e+00
9.973742963650847893e-01
1.039880889442204026e+00
1.007303377353989005e+00
9.917091906824794245e-01
9.998317695078245970e-01
1.017647000019342496e+00
1.001985208544783568e+00
9.986561315152034934e-01
1.020778293141273441e+00
9.803315698655056254e-01
1.017995647660564718e+00
9.933197169665859416e-01
1.009295994488622172e+00
9.864020506328817772e-01
9.815363987854356376e-01
1.007994758987425188e+00
1.019574788868800264e+00
1.015959868480864170e+00
9.975981237123101586e-01
9.819544968761712012e-01
9.795618381424383569e-01
1.037282179190662790e+00
9.916351719009840471e-01
1.028911998473887701e+00
1.043787744184019095e+00
9.957901413913052835e-01
1.004533002495496818e+00
1.018040828316864044e+00
1.017467305619489615e+00
1.007275391944377541e+00
1.015375671348222930e+00
1.002886779621741997e+00
9.673179083391182376e-01
9.995625346292027480e-01
9.972765318817202740e-01
9.955045753177728107e-01
1.001094951435268499e+00
1.036978735963958176e+00
1.003241048073301611e+00
9.959372877198839902e-01
9.918110441819409928e-01
1.004778583080179422e+00
1.017481111952513562e+00
9.741499706441320017e-01
1.006612158772223875e+00
9.991617435980022499e-01
1.008890135296821144e+00
9.941554147346620685e-01
1.006158512340396660e+00
1.004242276994846028e+00
9.734017283199049020e-01
1.002470291309388806e+00
1.012458799283399546e+00
9.800822992355545660e-01
9.756217605494913458e-01
1.022458120809665250e+00
1.018749579729011145e+00
1.001331780216975664e+00
9.842961535910280668e-01
1.016389843623146660e+00
1.008244434436834647e+00
9.861618784490191469e-01
1.036439727842414893e+00
9.847715435206571000e-01
1.007437233692654033e+00
9.992385795336835574e-01
9.869364101629153341e-01
9.966868982082132122e-01
1.009830604772228080e+00
1.018113027916519586e+00
9.896644554540691141e-01
1.007034296696067033e+00
9.954398082964159844e-01
9.670536000581342329e-01
9.978471553484059564e-01
9.934885114763349900e-01
9.989305139547923762e-01
1.024678658324860159e+00
9.869357177226409927e-01
1.002113287310347767e+00
9.992708154829047507e-01
1.000743417628662257e+00
9.975463751531670198e-01
1.014003231213522316e+00
1.013383502253563329e+00
9.967352558629267723e-01
9.808202659581440885e-01
1.035180786194495051e+00
1.020707606822123248e+00
9.882563946050172410e-01
9.717133818980749904e-01
1.019842244505152262e+00
9.765558547402392042e-01
1.004446036714217838e+00
9.958375497456032344e-01
9.956209560764790467e-01
1.013315728194336351e+00
1.007567877508269039e+00
9.785963882303281292e-01
9.784736370230054936e-01
1.022925257909777619e+00
9.831860077669135611e-01
1.006937991366313012e+00
9.704886769843431571e-01
1.004863631625588338e+00
1.016580493625739656e+00
9.934114068828541200e-01
9.950903140631609523e-01
1.023805457073119651e+00
1.008116004533807120e+00
1.004421917241863360e+00
1.000072414092244788e+00
9.674605945404854968e-01
9.930122025353580462e-01
1.026909178538605527e+00
9.793668942063215033e-01
9.939524179849171803e-01
9.946538259178747676e-01
1.008081695426908286e+00
9.792221567831624895e-01
9.494248754856425832e-01
9.723246052194517430e-01
9.986156382708374357e-01
1.011125544897000683e+00
9.904130837052386171e-01
1.011653872823286671e+00
9.927980478039782897e-01
9.928285653042494552e-01
1.038298291350356894e+00
9.940497658032609873e-01
1.021357775553909830e+00
9.856709228492169794e-01
1.011231772300396292e+00
9.794526064133239895e-01
1.014092483301402670e+00
9.792042641038820605e-01
9.830854223402348824e-01
1.007966565841805107e+00
1.005608160200421652e+00
9.996932726073373132e-01
1.004752111073812904e+00
9.772817641577845604e-01
9.676449451975321914e-01
1.000972583387643278e+00
9.999665560386166163e-01
1.012535448432113627e+00
1.001450685919665018e+00
1.007848996921262064e+00
1.017417720276914794e+00
9.851069345976626312e-01
1.004988845788447049e+00
1.008558349771873974e+00
1.016652708623689172e+00
9.994395980868853169e-01
1.010847898378021803e+00
1.031979236530175648e+00
1.018094719927033598e+00
9.935486494395503465e-01
9.852151732502097969e-01
1.008187254913383457e+00
1.010151590702505819e+00
9.732393905805154510e-01
9.711671168000199916e-01
9.541762540572342743e-01
9.989790608024018415e-01
1.041792892106377044e+00
1.027545646583139183e+00
9.969678031321529410e-01
9.952835377643076686e-01
9.961483979969616431e-01
9.852006797506371871e-01
9.859450164329445210e-01
9.840836454039983971e-01
9.986245420279716845e-01
9.955176900250320982e-01
9.968927800560719588e-01
1.003598987279806787e+00
1.008789705708394990e+00
9.529055156171925001e-01
1.010800247079093772e+00
1.015158537585708176e+00
9.926706737547943415e-01
1.002780443867782534e+00
1.024906612594427946e+00
1.005428890571098188e+00
1.028656904937335970e+00
9.714762299696109160e-01
1.011304403926376327e+00
9.653553520777363728e-01
1.035690457455068936e+00
1.010009418504398404e+00
1.005618686252699456e+00
9.882364944070723967e-01
9.807829863781847290e-01
1.014440620826835726e+00
1.023479696856929300e+00
9.925740972648893212e-01
9.918468633639457854e-01
9.789080250426841490e-01
1.015237115104570709e+00
1.008058714807804845e+00
9.919439147174694549e-01
1.037504936496177921e+00
1.005776781208676196e+00
1.016147268002614013e+00
1.035310295093484934e+00
9.874037876230810085e-01
9.638595655238068050e-01
1.040216141742583034e+00
1.005174776175197682e+00
9.772910608781837372e-01
1.013719362029054549e+00
9.811170091858787412e-01
9.678542230848342642e-01
1.001405361792347959e+00
9.976626415543956572e-01
1.010063309438782531e+00
1.008626578298216669e+00
9.803329521306072269e-01
9.798077442937611625e-01
1.015916860272179312e+00
1.000088673712392406e+00
9.940113226847380190e-01
9.902292596367104904e-01
1.006093910578318651e+00
9.930306813551282863e-01
1.010143299298886133e+00
9.654087722366810898e-01
9.884641282855165523e-01
1.012685849778690583e+00
1.024067078822477939e+00
9.658497437634612215e-01
1.017596666621290558e+00
9.817422039940207901e-01
1.007002600069901721e+00
9.718422406094429089e-01
1.012489869907301276e+00
1.004311176401809780e+00
9.553864712082341670e-01
1.001983730903091230e+00
9.946189324818482946e-01
1.002108292574925841e+00
1.022023924698998609e+00
9.770302256226223170e-01
1.005304743087350072e+00
9.824027165235340586e-01
9.899552464246152983e-01
1.033954017896687061e+00
9.611654955034454328e-01
1.017193973612786628e+00
1.023907983884118966e+00
1.005888011893818712e+00
9.918566154103837240e-01
9.929102373514878677e-01
1.006798686596768855e+00
9.938905643344400076e-01
9.950993444901730101e-01
1.011763734435193962e+00
9.942592708157286241e-01
9.672793438559120771e-01
9.824864570137646913e-01
9.934545314458125276e-01
9.856054887429238631e-01
9.712419039165149925e-01
1.003729730902989337e+00
1.018372455180079905e+00
9.779992795241506665e-01
1.011526518000183783e+00
1.003830494700890696e+00
1.002166907419066222e+00
9.879883802543253379e-01
9.706072064834831981e-01
1.020222567658572554e+00
1.019583205039894080e+00
9.872605611065242703e-01
1.017175238193300357e+00
9.719202723641094943e-01
9.644771815956550975e-01
9.758842911527199071e-01
1.031125628900801505e+00
1.007548055139122933e+00
1.008761612717488543e+00
1.013432184399201574e+00
9.986312141835362866e-01
9.976946520549477837e-01
1.032552207314619164e+00
1.006232526445720143e+00
9.793743741023981375e-01
9.942247911443679032e-01
9.599244526516749199e-01
9.944870862162777936e-01
9.682156543611234456e-01
9.682620326029993674e-01
1.010919945271660625e+00
1.033416828017568179e+00
9.852472230345472592e-01
9.901726270616053593e-01
9.886279107271424005e-01
9.650569719845724093e-01
9.918362712275546889e-01
1.000472774703451639e+00
1.006345115798242373e+00
9.770402953277108615e-01
1.005896116185841960e+00
1.008576506384037286e+00
1.009400818209100104e+00
1.005651148988564447e+00
1.025520024697013088e+00
1.004351050240432919e+00
9.834876765926582332e-01
9.974734587628204530e-01
9.820090574686636264e-01
1.001417485043204048e+00
9.615554523731646430e-01
1.036091281760346039e+00
9.776471980119370020e-01
9.458175871641111288e-01
9.519087305140585542e-01
9.850672516957449387e-01
1.025728508927333360e+00
9.977900716303552686e-01
1.017157696533554923e+00
9.444025774945801199e-01
9.727750070971150631e-01
9.871977424427220704e-01
1.014086779410798611e+00
1.000123630854882428e+00
1.002704396392520403e+00
1.008874997333502055e+00
1.022951612363265816e+00
1.022015990923046402e+00
1.008644055244540594e+00
9.704799240608256161e-01
1.003279501366379112e+00
9.839164439278436092e-01
9.819740585988880888e-01
9.839156970444566941e-01
9.740343856410859091e-01
9.831084848785656138e-01
1.010162764844120264e+00
1.008497659716681927e+00
9.876135040509516072e-01
1.008028896932227747e+00
1.024639918294989904e+00
9.845575322314538136e-01
9.980866757103364906e-01
9.856576851189327027e-01
9.640014633517748344e-01
1.001617018985244467e+00
1.010876775901540681e+00
1.034494173371495851e+00
1.007148528343994709e+00
1.005152466330599736e+00
9.790295218613634942e-01
1.018304615415366987e+00
1.014517714410785310e+00
9.949600922545830395e-01
1.012806447012386091e+00
9.858058803639812018e-01
1.000941681366751101e+00
1.021094879306168934e+00
9.947784899600461417e-01
9.909303866966817642e-01
1.034655380611236852e+00
9.781847424597428509e-01
1.005489397724812939e+00
1.012364079887865476e+00
1.014739483744782511e+00
1.000200309036454405e+00
9.891940170850560543e-01
9.800129880560021212e-01
9.980119404414315998e-01
1.023694724146580137e+00
9.983925489675877785e-01
9.714489305429662158e-01
9.792339869069963676e-01
9.957411811832472814e-01
1.045022598664958169e+00
1.008463407710775250e+00
9.982877739997111366e-01
9.792537079908054665e-01
1.013880224818954234e+00
1.006874498252016581e+00
9.924015100424158353e-01
1.008219399407464856e+00
9.770758081829653552e-01
9.779728461206844692e-01
9.533279253066296866e-01
1.015024441506583219e+00
9.508762622323990721e-01
1.060159382221371072e+00
9.998456829402219137e-01
1.018476815170014316e+00
1.028117180774474004e+00
1.030367618825019038e+00
1.000538193219019822e+00
9.667273577395760764e-01
1.001372520639712604e+00
9.938426095869423715e-01
1.016980666579716086e+00
9.798534167451425914e-01
9.718144705232238945e-01
1.004144435250706069e+00
1.015294595376373010e+00
1.023871365908350262e+00
1.025291119439018850e+00
1.003261566292333873e+00
9.821862715830010915e-01
1.006784146529179802e+00
1.026337255898866596e+00
1.014172070725923414e+00
9.859752147279566836e-01
1.004016790172759244e+00
1.037794449331552515e+00
1.013794621359283221e+00
9.867542340731819683e-01
9.717373096197980953e-01
9.871014866878350391e-01
9.772408628796249719e-01
9.902214154487077868e-01
9.674251661090489396e-01
9.700140819857664409e-01
1.006751278641375702e+00
9.669005780616962697e-01
1.013656653693073784e+00
9.882695213500587439e-01
9.624349698733881686e-01
9.974005778123060661e-01
9.684671649139175997e-01
9.983097067970252425e-01
9.672181572485383239e-01
9.825675442054726538e-01
1.022251648921443490e+00
1.009544629171013730e+00
9.976436590970495510e-01
1.017625456824404306e+00
9.802933757542245941e-01
9.713426817660483215e-01
1.018541151626284336e+00
1.005646869091598505e+00
9.940488829946898530e-01
1.013517711784428288e+00
9.963760777127399493e-01
9.915523708127153002e-01
9.975767690930087417e-01
9.812882979879312684e-01
9.991051928408123395e-01
9.814964051964248926e-01
1.035672804963962079e+00
9.902276787830097682e-01
1.010198647880412359e+00
1.029425853066096019e+00
1.032390205151438423e+00
1.025759179773683138e+00
1.041001549500896850e+00
1.002459710267620929e+00
9.991616462772247020e-01
9.737994809299241883e-01
9.933453508113389008e-01
1.015850300554602903e+00
1.035958682415908161e+00
9.769305277987783143e-01
9.730251792360742336e-01
9.341710229487342199e-01
9.907018725673377713e-01
9.914290781235171046e-01
9.950810941252347108e-01
1.012653742194149498e+00
9.999109322698636060e-01
1.018896750201472967e+00
9.722082103766034322e-01
1.002082168526774897e+00
9.564564204307745010e-01
9.679445550257432807e-01
9.971952478008143661e-01
9.931383661702276600e-01
9.992415594955631475e-01
1.029675865655280464e+00
1.004736618345908772e+00
1.002092169526232146e+00
9.757077963230187390e-01
1.002982489371088803e+00
9.877058463217395223e-01
9.764580938244795671e-01
9.896880201355169326e-01
1.008679475291401006e+00
9.906171203057225760e-01
1.043972957102008214e+00
9.936838798933694816e-01
9.859666554079443701e-01
9.992237492690630996e-01
9.866816831820920397e-01
9.901316189708111448e-01
9.950622342272593679e-01
1.004522812456321690e+00
1.030698452705183676e+00
1.012601342658915771e+00
9.932533923924826702e-01
1.028678611235413598e+00
1.043231823491851396e+00
9.881347597211841416e-01
1.008620170199197474e+00
9.935713582681365841e-01
9.917566656245294654e-01
1.007308991555078359e+00
9.852542342319268176e-01
1.001090809688922612e+00
1.001136573690636133e+00
1.030227123653154608e+00
9.875192927545535237e-01
1.026324028321859760e+00
9.658597877838477341e-01
9.727985675688798350e-01
9.918643219061586969e-01
1.006832511961617049e+00
9.923813703111401541e-01
1.003032604649599646e+00
1.005270428580398834e+00
1.001422780968938220e+00
9.853480468824270533e-01
1.007957393052139938e+00
1.010765318304219562e+00
9.813422048327942182e-01
1.010884589951121404e+00
9.817060477213912506e-01
1.006361078782832541e+00
1.009752393690222183e+00
9.741519323659266760e-01
9.591625994603325545e-01
9.685104098232644176e-01
1.028622290899670055e+00
1.001608959635592377e+00
1.004469353143403243e+00
9.875929549371631477e-01
9.818253010542382642e-01
9.925237051135503696e-01
1.020691361345243298e+00
9.883846509530065383e-01
1.017422178389887577e+00
9.770073248684761902e-01
1.009587257866340959e+00
1.017426544801566024e+00
1.005235602343427681e+00
9.698109266741729018e-01
9.917912547519542876e-01
9.985129128798115872e-01
9.965860721962640500e-01
1.030212527644438936e+00
1.006094469676287906e+00
9.823120846384471028e-01
1.010197721540723848e+00
1.010501971947227462e+00
1.001174865626442312e+00
9.859897686584156995e-01
1.004472259052246574e+00
9.897482947588104318e-01
1.025639853511401078e+00
1.000147637565566461e+00
1.009150280693815738e+00
1.009318036180283595e+00
1.017857519972395819e+00
9.733044542911515329e-01
9.837374564996201887e-01
9.958241605527883289e-01
1.007869332602501666e+00
9.617911964914057643e-01
1.013776968127739098e+00
1.000951733898530094e+00
9.984483375255590598e-01
9.866895114271674316e-01
9.539713259056845640e-01
9.795224949318602770e-01
9.427504763006222532e-01
1.001460037131580494e+00
1.014437604918173585e+00
1.007190962452187977e+00
9.922367757975236735e-01
9.730214123841506302e-01
9.639337743343304732e-01
1.002555063297345450e+00
1.001296028232850244e+00
1.016442644463453782e+00
9.707065245909574092e-01
9.361710019436667585e-01
9.994168844980797495e-01
9.810781790749234510e-01
9.726284970473718650e-01
1.006399263675654465e+00
9.669922485054132100e-01
1.012126823085002902e+00
1.044506353571553969e+00
9.881848336396851229e-01
9.460524194990839186e-01
9.806363365897078355e-01
9.612445128630441316e-01
9.846571739083950225e-01
9.643313127958965669e-01
9.641362413932754727e-01
9.822713532760505295e-01
9.983157538484805915e-01
1.019881041673541100e+00
9.872055757849620417e-01
1.002477105002008262e+00
9.999411324365189424e-01
9.700048034509576311e-01
9.731591101358332274e-01
9.897503724064923292e-01
9.435696445540491251e-01
1.000751472060873448e+00
9.593286571381951511e-01
1.009896596527402934e+00
9.741437270145182348e-01
9.680660002269527720e-01
1.006316679537854863e+00
9.868158972338655355e-01
9.795333024319011761e-01
1.028585976431033444e+00
9.616148788854803620e-01
1.006448416029961823e+00
9.855315938584358060e-01
9.843957488277585988e-01
9.682106486472790152e-01
1.019774418602465982e+00
1.003960072974760864e+00
9.865776955141757343e-01
1.005670129127860246e+00
1.011915233245522350e+00
9.911491894116243317e-01
9.759531456798488103e-01
1.016434776472957546e+00
9.872702201470004990e-01
9.873124404645553520e-01
9.999076826173523003e-01
9.883888030658534163e-01
9.534054581592736888e-01
9.900518344726370046e-01
9.960074206395461704e-01
1.018800945280986525e+00
9.921355128926047096e-01
9.874008065610084817e-01
1.022720394964305779e+00
1.001799296216504764e+00
1.008926761079002699e+00
9.924618594233547419e-01
9.738885672116045500e-01
9.976130800438613999e-01
9.493675398703793622e-01
9.674459833478989967e-01
1.026178792177307342e+00
9.753530096509959169e-01
1.005525167489977001e+00
9.823392612123015288e-01
9.614767240172038543e-01
9.880408702322762693e-01
1.011455705120478443e+00
9.805129219545531960e-01
1.007119775533569905e+00
9.939596687352220128e-01
9.671093764478168042e-01
1.002423797451917897e+00
1.025871108664920373e+00
9.501749450702936528e-01
1.006892372341616548e+00
9.643537622125503139e-01
1.000678151734945898e+00
9.981007697586004035e-01
9.750669930445792222e-01
9.663575397831843938e-01
9.794769637652958050e-01
1.020998165953766579e+00
9.936539641383368426e-01
9.969325856573233446e-01
1.004029977780742655e+00
9.818905047553272425e-01
1.006577427554630422e+00
9.382055498539971783e-01
9.880314442407223119e-01
1.007247424247836420e+00
1.005297474277947689e+00
9.898945040158927400e-01
9.973619039930874397e-01
9.815780612724271936e-01
9.992128914089147829e-01
9.879241241631278037e-01
9.781332224850642909e-01
9.938564831268156263e-01
9.739283333558114153e-01
9.706852916188251079e-01
1.014972129573060489e+00
9.774954186567831327e-01
9.808976411305514453e-01
9.914581814855647490e-01
9.913656385059548271e-01
9.890431173918454721e-01
9.671020279279197718e-01
1.003746474415270429e+00
1.010539012416145521e+00
9.778284812988876640e-01
9.929814626591235704e-01
9.747221558085967796e-01
1.002280520501307892e+00
9.539720916173860532e-01
1.000206592409542905e+00
9.849944008324095224e-01
9.678010943073163119e-01
9.881930915130014981e-01
1.010014754951319205e+00
1.015091116036642482e+00
9.630204850891200818e-01
9.897746665013645861e-01
9.659733804270120849e-01
9.874163101808163256e-01
1.009725785166516232e+00
1.007329133024154277e+00
9.484160916613730841e-01
9.929320537139350034e-01
9.704742665054257866e-01
9.803895602100307638e-01
1.021692297134509486e+00
9.437829257007707140e-01
9.760732194958393615e-01
1.003444507172585487e+00
9.783377177459403606e-01
9.948004111343772271e-01
1.001667638674883953e+00
9.815077852976183959e-01
1.001709624638208673e+00
9.985379385381437656e-01
9.715384738658412456e-01
1.002193575678922421e+00
9.729903170464214712e-01
9.920383261950491693e-01
1.009776672239155904e+00
9.792993932585766226e-01
9.947877267609667173e-01
9.449081587375449676e-01
9.977126564818554755e-01
9.918441408414800931e-01
9.832159834880619398e-01
9.609244966554542078e-01
9.995556743804283606e-01
1.018223879387316178e+00
1.025473661082267007e+00
9.411291578655953671e-01
9.626763202526570362e-01
9.878646567331741402e-01
9.794495678674706163e-01
9.768880269787233450e-01
1.007715352523020469e+00
9.815519196091173626e-01
9.852959223334935013e-01
9.963013782339045221e-01
1.002982276059000810e+00
1.002765082043392431e+00
9.410171021592185214e-01
9.943062739177681575e-01
9.969289540407216821e-01
9.975871625139145493e-01
9.767399389549762390e-01
1.035664538518404676e+00
9.886819617029724006e-01
9.727040354519311816e-01
9.800598287593107472e-01
1.015264806345334003e+00
9.927641660875540230e-01
9.852264779634908320e-01
9.745889273002528164e-01
9.838705927968633969e-01
9.831046983767337544e-01
9.680871966005850648e-01
1.022947650358848382e+00
9.676301300195582211e-01
9.946842016415411436e-01
1.001619185222966113e+00
9.703590449746218871e-01
9.957398344145338420e-01
9.778052298117169139e-01
1.041698495477601183e+00
9.656908627211499008e-01
1.003165009127452212e+00
9.610052680295518845e-01
1.015471338760597364e+00
9.955894193712956364e-01
1.010723023207617199e+00
9.477257298374592853e-01
9.871845653629611750e-01
9.817039083183003445e-01
1.006076382668274816e+00
9.838321570255363913e-01
9.731648651539167583e-01
9.726080112311962234e-01
9.425968390381611606e-01
1.007516083767685089e+00
9.779336653552747061e-01
9.637226327133907589e-01
1.001534160725908729e+00
9.895654484889140345e-01
1.022079346449211279e+00
9.634161999148573852e-01
9.730987879457880796e-01
1.039597679923620843e+00
1.030202388424287685e+00
9.976791952801274954e-01
9.677058604086155036e-01
1.000994810868268248e+00
9.814365771767696867e-01
9.783839780455100277e-01
1.034170771483961637e+00
1.047849639361117413e+00
9.978446383043068080e-01
1.008492670678699854e+00
9.648367930498940037e-01
1.004077653488744559e+00
9.795796318275789005e-01
1.012000306979852660e+00
9.991279474831537000e-01
9.713097398416709050e-01
9.633210424844421693e-01
9.901511794675832423e-01
1.022184968162359597e+00
1.004567417695799714e+00
9.894754366870190943e-01
9.901777631241588384e-01
1.026922613228823167e+00
9.845178057357795165e-01
9.895043830228901216e-01
9.644240012932079331e-01
9.992863877784320392e-01
1.000534082852607698e+00
9.914086794240277722e-01
1.016755022119536056e+00
1.033996274801930682e+00
1.027969622853354803e+00
1.014034141468465489e+00
1.005773587468452801e+00
1.000956942565664587e+00
9.980288416864379064e-01
9.762251223754866425e-01
9.530118939299186964e-01
1.027986300230592898e+00
1.018506576441693845e+00
9.685042795781503289e-01
1.007816892929015218e+00
9.916302076437936153e-01
1.011407266446095354e+00
9.802789226024719582e-01
9.795277538229383296e-01
9.731463162484850216e-01
9.904330208164014993e-01
1.038513139890248294e+00
1.019764682658508059e+00
9.808039132319660292e-01
1.007483884805200347e+00
9.966289955517776411e-01
1.023471454377495204e+00
9.770718993702607325e-01
1.003306101597768674e+00
1.033532874901697651e+00
1.026071865510184367e+00
1.001947891372599431e+00
9.726086089661736267e-01
1.030699604617223430e+00
9.793663589656737001e-01
9.825204580598436710e-01
9.770259434306904911e-01
9.608166010072846097e-01
9.913248174547908409e-01
9.820934141840740317e-01
1.006056002566087182e+00
9.995026523276052677e-01
9.941490887722241876e-01
9.936508315073198094e-01
9.834571706190354812e-01
1.036907692865394859e+00
9.954126220367884859e-01
9.932120035094146315e-01
9.693508147038963907e-01
9.962886274688944610e-01
1.008642676501017243e+00
9.858086713129708967e-01
1.005673753088823785e+00
1.004947141033489588e+00
9.900529489304144004e-01
1.004837077474999951e+00
1.003356077118253697e+00
9.660245390416926092e-01
9.945199104331601259e-01
9.959058899448187674e-01
1.004385589161699066e+00
1.030319493353283100e+00
9.953853993269501377e-01
9.950882313167026538e-01
9.787115507011058257e-01
1.026197609144563261e+00
1.009866005692574564e+00
9.632619800185373560e-01
9.902386162153031801e-01
1.014121681407732734e+00
9.912760630073457202e-01
1.025629052033575350e+00
1.005054306646663731e+00
9.995792937612465456e-01
9.813174760235137128e-01
9.962488029095781794e-01
9.972032712849344671e-01
1.002079146105092411e+00
1.027589160003155033e+00
9.703817580793082653e-01
1.025505500740448106e+00
1.056551602651560007e+00
1.006732270682811681e+00
1.019244133875483627e+00
1.014350882273393983e+00
9.785715257799446620e-01
1.017296118504721791e+00
1.000345583450687137e+00
1.003826092094610933e+00
1.022412032622741718e+00
1.003756412389862573e+00
9.841078406554812918e-01
9.586184293054023087e-01
9.852085900176456024e-01
9.911888863528879323e-01
1.004517189510051089e+00
9.894683674507050997e-01
1.017428431841943981e+00
1.029328004382961348e+00
9.984753494260079076e-01
9.897749087668612500e-01
1.020733059640031026e+00
9.714683455531512024e-01
1.009332925041111162e+00
1.009453900394134740e+00
9.741890777569115478e-01
1.022339547792418646e+00
1.005737952806279312e+00
1.018381350893342585e+00
1.022108423768670615e+00
9.954114199085265513e-01
1.004506870419767939e+00
1.006599068593906132e+00
1.001732258358110750e+00
9.753136546532484852e-01
1.013847047508380728e+00
1.028669376486596398e+00
1.012699714867344225e+00
1.000446189016546583e+00
9.555659733131940392e-01
9.978088165674220411e-01
9.814718737388674619e-01
1.014514833634710955e+00
1.013830797814749385e+00
1.015578662817375077e+00
9.852806654140572329e-01
9.933026497864424487e-01
1.005665961097423233e+00
1.027714443460444826e+00
1.032464798095963143e+00
1.028373374309895505e+00
1.011502127484073865e+00
1.013211199147635577e+00
1.033211134418462684e+00
9.856970564824811820e-01
9.559731109774407543e-01
9.964473966523297310e-01
1.005966054003438304e+00
9.989769342124813489e-01
1.020513546748627043e+00
9.755069718613351704e-01
1.002766742902199137e+00
1.019595369435929433e+00
1.020527473696108522e+00
9.850831347241753022e-01
9.862561458716260221e-01
9.931040199398076807e-01
1.001743622884426976e+00
1.047166763247209254e+00
1.014099899488612344e+00
9.996227048832352358e-01
1.014392868192646624e+00
1.020544010557082215e+00
1.008590055439787747e+00
9.990141559968817031e-01
9.902558209283194302e-01
9.916091151725706654e-01
9.741326784886331636e-01
1.017298495678351955e+00
1.032189736800453339e+00
9.548575680242987751e-01
9.955460374101945398e-01
9.645058482299060376e-01
9.913114490626404596e-01
9.751038897099445490e-01
1.024967619049912404e+00
1.018779439614448279e+00
9.869065229190115973e-01
9.976957223232454375e-01
9.974387819984659176e-01
1.014839670575109709e+00
9.888808452890485157e-01
9.923447556334811237e-01
9.996269093159402264e-01
9.941909295710920080e-01
1.002061188545302794e+00
9.979862448313696621e-01
1.009589554648532728e+00
9.938884225167754494e-01
9.995519299236369504e-01
1.002714287728777354e+00
9.845008824010766935e-01
9.975372204114125729e-01
1.046342630093876735e+00
1.009443442468180185e+00
1.017593673316196989e+00
9.696758836847685359e-01
9.890011948615582416e-01
1.009678478914662225e+00
9.842902766011845106e-01
9.935114898071244482e-01
9.923604196283574153e-01
1.002178582192865264e+00
9.573309670897791612e-01
1.007386876347989624e+00
9.875332490744183067e-01
9.988748582802658982e-01
9.790842231776386573e-01
1.029553634491269687e+00
9.766247674241000931e-01
9.759403967814921366e-01
1.015109438229873762e+00
1.009385490182451939e+00
1.001449167182792754e+00
9.795958865244235314e-01
1.021194395839729818e+00
9.894830760675688008e-01
9.887737173870750906e-01
1.019220138338910786e+00
9.957777588335843255e-01
1.014222362779523490e+00
1.028727856964585907e+00
1.002434884960211603e+00
9.960521930994467033e-01
1.009410153596226989e+00
1.002173874200427361e+00
9.816484674122302190e-01
9.977624435407972392e-01
9.921531926701920856e-01
1.018287085767545896e+00
1.010012166638849296e+00
1.008914983338430771e+00
9.743445082214625685e-01
1.000620415777386585e+00
9.762510494090398394e-01
9.984232728186545058e-01
1.000290338761413489e+00
9.512193684688792228e-01
1.008533690820919038e+00
9.676561890101523788e-01
1.010545430859998595e+00
9.859403944870607228e-01
9.943108489446811360e-01
9.948596765884600845e-01
1.030728680339570769e+00
9.841527877054392359e-01
1.023060239757879408e+00
1.000964302947461526e+00
1.027150850642415847e+00
1.006572032337880840e+00
9.777405906705982641e-01
9.645420144189373879e-01
1.028759669377832031e+00
9.852356175041898645e-01
1.000014130801776702e+00
9.994475645528078100e-01
9.971306457727689976e-01
1.029900361403342179e+00
9.816893903152108525e-01
1.006357661475038023e+00
1.000914209459268678e+00
9.762289636089529488e-01
9.728410307073415142e-01
1.002761231492063088e+00
9.668662774318830255e-01
9.639902285520950409e-01
1.003896561849778157e+00
9.866361141909341104e-01
1.011837271226199597e+00
1.030264501312160075e+00
9.899853412164031363e-01
1.003852879647606500e+00
1.009399755296372714e+00
9.523912241021219582e-01
9.919592055481475379e-01
9.922671782235795712e-01
9.734843058526432280e-01
9.999238343060232737e-01
9.825429642742661285e-01
9.838422310017143069e-01
9.766626330134599021e-01
1.013381680094173509e+00
9.560494581719949370e-01
9.877316384477138334e-01
9.979198135062100627e-01
1.027137331382364627e+00
9.867344062069441923e-01
1.025635333540365179e+00
1.021820922863546199e+00
9.740907779242514719e-01
1.036933181981527952e+00
9.891507304999573869e-01
1.015303993945234406e+00
1.013130552748075397e+00
9.794319482290138046e-01
9.935077177577135155e-01
1.005373743104627904e+00
9.999123727138876649e-01
9.940235409564990299e-01
1.004077282780507341e+00
9.923646345799708168e-01
1.006889427723887565e+00
1.025892190677530902e+00
1.027209220886708074e+00
9.912406131128191911e-01
9.901866911155873252e-01
1.024494264152750578e+00
9.961544646844059381e-01
1.001638776716758938e+00
1.006366595055716129e+00
1.020082271311984368e+00
1.011488156509396497e+00
9.909357850778005572e-01
1.010279273964757918e+00
1.031148869294323145e+00
1.011425246182021453e+00
9.944374026717056614e-01
9.722790249519248640e-01
1.007432425619428917e+00
9.878454440794963709e-01
9.631935868241803256e-01
1.021023509594345402e+00
9.762742835159878840e-01
1.010390158662802351e+00
9.731068119401273808e-01
1.011117041045678455e+00
9.947992655296664655e-01
9.919958633599322839e-01
1.017782728431203321e+00
9.779542408595405245e-01
1.020162848855666216e+00
9.918338133030271120e-01
1.001412665002174851e+00
1.019667584855623144e+00
1.004075935765163408e+00
9.443304024524346030e-01
1.013776422661821774e+00
1.017875851328525760e+00
9.463768004499990560e-01
1.018882719508689805e+00
9.790910952126081757e-01
9.846797609468531665e-01
9.909180479834006627e-01
1.020085011668498298e+00
9.904420661547708171e-01
1.005272376307374982e+00
1.003799423889279341e+00
9.708501679199442735e-01
9.901307505217328275e-01
1.007735576617392104e+00
1.028107095842474727e+00
1.008584724779300279e+00
1.008923524065029831e+00
1.016630614331528237e+00
9.856263830494352840e-01
1.031355679688395810e+00
1.000188021110439252e+00
1.000019764704854319e+00
1.024419237137552452e+00
9.910046722509259221e-01
9.975113044680717911e-01
1.008799656460034777e+00
9.942704688626018417e-01
1.036617702413132891e+00
9.998296708241735109e-01
1.025672167233206089e+00
1.017478299315996981e+00
9.623749640476506606e-01
9.664609696701441655e-01
9.984238343502589430e-01
9.936290134303173982e-01
1.015894895043907065e+00
1.008791260061058903e+00
1.047585237919054446e+00
1.004058517144909679e+00
9.753414411099351478e-01
1.012639742997996972e+00
9.760419654539803647e-01
1.000498169277126648e+00
9.847177346802244990e-01
1.020541794957142923e+00
9.863661707155180203e-01
1.011140911482793170e+00
1.017419991671378865e+00
9.670100973664371713e-01
9.914227159137131151e-01
1.029161118537951003e+00
1.022634453993470638e+00
9.796697023905525104e-01
9.942651620491572695e-01
1.005745460638730382e+00
9.573650120935567331e-01
9.953985306193742222e-01
1.030820300810336265e+00
9.614399700258644543e-01
9.698898124632495676e-01
1.005545351506163643e+00
1.000784819456218555e+00
9.880669563247865828e-01
1.003873263293171947e+00
1.013259571109425217e+00
9.587708840599805660e-01
9.821111470076111516e-01
9.929781174981114900e-01
9.747083018679028044e-01
1.031872973307131236e+00
1.021085152719770628e+00
9.951501081059908049e-01
1.006592694537456589e+00
9.434620995731886062e-01
1.037390535691183446e+00
1.007819863528089499e+00
1.026163028858779525e+00
9.680260653807233329e-01
9.804058423769115294e-01
1.003089104786749841e+00
9.610859243389886508e-01
9.862233153158457277e-01
1.025322174246591223e+00
1.009197434707243879e+00
9.917637775792520483e-01
9.875193484354508611e-01
1.002178150137892576e+00
1.026890153631300429e+00
1.024540449911212736e+00
1.010231603144534862e+00
1.032833762846566916e+00
1.006807045886320751e+00
9.815757448613661174e-01
1.003311086231233773e+00
9.772052039127510081e-01
9.964025479044292810e-01
9.704151112948513624e-01
9.957703062067303490e-01
9.816898714638226942e-01
9.938615516564111019e-01
1.030436586396319187e+00
1.014301743966107727e+00
9.709639889185498474e-01
1.002677314623331206e+00
1.011905607496102810e+00
1.006406810782571215e+00
9.962875695176357516e-01
1.036228844972567620e+00
1.003999813709146816e+00
9.882491755744057249e-01
1.011729561628760043e+00
9.968691971954325437e-01
1.006770131203437391e+00
9.973756721740437703e-01
9.861727469348093855e-01
9.984794469213112977e-01
9.635421747403953852e-01
1.017669736186485041e+00
1.013193114929795247e+00
1.032234013299826891e+00
9.830636496154386839e-01
9.889208406979910215e-01
9.974026793995874884e-01
1.003980851320048995e+00
9.764456809664272541e-01
1.006823646578224984e+00
1.001936552915085432e+00
9.991568837026614247e-01
1.018663816088572149e+00
1.037702891555317475e+00
9.846723632718834551e-01
1.039255660256465541e+00
1.024523833192090061e+00
9.757557980730539038e-01
1.007976661431917886e+00
9.918381577259756110e-01
9.913125944186963467e-01
1.027423656675977792e+00
9.886390075385192988e-01
9.592014727936868379e-01
9.935514480200711152e-01
1.023345289944443071e+00
1.012265364305109161e+00
1.003693542299856745e+00
9.800072430010426938e-01
1.003213722619498816e+00
1.002266888984563398e+00
1.000387580734120485e+00
1.008301849284337193e+00
9.872195962379927137e-01
9.778391291071514280e-01
9.944201610922643875e-01
9.926052507965177352e-01
9.754292513284974486e-01
1.016016511842343206e+00
9.987620727260273501e-01
1.006134745519953855e+00
1.052109365508273831e+00
9.682225182955085385e-01
9.960679196582880035e-01
1.016272435955280162e+00
1.006114723661972743e+00
1.023965635540456276e+00
1.013281939816854438e+00
9.987158058462821675e-01
9.763896048080960011e-01
9.419725317511189466e-01
1.023941714341374709e+00
9.780800218140905944e-01
9.803735291234976224e-01
1.010719161806981514e+00
1.005330672844651829e+00
1.013416355344757935e+00
1.006696116030346921e+00
9.954998156380553409e-01
1.034150541991219141e+00
9.913262194478565936e-01
1.032287875585198078e+00
1.012026358966252371e+00
1.008780489065859376e+00
1.003104046383209047e+00
1.017474378380057276e+00
9.837461516907722858e-01
9.989845238169378083e-01
1.017189358757455198e+00
1.004195086107188883e+00
9.769251195693642309e-01
9.527201263012058385e-01
1.016420815172535796e+00
1.020838474424019982e+00
9.861335523593157681e-01
1.002288974734818705e+00
9.969554545546586155e-01
9.764588125706263888e-01
1.020357350846459177e+00
9.810795072013538398e-01
1.024093260644404646e+00
1.013815908458388426e+00
1.011766692383871069e+00
1.003102156727146088e+00
9.664575613055463865e-01
9.918989049779152190e-01
