1.003332740643883891e+00
1.148291888106972580e+00
9.705659113411772010e-01
6.062921930640259305e-01
9.820654653789339106e-01
1.196059320884993005e+00
9.647939562205521957e-01
1.014948380997823252e+00
9.397538409023362682e-01
9.137383953767939104e-01
1.026352555741320893e+00
9.897220096911040210e-01
8.698832823230991940e-01
9.153223724890695578e-01
1.114852724027300290e+00
9.870702219986344783e-01
9.373549464274594234e-01
9.457516958121398032e-01
1.126437328673909999e+00
1.049673831149966929e+00
1.020849305743543267e+00
1.008391159664549619e+00
9.910734108157666089e-01
1.152801574857470701e+00
9.159256381641496247e-01
1.107515094023230784e+00
9.471752240922045596e-01
9.477791606518010115e-01
9.089530506833444212e-01
1.183606899152006342e+00
1.025994648081855587e+00
1.168817914902912980e+00
1.054948536398207182e+00
9.133276457832760764e-01
1.092026068140959039e+00
9.563476871590060879e-01
7.909611016777646775e-01
9.745773193961281278e-01
9.764910308444105791e-01
1.010110666394198109e+00
9.735847273988096351e-01
1.116219365367535410e+00
1.128519722856295315e+00
8.665712113910116754e-01
9.169360619744716390e-01
1.033232494418370173e+00
7.717249438364015557e-01
1.147487509559874441e+00
1.071577655195142809e+00
9.158972923527369803e-01
1.202377713964537742e+00
1.019329479159807983e+00
1.058978095480842097e+00
9.846684500161837494e-01
1.205134510638897094e+00
1.092980080873048543e+00
1.011388585086737901e+00
1.001538692861040136e+00
1.110496303800026396e+00
1.033447724175797555e+00
1.026221459285540538e+00
1.001425896228961721e+00
8.307102115373695694e-01
9.516577827450535265e-01
1.139302697921390717e+00
9.102444026211305994e-01
9.447758608276610737e-01
1.235212098378786871e+00
8.981710422778872438e-01
1.133862421660773556e+00
9.223880751154298618e-01
1.060797585506252583e+00
1.055351640239851507e+00
1.183742048814068193e+00
1.120939553913136599e+00
9.532619789932159637e-01
1.005882715626446711e+00
1.000258755611754147e+00
7.948029782123161580e-01
9.783077729865358174e-01
9.198977972541080295e-01
1.075510684097041869e+00
1.026092769053160492e+00
1.228292886572438070e+00
1.067773806892716948e+00
8.641829116350954187e-01
1.146570128616764883e+00
1.049928102766090721e+00
1.096078206569134794e+00
9.119913458235879844e-01
1.072961656692405841e+00
9.733934779223403222e-01
9.242211513448079785e-01
9.913545276709040399e-01
7.823173814189449127e-01
1.016394069570760950e+00
8.523111968765664237e-01
1.033947429009590246e+00
1.043281599216724365e+00
9.942435094169363996e-01
1.046804430718918377e+00
7.925738267254446301e-01
1.159570059869960534e+00
8.551471763610490884e-01
1.093124766275684001e+00
9.208611062563056837e-01
1.054578839241478549e+00
9.888780455163510563e-01
1.116472739241250567e+00
9.671138065656935678e-01
8.466669200614489466e-01
1.243712050322824059e+00
1.121812348228081069e+00
8.673124739973097075e-01
9.320998672183931077e-01
1.112069252808275621e+00
1.000252403220679209e+00
9.751615313662049811e-01
1.009903216993259578e+00
1.013162936233349409e+00
1.101116151795724862e+00
1.052015426689652422e+00
7.747915776640059704e-01
1.161036585133644827e+00
8.283666706199573904e-01
7.933720817696047201e-01
8.605806553836660155e-01
9.655238856623717947e-01
9.943199876611439336e-01
9.872081948965943932e-01
1.032094732477426335e+00
9.695541896598250942e-01
9.538240513535294340e-01
1.043805326929390098e+00
8.817802624049970728e-01
1.231032963187274287e+00
1.069529153784202880e+00
9.155717173929964758e-01
8.878499245845772325e-01
1.066113583137809462e+00
1.044408426893266073e+00
1.076770279536427566e+00
1.056962905657988561e+00
9.008043272218321240e-01
9.868171096011244536e-01
1.031841628920763698e+00
1.054438487023871218e+00
1.094469906380313828e+00
9.222742581166720743e-01
9.532291997227206881e-01
1.100261673459822953e+00
9.949491148346431002e-01
1.163900499600381888e+00
9.972297464715752513e-01
1.000352603124346818e+00
1.005257940672531491e+00
1.000367219320958734e+00
9.332389777270257980e-01
9.557741939935371356e-01
9.461803814766279741e-01
1.142472830870438383e+00
9.120253204478634412e-01
1.263387995346952231e+00
9.967400021850919556e-01
8.997152403079123895e-01
8.379537157294917327e-01
8.940661690320506061e-01
9.530931717295837435e-01
9.186353207910116225e-01
8.488153163586246164e-01
9.660263580022452334e-01
8.364003261849192183e-01
9.669551585957745221e-01
1.037842519982594025e+00
1.040996636226075633e+00
1.126943423469094263e+00
9.488319379010028420e-01
8.645623954279743062e-01
1.184671562065015227e+00
8.727437198084184722e-01
1.012276268008886815e+00
9.953426439804851089e-01
1.066969349122837585e+00
9.314901796068847384e-01
1.193965363627002674e+00
9.653023399151964279e-01
1.046603888609023647e+00
1.041418914974318266e+00
9.116532347638011125e-01
1.047192509145308259e+00
9.211450656625688183e-01
8.497715432074010034e-01
1.107991072665676757e+00
9.560600663673317623e-01
9.970105933125892328e-01
9.401332889645007684e-01
1.050004206823678121e+00
1.012005213673621284e+00
1.064484014683013013e+00
1.087880989493255957e+00
9.669672119018998258e-01
1.030741854993147744e+00
1.001818166297831381e+00
1.095478552371248027e+00
1.126053404950784431e+00
1.084266341006333345e+00
1.053475351668746285e+00
1.042784482841403459e+00
1.023714977277412119e+00
1.025309576360174502e+00
1.070397082263165434e+00
9.427229070527445298e-01
8.665112733869788642e-01
8.949613970684491271e-01
1.022384879018662929e+00
9.005472239630519793e-01
1.006607439090210221e+00
9.384833110983926696e-01
1.001844674499472676e+00
7.476846512890682472e-01
9.312375581523578694e-01
8.453223471090767216e-01
1.006916149070619770e+00
1.095877092486930549e+00
1.148493529765415300e+00
1.111226167450527491e+00
9.314584638780591952e-01
9.668408280987363934e-01
1.226067616291781182e+00
9.789317417477141348e-01
1.047341892173095701e+00
8.669333052829210073e-01
9.572208872861792672e-01
1.140452127959831863e+00
1.083520779056633465e+00
1.005738045512189593e+00
8.793813572782609445e-01
1.043407964393899157e+00
1.054521839172528175e+00
1.171868212154844713e+00
9.111210679991418315e-01
9.289269083195774712e-01
1.089628075433491272e+00
9.041050070025546948e-01
1.039245017289082362e+00
1.118802679619482987e+00
9.875097687724516682e-01
9.159577993889250758e-01
9.173172693307546366e-01
1.039947694716653492e+00
9.280143287465165702e-01
8.248902846252805787e-01
9.798041514571661503e-01
1.062640766050614749e+00
1.136313748017706793e+00
9.289474203724439327e-01
1.109178286138285729e+00
1.219731451688265578e+00
9.094483292545334496e-01
9.061094536669587196e-01
9.042925842585880503e-01
8.808998332701596379e-01
9.159052651670007705e-01
1.026856256631335063e+00
1.062003419694879103e+00
1.159685798544629609e+00
9.958122027063930348e-01
1.057101225755258778e+00
9.952445269917676862e-01
1.098356344078275537e+00
1.206631545338407108e+00
1.081510867403181253e+00
8.782448842890249185e-01
9.661393759143628301e-01
1.237628823950220225e+00
1.126393088155785538e+00
1.041667629098730785e+00
8.928177189557735538e-01
9.369510437657608826e-01
1.195298386882024388e+00
9.294347962304990718e-01
1.014194125267016799e+00
9.292114687881171120e-01
1.038028368312159389e+00
8.928556484028001838e-01
1.023662851168035015e+00
9.704496219718043992e-01
9.593258204613120954e-01
1.008539118854934191e+00
8.803286536571350851e-01
1.226576284522993943e+00
1.041435834243025438e+00
1.007013512251059506e+00
8.418497695583293527e-01
9.033813468363823818e-01
9.178537158028882148e-01
1.047791358452223376e+00
8.837478702248247053e-01
8.858047573587958246e-01
8.733484532580279014e-01
1.025497320788556710e+00
1.184168324203385358e+00
1.020413049268437788e+00
8.883980221814712364e-01
9.815750385008560341e-01
8.727493929280816243e-01
1.219634338449655298e+00
9.854711321326293794e-01
1.023153034331317546e+00
9.814779970008664645e-01
1.032564536010114997e+00
1.254904344640314973e+00
1.006978716365924731e+00
8.550725029436749836e-01
9.374737767948033706e-01
9.740019643408280858e-01
1.074229514385196538e+00
1.073701363034975653e+00
1.001148774139268616e+00
1.036792389643122148e+00
9.000907357474559056e-01
9.480442512144316991e-01
1.018302569045557160e+00
9.429495112641288479e-01
9.201047683749771222e-01
1.058631238899264915e+00
9.713080470199304539e-01
1.089730310915406841e+00
1.129913306405635698e+00
1.130567968532823597e+00
1.042659059183414172e+00
1.072133669947426649e+00
8.782706709961569658e-01
1.207713319697149679e+00
1.043973930888812518e+00
9.531843534079299518e-01
9.499742908328142610e-01
9.944633704796099760e-01
1.102734997473271195e+00
9.858810648458994352e-01
9.911001616957542115e-01
8.536221502200940225e-01
1.201241395054715611e+00
1.094439660414994187e+00
1.027096637535649393e+00
1.125586044438906086e+00
8.842767574162702093e-01
8.625751868527870014e-01
9.341902825743014782e-01
8.517677944654974409e-01
1.049196781140928625e+00
9.400068648609992694e-01
1.080001327109963327e+00
9.555303543309273673e-01
8.727601514253375825e-01
9.968838889685516236e-01
1.128602180606005367e+00
1.076596871543549216e+00
9.637151425846781638e-01
1.140881222663624461e+00
9.055045410424198415e-01
9.512985187741896942e-01
1.197830367851355327e+00
1.203611673171692376e+00
9.765776790839300059e-01
9.689299866969490749e-01
9.596518502775036596e-01
9.750468504969238559e-01
9.103665366479996024e-01
9.992408769136562618e-01
9.566753086466810441e-01
1.003133121653890569e+00
1.065407715679395739e+00
9.166386879645943564e-01
1.186491879415504824e+00
9.948764763868536143e-01
1.089661069778645075e+00
9.002418922038880611e-01
1.083164436217175730e+00
9.371828392951276898e-01
1.146779265340597043e+00
1.170376256528109948e+00
1.033826631816288089e+00
9.714079155415692446e-01
1.032726029829625691e+00
1.049553117461508256e+00
1.055698491002389883e+00
9.528809013676070583e-01
1.223873585199289238e+00
8.368480755086444844e-01
1.042750702207243751e+00
1.131946410629816491e+00
8.282073415620295753e-01
1.016137258058693593e+00
8.771182845385467886e-01
1.028639394707799637e+00
1.114878703861386988e+00
9.476390930070268670e-01
1.106998414207958303e+00
1.033728009219281319e+00
9.892117053086908474e-01
9.764917418789106351e-01
1.061401122164467692e+00
1.084552851755438585e+00
1.115835578912804271e+00
8.875977652428062026e-01
1.129978039071800389e+00
1.215236586828682519e+00
8.499703115537441400e-01
1.138374707765718696e+00
1.075531392334541092e+00
1.017818447727618869e+00
9.029590436099873552e-01
1.038056171184270848e+00
1.151797176948381241e+00
9.483832729604524392e-01
9.590031946655352968e-01
1.054427704935101628e+00
1.057697107314150786e+00
9.768017218009188429e-01
1.023678715000978068e+00
1.135197390948710527e+00
1.011147859797024706e+00
9.696165991171168397e-01
8.371048524126535328e-01
1.019330924449179498e+00
1.058972783708649779e+00
9.725100135452378058e-01
1.025215228736043205e+00
9.722645094250025322e-01
8.453203576449330736e-01
9.650718209754727273e-01
8.738780762340864205e-01
1.235839767891667496e+00
1.001980168032819307e+00
1.107429690387308208e+00
9.723292187204227721e-01
1.014569878714924211e+00
7.892857157933635959e-01
8.304615200808780351e-01
9.938990329919709099e-01
9.902340355019572105e-01
1.024110368736550036e+00
1.017766153961649822e+00
1.092789285140155275e+00
9.046780460989534145e-01
9.869455710118945069e-01
1.079445298630185457e+00
8.751624679566561982e-01
8.848714110607659444e-01
9.692975955525592324e-01
9.945851540797524537e-01
1.105668841785413248e+00
9.622177109611991241e-01
1.048991506479891145e+00
1.032545737343224967e+00
9.086138997998889355e-01
9.212183480436184624e-01
1.176217962591762589e+00
9.011871224328249497e-01
1.177485253851929592e+00
9.591585092044050409e-01
9.005518536004896157e-01
1.051287488112309099e+00
1.118083838913635830e+00
9.610577286841198719e-01
9.775990953484647861e-01
1.057782678424016298e+00
9.953950460291698388e-01
9.630080819385968827e-01
9.515201533580205373e-01
1.084366291324297293e+00
8.900977610076143964e-01
9.052957744804551732e-01
1.240734821419311018e+00
9.000483126106044729e-01
1.092415249368916541e+00
9.209727288197656625e-01
8.200435573383852983e-01
1.018058483361826028e+00
9.820034093001598352e-01
9.875382979041428255e-01
9.130101836299787665e-01
1.038983306622517366e+00
1.104814397035992712e+00
1.034045053438831463e+00
1.035159841729095032e+00
9.127888176043397195e-01
1.126537811673670397e+00
1.007762665608782138e+00
9.258704166446277695e-01
9.615609073705417842e-01
9.146948023163913311e-01
9.825855273318708782e-01
9.231121199299752167e-01
9.737233512607148533e-01
1.084172569495109428e+00
9.959136314120627942e-01
1.160906553822738552e+00
1.077548790718788396e+00
9.854792837361636693e-01
9.576255656883434497e-01
1.050394230390955919e+00
9.078844194269022339e-01
9.688944939838256554e-01
9.773474685847851617e-01
9.577390645805676783e-01
9.326883510536676525e-01
1.017036460146008459e+00
1.040384286286270443e+00
7.698499056990022460e-01
9.147563940632004176e-01
1.060818393465578158e+00
9.748029150097742290e-01
1.156681382807905667e+00
9.211341460469265607e-01
1.056915829281852126e+00
1.008603471170701704e+00
1.141273175792268946e+00
1.012531509264682716e+00
9.041263121984216555e-01
9.207897709342277581e-01
9.688798979646378040e-01
1.074226949677223431e+00
1.040867222050562368e+00
1.060336055445718628e+00
1.149595667838165802e+00
9.300995967746126247e-01
8.811497355465801595e-01
9.047342418613659731e-01
1.144616351299826640e+00
1.024784882398652508e+00
8.813175533790043037e-01
8.394105697549467671e-01
8.947355794100686488e-01
9.294243118793117375e-01
1.003407486350441191e+00
1.054165613770298382e+00
1.018805557058659605e+00
1.196398659826205524e+00
1.079042724757821814e+00
9.717048265023535691e-01
1.029167255066030240e+00
1.033947336560579577e+00
1.070301053860772456e+00
1.040660830026878259e+00
9.620188685604409429e-01
9.680758051519612328e-01
9.917766475508175139e-01
1.058294514238090400e+00
8.978142898091101554e-01
1.037721661821710661e+00
9.226922139351494412e-01
9.660717315076631229e-01
1.118356047922051788e+00
1.121975085973820230e+00
1.132646852051577779e+00
1.250913057250953919e+00
1.017311119344338932e+00
9.740156448266665823e-01
1.036431033967295745e+00
9.947629643708303382e-01
1.007608128474722031e+00
1.006317926678700347e+00
1.139766010475528279e+00
1.043769629495288731e+00
9.277646093929443616e-01
1.285585334577971750e+00
9.063914864920059600e-01
1.027960216252304493e+00
9.000949684229205827e-01
8.169152278218646535e-01
1.058296739706489298e+00
1.042439542416466747e+00
9.729985216998463526e-01
9.837972670264568675e-01
1.036336474950040554e+00
9.228568208662024652e-01
1.009722852824206818e+00
1.060296358477311074e+00
9.650716396169443101e-01
8.634365885446523281e-01
1.044823829403707105e+00
1.047174635561344935e+00
9.800239215604185095e-01
9.761241117050417637e-01
1.002648881190584484e+00
1.078910623358323218e+00
9.274703722484898272e-01
1.056206647881242189e+00
1.104461900000594632e+00
1.226544658291567558e+00
9.677834814480904546e-01
1.196439162331224049e+00
1.052854484865074269e+00
1.040907883733009243e+00
8.828557223555992817e-01
9.853712826927121249e-01
1.203320604274677796e+00
8.956827954794180924e-01
8.969897522592451544e-01
8.980850562570396045e-01
9.158761120055707305e-01
8.909310276014251739e-01
1.080855183647413620e+00
1.099009188994746200e+00
8.546648630443358652e-01
1.059386647590723429e+00
9.739624561285871174e-01
8.588018550194321810e-01
9.535712529335922394e-01
9.468047632339020581e-01
8.445661606914252051e-01
1.009630658978564632e+00
1.073111489103666161e+00
1.122499212244188804e+00
9.985135649941299096e-01
1.123671519448790956e+00
1.136483508458201896e+00
9.765014839857500961e-01
1.021786300063985076e+00
1.084280976981392364e+00
1.006206901902297668e+00
9.294597795490895376e-01
1.099773620994166423e+00
9.500140136101408173e-01
1.063018740685016006e+00
1.020118097327002094e+00
1.119124452601601094e+00
8.725571971795673676e-01
1.110986392876896378e+00
1.071954444627534642e+00
9.705189549852875075e-01
1.029091118166435948e+00
1.027396963479336289e+00
8.011680803582230670e-01
8.753102104345775736e-01
9.561767772756394335e-01
8.581144254865958887e-01
1.028836905868029117e+00
1.088987439596154294e+00
8.918362180544527895e-01
1.138789103514460388e+00
9.760337308940453260e-01
9.815595646979236033e-01
1.062350531370254370e+00
1.000107677308051946e+00
9.383528948653059309e-01
8.945088508268641547e-01
1.086016065280098974e+00
8.923736520606353473e-01
1.069812368067716291e+00
1.009664164449564749e+00
1.129168872116674383e+00
1.186001327601777788e+00
1.109074916767059049e+00
9.021870190290313118e-01
9.437915784994165280e-01
9.325557288762167385e-01
9.806845870716782709e-01
1.040521568052833912e+00
9.868766221782160342e-01
1.136294757871616712e+00
9.723227354240231435e-01
1.203674106522710341e+00
1.017356524557182285e+00
9.849973847944317740e-01
9.632851778660705966e-01
1.130673022058551025e+00
1.022229096807447446e+00
1.056455791079758288e+00
1.108946066213371440e+00
1.092250776834356785e+00
8.791410450323630110e-01
1.164755558190158302e+00
8.819422807724537350e-01
1.189632823010341234e+00
1.081137475317202945e+00
1.004638487536145597e+00
8.805961438881242387e-01
1.149339948657961186e+00
1.187604958459698157e+00
1.110931622934290042e+00
1.095728683149329363e+00
1.015413144675780810e+00
9.947211104739833720e-01
9.111877056821902077e-01
8.362911394999792414e-01
9.745163358332240566e-01
1.024240688595254634e+00
8.596492501594288349e-01
9.400399873330081979e-01
8.991036254877917688e-01
9.840798924930279634e-01
1.026805266841040565e+00
9.470333631121046203e-01
9.877251501080858143e-01
9.746800367665592324e-01
9.637984707664768447e-01
8.862494701472662939e-01
9.822786468356147216e-01
1.036270661885562605e+00
9.858549547318044004e-01
1.120926870814459519e+00
1.136603604655099131e+00
8.213286082843566094e-01
9.903578936544555900e-01
1.047761941062365976e+00
8.703169165817733477e-01
8.548630061204747221e-01
1.090014128009610728e+00
1.208278566375168728e+00
8.078647762679787014e-01
8.242757762081810435e-01
9.342352742903377028e-01
1.017179697298253416e+00
8.470530275556255040e-01
1.102796914884156099e+00
9.601012977971368212e-01
9.918085713683768567e-01
1.055891680279329226e+00
9.179379832361441727e-01
9.511665242317611790e-01
1.071499950235392129e+00
1.102751666807554987e+00
1.037982997357531634e+00
9.872366166928581155e-01
9.753100602848502332e-01
8.560605663110295582e-01
1.018079201210466911e+00
1.112045004619263588e+00
9.871719395189296753e-01
1.051797478862854129e+00
8.112063838076650768e-01
1.004157851995163053e+00
9.610085707197140170e-01
1.046053166894620023e+00
1.111499921317776085e+00
1.048510030874533649e+00
9.538265607679363711e-01
9.976040850356454603e-01
9.174913473494487048e-01
9.508603261613988167e-01
9.435906695672877653e-01
7.880839800359288327e-01
1.061042127956769665e+00
9.758795627446412713e-01
1.019992762740777437e+00
1.109008534134884094e+00
7.915428117490597160e-01
9.385306547427555435e-01
9.765309968021966824e-01
8.153471767637137102e-01
1.000490197523062008e+00
9.791075122112200546e-01
1.002093034918926096e+00
8.958390158642640655e-01
9.468763224519903821e-01
9.672257191672164467e-01
9.640002875754029033e-01
9.052312743430113162e-01
1.117505804540935177e+00
1.008896976352171793e+00
1.021762095052569874e+00
1.024693754650650268e+00
8.733951622130164960e-01
9.957521302867387014e-01
8.606044765633497073e-01
8.777214773042483209e-01
9.788206020253592543e-01
9.982733852542470254e-01
9.965584389388528752e-01
1.142275450692030736e+00
9.350497640533933508e-01
9.826884894195268005e-01
6.865987748643579414e-01
1.046099241121048351e+00
9.919518898202863699e-01
1.010050586593296718e+00
9.250964075344588755e-01
1.038560708072505889e+00
9.298433516663600074e-01
8.776456523856969172e-01
1.067021467071083141e+00
9.362666075860494042e-01
9.554585627451932517e-01
1.013972199054571588e+00
9.414392424357920230e-01
9.329362661241892285e-01
8.209141473006559275e-01
1.045973959162897149e+00
9.451949909908082814e-01
1.092908445582243537e+00
1.146321914028695765e+00
1.077090310826681385e+00
9.584079621269147031e-01
1.175844257036856799e+00
7.372656975262901202e-01
9.673212744021703058e-01
1.117354908529885282e+00
1.053859299788611814e+00
1.035154359327179918e+00
9.099203117767514781e-01
1.032897418484846730e+00
9.634836920200814392e-01
8.960723012182816305e-01
9.050697217148463425e-01
8.720491891127538642e-01
1.032025257801495455e+00
6.561984255926693876e-01
1.067172927427308959e+00
9.114235371704582089e-01
9.575401661815841070e-01
9.627757840980281090e-01
1.034354766785145152e+00
1.016940729880877692e+00
1.067013491803853631e+00
1.024387216322646177e+00
9.627357469304479443e-01
1.058283547561424509e+00
1.183916245079778884e+00
9.263157066182935440e-01
1.002307056123749707e+00
8.967946071641409445e-01
9.091475065669774036e-01
9.476721711864647402e-01
9.836285991791658967e-01
1.222775084033947746e+00
8.456110075202659671e-01
8.917217461659143751e-01
9.921481670287533028e-01
1.118972477204096094e+00
9.648130314214503622e-01
1.004339255728032620e+00
1.038947867920122059e+00
1.039509935427583853e+00
1.041087625050554522e+00
1.106931177900219998e+00
8.933183543513505409e-01
8.231459383114742012e-01
1.197351343959974557e+00
1.084604489181322684e+00
8.825761476771409875e-01
8.935502995770806534e-01
8.647762000478601552e-01
1.075084121290707406e+00
9.209765674735812535e-01
9.178325155757861564e-01
1.135156562124098656e+00
1.001028050578877782e+00
1.284062776349529589e+00
9.168989677541119487e-01
8.559202991059684518e-01
1.208005092338769515e+00
9.707643863914215965e-01
8.314074949905373435e-01
9.931885741210948471e-01
1.050383608888297848e+00
1.080129036047607904e+00
1.046100472566028783e+00
1.095437558600193206e+00
1.078296840092117126e+00
9.450586449516491516e-01
8.630629436344026129e-01
9.883804756781279233e-01
9.440200478628475445e-01
1.002167416943206213e+00
9.294122678022238571e-01
1.011456890591247104e+00
1.005099722062982481e+00
1.162525184807079670e+00
8.619982403790187320e-01
1.004029477261655368e+00
8.371305107562115877e-01
9.622307123062999734e-01
8.216843156703189655e-01
1.078798842289899751e+00
1.129938182466025065e+00
1.091273347409047467e+00
7.965039066064196760e-01
1.164789711875764411e+00
9.006355865273458772e-01
8.380489458659137192e-01
9.882575827275092983e-01
1.033280387618993768e+00
1.090554787832762829e+00
1.170321165443446887e+00
8.130391207404552567e-01
8.942309871725808712e-01
1.163404097399886261e+00
1.073133246825025200e+00
9.489057031030209144e-01
9.942823297730047916e-01
8.955645834081947809e-01
1.152265934597339170e+00
1.029467677343693488e+00
9.428988980648692619e-01
8.999007096461271171e-01
1.007810803840242464e+00
1.118238046487982196e+00
9.753358140298038492e-01
1.054407868489092737e+00
9.980238142880947239e-01
1.049551119336018523e+00
1.060806416613806480e+00
1.109408381776492147e+00
1.100758815553020797e+00
9.165850768456245135e-01
9.062067047305631950e-01
1.032744406885600874e+00
1.112358268364977087e+00
1.016181902014290594e+00
9.447229450668834794e-01
9.111112286560834050e-01
1.092962926306674909e+00
9.890570212535502170e-01
1.024824716700799554e+00
1.077671640500364569e+00
9.618548685856270763e-01
1.008770589449732302e+00
9.956605349850543574e-01
9.747730942091702433e-01
8.134409979277120728e-01
8.994404501653101569e-01
9.875492907715940349e-01
9.350357358392669127e-01
1.080046452233104581e+00
9.404580738432424258e-01
8.967195501379425782e-01
9.756236625235704674e-01
1.059511829667438398e+00
9.452855331840891440e-01
1.007966683395564056e+00
1.163490859849074965e+00
8.477826191506306897e-01
9.846965428188657610e-01
9.992701373463733772e-01
1.113918776065076832e+00
9.818635801775019711e-01
1.028114891555976351e+00
9.957146937570480194e-01
1.029797610031567778e+00
9.096025824340736587e-01
9.100031648409567797e-01
9.253945195739707863e-01
1.050381662090040358e+00
8.954391044970657632e-01
1.034793383919798915e+00
1.065985909493896155e+00
1.008165053113364795e+00
9.390978125354885186e-01
9.265112617381212612e-01
1.127375735886989361e+00
1.067756242621140217e+00
9.820956546070904736e-01
1.028198662235717986e+00
9.297665465277051844e-01
1.012521177373329806e+00
1.117056330866358138e+00
8.671725588930709883e-01
9.203576384795865151e-01
9.865223508905787142e-01
1.023057056650263252e+00
9.650773147504878580e-01
9.612556301996512120e-01
1.096191412792448139e+00
8.812906811028603515e-01
1.179486619839992256e+00
1.049292960024382104e+00
1.122116480269445882e+00
7.560147783177419978e-01
8.671012417910837211e-01
1.055239593169266410e+00
1.065414042538276540e+00
1.030577948772920083e+00
9.058552210802820470e-01
8.673878539444410674e-01
1.195501388875821025e+00
1.129983636692666105e+00
1.025813889121915956e+00
1.032950472189269941e+00
1.056163334026433809e+00
9.973497190844006210e-01
1.098210371052568135e+00
9.322859123449969143e-01
1.070370075871474924e+00
1.019413390678204578e+00
9.055179987314165846e-01
8.592682746550491801e-01
9.982242001084781213e-01
9.401609036888938231e-01
1.135060012849532507e+00
9.852452782316305502e-01
1.015447116443810360e+00
9.576441325357492040e-01
8.799324789132270119e-01
1.026235382488387193e+00
1.103544109622435210e+00
1.097846461701997178e+00
8.800248002933364067e-01
9.344890437942977579e-01
1.018450766796322737e+00
9.825619040071559285e-01
1.163256059586464719e+00
1.059272867119206651e+00
9.250579226688646628e-01
9.697191429865837931e-01
9.354388518787529749e-01
8.429235092542789465e-01
1.178065260216036192e+00
1.060117637979440586e+00
9.894410582268544641e-01
1.047720873657407958e+00
1.127468204919627848e+00
1.248433587068351391e+00
9.992285314554524289e-01
1.082177784716733315e+00
1.052200704128893216e+00
1.210407749906489361e+00
9.926564117470333404e-01
1.075169845354890130e+00
9.820524954872122958e-01
1.094196726228322314e+00
1.018490807404879517e+00
1.072632183037105946e+00
1.096198721284235678e+00
1.106068673243765010e+00
8.320943870788197749e-01
9.149602980420565856e-01
9.613807674604152309e-01
9.671894928240939437e-01
1.028080602091292706e+00
1.221348821740690704e+00
8.769649927433732506e-01
9.438570156640688769e-01
1.007224973166936710e+00
1.026084693513496182e+00
9.211150507284857625e-01
1.045738178120860340e+00
1.095916813728460282e+00
1.159810757068350906e+00
1.000990635376661109e+00
9.830526326069058962e-01
1.053068200568315405e+00
1.041027780120532986e+00
8.982167799888451931e-01
1.014478171389323835e+00
9.024705222091512491e-01
8.625064868842349242e-01
9.105268775458792430e-01
1.049329033181248150e+00
9.068531408307133335e-01
1.275769630396414556e+00
9.606453327049495616e-01
1.199695353306049483e+00
1.060694502980174203e+00
1.073859765747573691e+00
9.151221319094738904e-01
1.049994352265958053e+00
8.777049317901951531e-01
1.011982815798575741e+00
8.666293188571414507e-01
1.057198441427526614e+00
1.080951012483970297e+00
7.497669474086581243e-01
8.443136117941704155e-01
9.167893333141877710e-01
9.639858820987788901e-01
1.110073859213649206e+00
8.699132314992213955e-01
9.785922184609125996e-01
8.582072454637822423e-01
1.128355848501365610e+00
1.025925863673351257e+00
9.935117373355238923e-01
9.164703830554704611e-01
9.420714563484480220e-01
9.561284577890983849e-01
8.349947109855857530e-01
1.035867795688832249e+00
9.963984316010596753e-01
1.017526396504904840e+00
1.088607730794408424e+00
1.032909719832061812e+00
1.058257154073314776e+00
1.007225417115567900e+00
1.033065393554211786e+00
9.809510815797009009e-01
8.404196302578800237e-01
1.016471944149890172e+00
1.091541581119939153e+00
1.136488584318095851e+00
8.610178457677030162e-01
1.208597935150394376e+00
9.217247742760685814e-01
1.105105627943528068e+00
8.957577749947195356e-01
1.056764212231540601e+00
1.153099637592081450e+00
1.175411387236417804e+00
9.411519998567738909e-01
8.889150530308178588e-01
8.780348201161310984e-01
8.947306534080722296e-01
8.397277886202081376e-01
9.977841032953755906e-01
1.009009062571388116e+00
8.477176737371010518e-01
1.022240025481962133e+00
1.104432638432316871e+00
8.557822498957545765e-01
1.045530321351311187e+00
1.186680285065755847e+00
1.116190444480996913e+00
8.888062618846659380e-01
1.040136151168251422e+00
1.000065416434208210e+00
1.051011839820963800e+00
1.082862472031391299e+00
7.149895491660103186e-01
1.009981129694679902e+00
8.219683024166057894e-01
7.835541515045371108e-01
8.999694856082605110e-01
1.079569035372180075e+00
1.054675628958086087e+00
9.386484008070812290e-01
1.011786921652422455e+00
1.227268568199525456e+00
9.023647544983978142e-01
1.160532978239406265e+00
1.122608028711691297e+00
1.001730360254065699e+00
1.067355333931583550e+00
9.369982103789995520e-01
8.515894983379895811e-01
8.867382214692653974e-01
9.676188701554994109e-01
1.153340759566920060e+00
1.040360161076936851e+00
1.039159715587885113e+00
1.123873887178497011e+00
1.039629437867651829e+00
9.169392750305862538e-01
7.923398699686500235e-01
1.001959708404735805e+00
9.768515216451005845e-01
9.543987027687305114e-01
9.406713566651100367e-01
1.181584638980473390e+00
8.129222417960861868e-01
1.078465394116186360e+00
9.702488592823007574e-01
9.683229330649720801e-01
1.297519025732859932e+00
1.068884883642549077e+00
9.368212750163077418e-01
8.908650493940862836e-01
1.163559718094696160e+00
9.796588133124873865e-01
1.060800033937258524e+00
1.089968908268834413e+00
1.094771822377529125e+00
8.234394502157287299e-01
9.461829939710916237e-01
1.106332521039725458e+00
1.173221675632964534e+00
9.208842402986345821e-01
6.871880244889843059e-01
1.019195625870877642e+00
1.030452275876474699e+00
1.069622620108237276e+00
9.739604079298914696e-01
9.431479275033379794e-01
9.308357811184821973e-01
1.193433257642607437e+00
8.969953945887909619e-01
9.268811708891745438e-01
8.495754184849999557e-01
1.133555066729245553e+00
9.770154693731712969e-01
1.117552660272084220e+00
1.161830421600898333e+00
9.107292784878584513e-01
1.119333644097075586e+00
1.135308213987239467e+00
1.015960220823554305e+00
1.170641916349705491e+00
1.030596241960730852e+00
1.151932915498891097e+00
9.290659247486694472e-01
8.799855995582858137e-01
9.730208639240836010e-01
7.700462108141804540e-01
1.037662458571761981e+00
9.204944344445944449e-01
8.065218089595636020e-01
9.585140933298412769e-01
9.445683156294081284e-01
8.955660342144028396e-01
1.034255751898405462e+00
1.104387274680245223e+00
1.094895376376972873e+00
9.108816306446536615e-01
7.550217418371876210e-01
1.099507672874177278e+00
1.067890776290045141e+00
1.086616220198113991e+00
9.065865535199649772e-01
9.148585864981899629e-01
1.054010694293068484e+00
1.062633121197552377e+00
8.276546630656874681e-01
1.042931124757999761e+00
9.309574193536450659e-01
1.048030688575705804e+00
9.055910809550684615e-01
9.375170936715598868e-01
9.893219704889378852e-01
1.061198826350121527e+00
9.191763068424803063e-01
9.529944906423600814e-01
1.031591639825172768e+00
1.030475112695975248e+00
9.428866242573222811e-01
1.006670354029068459e+00
1.067867198021937192e+00
8.692254525829147260e-01
1.041883479064372064e+00
9.176779939185614188e-01
9.980112537310318332e-01
8.859151191833939398e-01
7.695577478194481902e-01
1.030167454040465946e+00
9.230627643139589500e-01
1.266582971614746089e+00
1.017842491056364596e+00
1.126336052650475317e+00
1.046731917448368465e+00
9.918729999926079177e-01
1.275964428830937525e+00
1.002739945906844898e+00
8.357911008361960103e-01
9.906805970941328088e-01
9.429591577883703613e-01
9.231468480324528381e-01
1.023093034441936222e+00
1.074544576715775968e+00
9.976832423744912415e-01
8.622013300642670242e-01
1.102202250001880657e+00
1.032801007135103033e+00
9.336928001391251453e-01
9.344192987662728322e-01
1.060972100974204357e+00
1.207207378718595958e+00
9.143783940716662118e-01
1.097201580603724524e+00
1.033835815192124974e+00
8.380138341941621993e-01
9.828330495928085941e-01
1.014575230715041299e+00
1.153941233613552386e+00
9.951413010295984130e-01
1.000067364798484792e+00
1.030509605782973903e+00
1.000041078782623050e+00
1.047588370277391157e+00
9.531861514064114971e-01
1.125801139867133260e+00
9.503361738833773220e-01
8.733577069504664392e-01
1.063325744495225544e+00
9.425505568177807714e-01
1.037526370392871433e+00
1.119602431663966113e+00
1.166102927287866464e+00
9.243932624207986670e-01
9.880965866698506739e-01
9.091866372320858147e-01
1.021417745922953646e+00
1.106451588646248707e+00
9.643423004661602072e-01
9.863282292026843701e-01
9.913105343768140454e-01
9.792269153874497700e-01
1.069609243803072651e+00
1.081767840102411116e+00
9.921240841963383517e-01
1.071220290775862560e+00
9.072241404652655605e-01
1.196464279317510204e+00
1.074288193020981996e+00
9.452359434714676656e-01
9.058346896523953307e-01
1.086463858948593320e+00
1.132170456400231950e+00
1.204633809949665402e+00
9.824361172854689794e-01
1.065680039940241963e+00
1.067623424365316431e+00
1.142557198901049453e+00
8.434498442790684392e-01
1.037246054176985899e+00
8.568583608642790228e-01
9.732021039503078175e-01
1.043626563522242368e+00
8.878443899726694566e-01
1.157451344921138769e+00
8.737959217071740170e-01
1.034859824976535503e+00
1.068636426209137680e+00
1.003426492700008055e+00
8.466355329569824617e-01
9.125215501698783482e-01
9.729613456610495259e-01
7.984194733845495495e-01
1.037310125927060733e+00
9.930235400768340215e-01
1.012866489363231093e+00
9.785274326051025540e-01
1.054284157479961515e+00
8.270807727459323910e-01
9.382437355324777517e-01
1.203252492414765396e+00
8.749594840560682707e-01
8.255317269569847349e-01
9.472502235567002993e-01
9.267154250033626806e-01
1.019089022571438186e+00
1.123668789768174747e+00
1.088190038717308017e+00
8.954245621674169486e-01
1.041247805339704291e+00
1.038596073544906906e+00
1.087736019922058928e+00
1.085909068789677301e+00
9.979362038744081786e-01
8.614949505016297193e-01
1.037364413337199309e+00
1.070231049473100660e+00
8.357096133772743407e-01
1.002217335807282117e+00
8.412852053612209779e-01
1.057888197057742508e+00
1.105673837696688144e+00
1.198911561624071087e+00
9.517863808758798561e-01
1.156036449314345127e+00
1.084741482846159233e+00
7.436302209014582498e-01
1.066703803678119566e+00
9.037864755919019499e-01
1.139830478359394439e+00
1.107137532233693600e+00
9.015970093597008850e-01
9.374609184494161473e-01
9.975659377109985515e-01
1.106410739414542377e+00
1.012874875133330965e+00
9.364010083638575344e-01
1.032643612513656439e+00
1.160854825032637594e+00
1.019579031783145906e+00
8.608327986573027779e-01
9.905148272860861969e-01
1.050323152269269755e+00
1.066005680330273542e+00
1.215520841016245246e+00
8.466312870563672544e-01
8.367936159389576245e-01
8.370094113402569702e-01
1.002746894561965751e+00
9.615448042025156461e-01
1.049079602556127533e+00
9.459461957509204266e-01
1.072089263942414661e+00
1.068045920092146162e+00
1.043029603960777152e+00
1.040838148046602907e+00
9.039709946104929061e-01
9.805304568787096553e-01
9.231064587671555799e-01
1.037811772267262622e+00
8.879822558855091641e-01
1.044408863835402546e+00
1.055037704050009406e+00
9.680560549549750426e-01
1.061800187654896144e+00
9.777444864980380235e-01
8.888913663806720100e-01
1.056383803367177743e+00
9.092896767698908089e-01
9.330253973349658114e-01
9.658134911409753665e-01
1.165398729769264063e+00
1.037973898974510423e+00
9.886609768083713945e-01
1.041904112219909084e+00
1.153538680046402032e+00
9.603656777377480580e-01
1.109660323360248446e+00
1.147994194926379219e+00
1.052209833389467608e+00
1.164770625813686733e+00
8.654739937081821211e-01
1.119781023770670458e+00
9.545989335259044140e-01
1.091961500097569093e+00
8.965496037490341408e-01
1.067983171887253446e+00
1.103193931807600503e+00
8.763881936819611917e-01
1.047036974994527858e+00
8.831933972436880609e-01
8.279445445507485069e-01
1.149619064476084640e+00
9.891610083757724770e-01
1.042939398353910807e+00
9.152000927350066872e-01
1.025562188300085609e+00
8.712448189067271143e-01
9.224894750268257670e-01
9.170005344187877050e-01
9.313440842778540896e-01
9.270369862928279359e-01
9.881611751552012990e-01
1.053618500274890568e+00
1.054440040772204101e+00
9.393187108640409511e-01
9.827863270149275188e-01
1.053501779667647353e+00
1.032963990594881531e+00
9.874076244448664053e-01
9.847743733338347738e-01
8.744833542072627530e-01
1.003858151729071224e+00
1.132024188632036132e+00
1.084781265538006689e+00
1.050940311376692415e+00
1.067065038113826247e+00
1.100217872693084686e+00
7.635768775066719138e-01
1.056027992558446815e+00
9.448249048340866540e-01
1.005043955343719153e+00
1.096587774550810801e+00
1.073157340802824100e+00
9.981508866473659536e-01
7.986789018606516022e-01
9.654732569796254937e-01
1.030413619957392779e+00
1.074637140750101860e+00
1.009190157250836828e+00
9.462477975510186212e-01
1.023968108919959707e+00
1.068335196585154190e+00
1.054876413702659388e+00
9.489151111072571254e-01
1.030663340224377889e+00
9.751444329817221535e-01
1.086228903495126685e+00
9.624425998838926910e-01
9.790525855634238939e-01
1.003239927155679334e+00
1.008356069457790660e+00
1.057578006851309205e+00
1.151285712675816697e+00
9.855291667317790383e-01
1.141339294207606159e+00
9.268329549826883618e-01
1.038897541636336186e+00
9.592446596765765721e-01
1.013822098227022295e+00
9.781976725860156430e-01
1.043807550760177172e+00
7.963505694378988364e-01
1.048120531316870885e+00
9.679475393072183298e-01
9.410190587664222228e-01
1.047100636003445828e+00
1.081095101145104431e+00
8.608223467444555688e-01
9.870841047698161175e-01
1.015396456750641274e+00
9.535036084529872058e-01
9.516156182016709542e-01
1.139026042668758398e+00
9.477892353031219796e-01
9.699334421681369278e-01
1.061301409062195500e+00
1.039089023595371364e+00
9.894854173895247795e-01
8.965232710136319394e-01
8.501204007486862224e-01
1.195713512631369824e+00
9.260849382114910711e-01
8.649469546846438872e-01
9.944368521617319434e-01
1.121624852054306176e+00
1.065144858187745402e+00
1.067401500597223274e+00
9.623225009765724591e-01
1.021516400015661796e+00
1.115656571036481193e+00
8.054279017377530270e-01
1.181156806782266422e+00
1.061707106311358340e+00
8.222824547709408627e-01
1.066486933034115792e+00
9.870622566217327476e-01
1.065072751469370527e+00
9.727012157524443925e-01
1.082695230656804952e+00
1.124314491570391095e+00
1.033543023754967649e+00
9.719529910200590539e-01
9.918870874473763033e-01
9.206123562548358397e-01
9.536487806559275082e-01
9.915891006039808664e-01
9.971540283293390816e-01
1.063933159873670098e+00
9.280117538658371190e-01
9.953943306259577239e-01
1.112011043498524643e+00
1.220942709132344373e+00
9.369392748830372986e-01
1.030525698934090739e+00
1.035475161169709279e+00
8.878290607436846171e-01
9.195470990534670985e-01
1.059998649307638985e+00
1.036768561388857757e+00
8.266378099040633254e-01
8.996806093087850176e-01
1.039201034749748453e+00
8.578649156974107459e-01
1.014431733036661454e+00
9.914591543890391989e-01
8.786283344608214474e-01
9.838492370375285789e-01
9.380153206520235321e-01
1.020953056369523493e+00
9.769704615181772356e-01
1.088251154278984334e+00
9.534392231411823460e-01
6.785415987185003939e-01
8.241799688124145096e-01
8.449528157571581932e-01
8.830117074936828514e-01
9.165354757091799254e-01
9.689239074836518695e-01
9.284600340917915640e-01
9.334554023819093826e-01
1.181304964174787697e+00
9.805418097240851116e-01
9.487111454004586442e-01
1.006758233771398503e+00
8.991227985557574964e-01
9.820560784316625380e-01
1.021095395860112331e+00
8.771128766948609323e-01
1.152133847695276270e+00
1.074915181196023584e+00
1.067682776324758276e+00
8.445870002921096464e-01
9.360879075663762761e-01
8.900252543201935262e-01
1.043566756203714307e+00
9.287493869615741637e-01
1.039697553160254806e+00
1.017023928204704886e+00
9.373935779721033201e-01
1.039418034144337533e+00
9.683141268035103666e-01
1.002895677087580761e+00
8.763048470508145726e-01
8.559674432354154039e-01
9.657632832931272171e-01
1.007829828456353161e+00
1.085532487360956200e+00
8.953985086913069935e-01
1.014558999062495914e+00
1.003685531417408461e+00
8.491699549754874177e-01
1.102194887754064156e+00
1.061688924511593024e+00
9.254918056679337646e-01
1.006878899920064407e+00
1.091470465284603453e+00
1.039261760020615766e+00
1.018626541719828360e+00
8.959406264852733948e-01
8.396907791590242365e-01
9.367534099163111749e-01
8.482716929286950869e-01
1.038216397644060596e+00
9.843047640630357975e-01
9.948904398259800219e-01
1.032106577730256269e+00
9.660384462563240682e-01
1.069546677905615750e+00
9.956688182424385802e-01
1.197545026634811105e+00
1.054427160287577436e+00
1.015286937324808125e+00
1.076498529807668136e+00
8.676556940902135917e-01
1.128378650657367421e+00
1.077046920615401193e+00
1.151529953177939714e+00
8.759383295784025636e-01
1.002344940637848847e+00
8.229106170661930619e-01
1.121810176273712489e+00
1.154815469794616245e+00
9.685833088260294987e-01
8.734717289560762765e-01
9.451990456397432183e-01
1.072219789451918315e+00
1.061682354544796647e+00
1.165255044741891011e+00
1.112487616806241641e+00
9.529950808790613737e-01
9.486383636435373745e-01
1.010755986489630276e+00
9.907684937060458052e-01
9.677215093843843929e-01
1.083736224106110368e+00
1.099182227250303123e+00
9.526143253592646021e-01
8.252292705813440987e-01
1.030818881827106459e+00
1.130567406131633090e+00
1.109651368975077546e+00
8.861864893437896296e-01
1.086080468219667416e+00
1.087675187319256720e+00
1.024518286422750668e+00
9.320124372959317505e-01
9.886780697203373380e-01
1.104053982838262948e+00
1.009056988689678969e+00
1.005457412292108499e+00
9.684428846470933827e-01
9.761891334388612673e-01
8.943782647523446094e-01
9.673731301287644690e-01
1.210258321250649249e+00
1.133049128818073514e+00
1.023812542250857271e+00
8.752394431682651854e-01
8.705239606329703284e-01
1.001357348565746985e+00
8.234372733049225568e-01
1.146358627573341948e+00
8.917407747174006527e-01
1.011840445835651803e+00
9.596610829261497111e-01
1.128937747667288827e+00
1.001039249094835437e+00
9.233458556075173629e-01
8.540850845188989737e-01
8.909723133968241449e-01
9.777274455143423193e-01
7.632028562455571707e-01
9.810338180714460732e-01
1.163702784042194960e+00
1.019315669194024832e+00
1.225503838043634275e+00
1.044855428714932977e+00
8.129144770852899660e-01
9.328554484822797477e-01
1.021772621076580068e+00
9.182591359628380356e-01
1.015452683563469849e+00
8.236796540779316445e-01
1.050096012806213785e+00
9.739170081735333273e-01
9.264954275240872006e-01
9.267012476474812965e-01
8.620413663362269663e-01
1.202875901526647917e+00
1.036971205679783958e+00
9.814573852558616807e-01
9.796544608548336530e-01
1.152022824941001611e+00
9.071318088381568057e-01
9.899999742838023753e-01
1.113384219683570597e+00
9.539984369324532310e-01
9.734962474801315269e-01
8.971340822889408706e-01
1.047091160188874159e+00
1.109729163744824110e+00
1.016806915063976913e+00
8.884226287650498488e-01
8.858822580217593501e-01
8.245142515384938919e-01
1.000805269854289747e+00
9.927695814089566584e-01
1.007586072467453242e+00
9.817885498983827119e-01
1.142917964255244279e+00
1.090163019224483110e+00
1.165244399047555168e+00
1.068831302715669285e+00
1.070315103342173835e+00
1.060043403888803581e+00
9.257981589258461597e-01
9.768208568893677057e-01
8.841379146626278107e-01
9.548794521313390682e-01
1.000822723832336614e+00
9.007471117734801025e-01
1.020394196537298459e+00
9.351612005917627757e-01
9.174761650289233739e-01
1.064593191920827131e+00
1.133666028028912809e+00
1.060941949419426544e+00
1.020983358340898040e+00
1.036061555161371439e+00
9.539724495870340881e-01
8.245495607459352172e-01
1.064189486913478255e+00
1.137595258308531587e+00
9.174879686982908567e-01
9.114536573967401134e-01
1.050747544505045816e+00
9.082817510737255517e-01
8.851736972387757030e-01
1.069377027546343450e+00
8.812742516302962681e-01
1.032882757210453750e+00
9.664509980590620941e-01
9.809225960734606620e-01
9.787191209179372242e-01
9.284610723792572351e-01
9.692457771170126524e-01
1.107278343900940376e+00
9.648303470220152001e-01
1.069232210110691472e+00
8.404879173497474820e-01
8.963920852260496286e-01
9.803840232058796955e-01
9.192351899647211999e-01
9.363980273800965870e-01
1.124652579138972541e+00
1.097156714365762120e+00
8.648746043639913283e-01
1.069635133699986307e+00
9.696801380081253585e-01
8.386816289074999764e-01
9.367856273185286575e-01
8.915735205919944617e-01
1.063268473735712982e+00
1.038242592445097756e+00
9.342761095290799123e-01
9.693595797991161334e-01
1.040589717630359345e+00
8.931373621460645396e-01
8.996209326180311106e-01
9.676422363511431035e-01
9.555890826177111386e-01
1.175885287660401124e+00
1.021297564098963662e+00
1.036755710879267767e+00
1.033635597111274507e+00
9.628628043053205632e-01
9.358205408304688389e-01
9.549861883905642612e-01
9.017562504098055598e-01
1.057126459571225752e+00
1.051066038943602843e+00
8.788988856173421960e-01
1.067170845648861999e+00
9.913289785684836763e-01
1.077215816944174787e+00
1.115411506739763192e+00
9.841811617695416237e-01
9.590992957043186218e-01
8.421551963854307932e-01
1.252252418568891024e+00
1.050717085263959127e+00
9.983622676166525878e-01
8.755489692107625288e-01
1.050617241709532301e+00
1.000326157603957933e+00
1.083438054968731912e+00
9.723545144948586572e-01
9.499749511550316106e-01
1.038470562516344398e+00
1.038645668248404430e+00
1.090189995700921788e+00
1.071792927620730529e+00
9.305018504417856828e-01
9.195875599940583900e-01
1.128922598460958104e+00
