# signal periods in days
2.426770894598519135e+01
3.819115382966979269e+02
1.998233280427793446e+01
1.803576013720574878e+01
3.666327726391493513e+00
3.393942059852819284e+02
7.443324633593398687e+00
2.286529177270523405e+01
1.682497493358714991e+01
2.882890587623360830e+02
2.680894808116115513e+01
8.634683901007401019e+00
2.399477985578043260e+01
2.101076489083733918e+02
2.828564941331832472e+01
8.240333029458716041e+00
2.860506486451631858e+01
3.226832012515012593e+02
1.886918398616759518e+01
2.205752728389818529e+01
