# data in one-minute intervals
9.883682551756957091e-01
9.969941788613254641e-01
9.880903811253658464e-01
1.015916863845968354e+00
1.002358616923563650e+00
9.931453586487495322e-01
9.919049428406655489e-01
9.993959660316423799e-01
9.917211377115334736e-01
1.011103141199511057e+00
9.943080368946353165e-01
9.766039207512727804e-01
1.004216249767716951e+00
1.009266373223762336e+00
9.975477015201836828e-01
1.002400626895745273e+00
9.805754328335238856e-01
9.976807414346000602e-01
9.740526057201720489e-01
9.995014433826492350e-01
9.848475024558910329e-01
1.024562526274901186e+00
1.005969826817684210e+00
1.004615705588341568e+00
9.929387195445517067e-01
1.009827265971595889e+00
1.010237253158035031e+00
1.013225888792413931e+00
9.981262370619409241e-01
9.870678129404739654e-01
9.822035785714142708e-01
9.879108450224300952e-01
9.966830980247667338e-01
1.004721909335183572e+00
1.001045004710186648e+00
9.946040058429533870e-01
9.868759658598524886e-01
9.813814163931542378e-01
9.985953926440861439e-01
1.014968083859441705e+00
1.008613065632943950e+00
1.011575180547711339e+00
1.007892022011779742e+00
9.852538437080522460e-01
9.993908160474707092e-01
9.864616334689649824e-01
1.000371876462210485e+00
9.949599112507588883e-01
9.946285751325071312e-01
1.018760053050042913e+00
9.950435248351592321e-01
9.992448659373699416e-01
1.000126617160920217e+00
9.982908767021274610e-01
9.842789423512487978e-01
1.015384246937623303e+00
1.006698099395935797e+00
1.001189549219682950e+00
9.924619062733257557e-01
1.005528927147983032e+00
9.852454630541546132e-01
9.932026945171347210e-01
9.939741122380335581e-01
1.016472929980408946e+00
1.019022829993373458e+00
1.004977836069447461e+00
9.912082986194217238e-01
1.003936746254132872e+00
9.861787460241913106e-01
9.951407408200466653e-01
9.951775555945894247e-01
1.003042177195246021e+00
1.003261705288149841e+00
1.000696150619725833e+00
1.007606473256576818e+00
9.927530905439917452e-01
1.004535422241713771e+00
9.978369723852990036e-01
1.009816292119113168e+00
9.922707941719144387e-01
1.016434751937442815e+00
1.007903032106232555e+00
9.982218566311038543e-01
9.959271317689799563e-01
1.001244742568278223e+00
1.008213350634649563e+00
9.989753716716789356e-01
9.775034352562084194e-01
9.804770333126442416e-01
9.811140957195864098e-01
1.014728899095567627e+00
1.005859812577968082e+00
9.996437506047937127e-01
1.008828004762993391e+00
1.000711031894917724e+00
1.006622608707913979e+00
1.003546475657065340e+00
1.019031372628373511e+00
9.912461625639972240e-01
9.973551480983817719e-01
1.003166335711251245e+00
1.003319824201768684e+00
9.892245092940795681e-01
1.006961524942890041e+00
9.939454338579015724e-01
9.910658056363310653e-01
9.971841710328200881e-01
9.915577657532849143e-01
9.970929227930882544e-01
9.957302674009977927e-01
1.001213418514937503e+00
9.920057783531883722e-01
1.010480051642806743e+00
9.944475299773672949e-01
9.986704830194299554e-01
1.000657782130029538e+00
9.966550074272300108e-01
1.011371227459295419e+00
1.001024066632220766e+00
1.005787735372321245e+00
1.002920564074895937e+00
1.011465082678912664e+00
9.970240091279950478e-01
1.019154633690434908e+00
1.025240023478140028e+00
9.950797775823537750e-01
9.961139580582579756e-01
9.917251898484523709e-01
9.938042227950404373e-01
1.010193979148052090e+00
1.004246295250165399e+00
9.850042990226520745e-01
9.986364872358426403e-01
9.994361613881357354e-01
1.004853732714656500e+00
9.889314705804512773e-01
9.916448098636967412e-01
9.901928538312938510e-01
1.001461937943020741e+00
1.001562807949107903e+00
1.007901005913662162e+00
9.834895762022336507e-01
9.948704658376398280e-01
1.006285894871862485e+00
1.006665422244581221e+00
9.827827719028395803e-01
1.002794372336205164e+00
9.971543662183824930e-01
9.993870263815923805e-01
9.939556161459249806e-01
9.942470590433201139e-01
9.994460060168647297e-01
9.907077091141242020e-01
9.942069517206292284e-01
1.004870644518544021e+00
1.002730348059552412e+00
9.903816360199765301e-01
1.002610156076187087e+00
1.015057265988662305e+00
9.998788915343450601e-01
1.004253419574933304e+00
1.019954417673047509e+00
1.005135824491496521e+00
1.004836445634349706e+00
1.018838969005821493e+00
9.997086722581378648e-01
1.019007712736282878e+00
9.971639354006778255e-01
1.011735615588013948e+00
1.008997337242468983e+00
1.010813065401903632e+00
1.001174808674519801e+00
1.012076138339866649e+00
9.997181076709509284e-01
1.007380057538729057e+00
1.002682889322541682e+00
1.000181343397538392e+00
1.002857143503432580e+00
1.004646462913935556e+00
9.805564976320720882e-01
1.010048050853088686e+00
1.010927495343688198e+00
9.950484314665101193e-01
1.006831085207660514e+00
1.011987867349215531e+00
9.994771760172014297e-01
9.922463878021031691e-01
1.000023373214283584e+00
1.007393222104349340e+00
9.998260296440732997e-01
1.009481638227835765e+00
9.861609733555851687e-01
9.819979087373335025e-01
9.852207682370798247e-01
9.853410314396784386e-01
9.944593369730773125e-01
9.955499452276240779e-01
9.920711999528991631e-01
1.020221421930235683e+00
1.003602516505008424e+00
9.943882779859483101e-01
9.939161866118327859e-01
1.003248213780848053e+00
9.934265036715341779e-01
1.011179573260143183e+00
9.937931205941773483e-01
9.928665692685093580e-01
9.908927772282790647e-01
1.006778142810623500e+00
1.009518775113957822e+00
1.009684447416655750e+00
1.016199756103436602e+00
9.814731678568177076e-01
1.000726195738339763e+00
9.926000122068147080e-01
1.006158007538780375e+00
1.010901597049516321e+00
9.967968442415529040e-01
1.001544700348300010e+00
9.915397274069734923e-01
9.891293575239418212e-01
9.982322745152196752e-01
1.002016250068191949e+00
9.646536668844158946e-01
1.001996624306718431e+00
1.004533968075699057e+00
1.002718362682172959e+00
1.003770061532649693e+00
1.007892782389475661e+00
1.012790480286637873e+00
1.012009258119146882e+00
9.978945697808936366e-01
9.901494784158737517e-01
1.001225822173966717e+00
9.920103983718280283e-01
9.959302360710369229e-01
1.008794564812367955e+00
1.000831835817414417e+00
1.000030572231886961e+00
9.945396230643819280e-01
1.011136698484269569e+00
9.996188339197348283e-01
1.011511612492912660e+00
9.985847679212429551e-01
1.002213088507079464e+00
1.004994190373879936e+00
9.960104334000248194e-01
9.990940153729452877e-01
9.991335893240502752e-01
9.953586371779120645e-01
1.005843067153467274e+00
1.003888899325010131e+00
9.908258543555804598e-01
9.941168496203870442e-01
9.972414699433119756e-01
1.003179525205341260e+00
9.802515374088909272e-01
9.860902421830071152e-01
1.011466523673922646e+00
1.011482606712699184e+00
1.003774771341481964e+00
9.751086932548139741e-01
1.009688751272639573e+00
1.005769180923500095e+00
9.815506073000378473e-01
9.880365876461696395e-01
1.006960568175962800e+00
1.005630402003939494e+00
1.003720043383846239e+00
9.952279379723152353e-01
1.018332114473466499e+00
1.018231991168736528e+00
1.014062465633515320e+00
9.980246925746737441e-01
9.987073249059945645e-01
1.001244545051167556e+00
9.986506577526800266e-01
9.895303186458912492e-01
1.018824077764815206e+00
1.010982357727099323e+00
9.959930058043287016e-01
1.005918253421355768e+00
1.005621217594696359e+00
1.008413131069937352e+00
1.006786954956401248e+00
1.017402896551416580e+00
1.011206006306393457e+00
9.917728633517347570e-01
9.998710453515695651e-01
9.994607338320019574e-01
1.006794708679652706e+00
9.993104799202705557e-01
1.002437920823604944e+00
9.983770583147049127e-01
9.837114426802956446e-01
9.903724914072927765e-01
9.834399760526386647e-01
1.004454536817955157e+00
9.915758507939327338e-01
9.893413542219312573e-01
1.000516279897007754e+00
1.003641741920754615e+00
1.007712592385938022e+00
9.862872730895465567e-01
9.935939581585528924e-01
1.003028123252791337e+00
9.984130840530500706e-01
9.967650881113141459e-01
1.015648928098842108e+00
1.003589260668781291e+00
9.976028442097633064e-01
1.014238560277293422e+00
1.000481949870149156e+00
1.000380873293617245e+00
9.999770592667736047e-01
9.908370156268401230e-01
9.952254720776425589e-01
9.959694614297496251e-01
9.976639452053064350e-01
1.004048398857011248e+00
9.926354045533918313e-01
9.966137856100135695e-01
1.001353897191757714e+00
9.905510114813647071e-01
1.016015357043425160e+00
9.890234889896799553e-01
9.884458567772054227e-01
9.909775682293786581e-01
1.005489830636266291e+00
9.980790863756201503e-01
9.878086729153371381e-01
1.000169181330937462e+00
9.849233548230120761e-01
9.926853806715545403e-01
1.002453425722692915e+00
9.959700371212871772e-01
1.011075350725051392e+00
1.008089249306371560e+00
1.003468031398484728e+00
9.854762631326211553e-01
1.001870561985420238e+00
9.988268822169694694e-01
1.006114270733954097e+00
9.800498358949212285e-01
1.001682466545664729e+00
1.017921128966913669e+00
1.004813075828621782e+00
1.000492568930992920e+00
1.013040151296692226e+00
9.870006219903056932e-01
1.007802526701123247e+00
1.008932293986117390e+00
1.014472617174434266e+00
1.009303664091175445e+00
9.946204622364702708e-01
9.970896182184513235e-01
9.972256086006568987e-01
9.882953653894338553e-01
1.004277267963706866e+00
9.795017444270467388e-01
1.001024721512649096e+00
1.006047028099168905e+00
9.953257844481659955e-01
9.982448415071428771e-01
1.000463958401541786e+00
9.740918791940161858e-01
9.962143630000510619e-01
9.899767777877575003e-01
1.016494488479093405e+00
1.008101086626723708e+00
9.843218407722975627e-01
1.006878988124405572e+00
1.003079987405450346e+00
9.808358470888928204e-01
9.914764145419501240e-01
9.965010821518609507e-01
9.974022533173890759e-01
1.000090818974672668e+00
9.946211602756196424e-01
1.000173410964508403e+00
1.013375799318151582e+00
1.005925333537004640e+00
1.000797256119235978e+00
1.003956557588996379e+00
1.009887552154755230e+00
9.969540471299682682e-01
9.869914383719501361e-01
9.924399055991548479e-01
1.021771120286397716e+00
1.016478824081268773e+00
9.784765084493416420e-01
9.921438859326715543e-01
1.000269617395707522e+00
1.013709679096373995e+00
9.915684443194103803e-01
1.002903164351122589e+00
9.878267517249194052e-01
1.004605849292514508e+00
1.020726978702643839e+00
1.006290057089506140e+00
1.011856451994821882e+00
9.926979294012563404e-01
1.005429076032808178e+00
1.000979790829044314e+00
1.019827634860828169e+00
9.995196128444209238e-01
9.910488483602575283e-01
1.007976069575110101e+00
1.016758751859438981e+00
1.007572142880193811e+00
1.006555873029075121e+00
9.967067750512755842e-01
9.907499383727176312e-01
9.898243747112973612e-01
9.828111852333969445e-01
1.000520450590777877e+00
1.005865784552188336e+00
9.932097144962281909e-01
9.975615885723502219e-01
1.009098290802756592e+00
1.010990471835840676e+00
1.010124626650708901e+00
9.950026061980525860e-01
9.900295776067740139e-01
1.007257588895107414e+00
1.003744675724472346e+00
1.003267525474741184e+00
1.013237826965066368e+00
1.000365559441491525e+00
1.009871640943083682e+00
9.861689242191390425e-01
9.940880336653196148e-01
1.011063041590603229e+00
9.948567121893829857e-01
9.949697039011188293e-01
1.013940099457539157e+00
9.923911072553318613e-01
1.028572615793345912e+00
9.904620709075911966e-01
9.955182576851343557e-01
9.957998117210785649e-01
9.932397223749438453e-01
1.008181202999135273e+00
9.928641524132253426e-01
1.015877277545190305e+00
9.889378782948554658e-01
9.903526791461465528e-01
1.007569243885010568e+00
1.001681862082852925e+00
1.009352252210378831e+00
9.947274542355358795e-01
1.000346433648159561e+00
9.917304005953790913e-01
9.896314444142255695e-01
9.908649624694417790e-01
9.934836980240399074e-01
9.966570823848279748e-01
9.995082687598810800e-01
1.015288283889161924e+00
1.006615513464341527e+00
9.959684559616749366e-01
1.003106424674406361e+00
1.012464051594667014e+00
1.007513286199011260e+00
9.986436879889004636e-01
9.942380893456329582e-01
9.746239315875366849e-01
1.003861701209149082e+00
9.957158262951818495e-01
9.926055529778744502e-01
9.883283204516050136e-01
1.003359067203934529e+00
9.946341614480727067e-01
9.892501420443420290e-01
9.952606095529007435e-01
1.001565542504246231e+00
1.005451701281599552e+00
1.000222832068944578e+00
9.965051165594988047e-01
1.009185861767573522e+00
1.001365580779502329e+00
1.003371554374040020e+00
9.857831039427737974e-01
9.891932089158315122e-01
9.872298404449153519e-01
1.007813409762896351e+00
9.978522181531295221e-01
9.930119447878639205e-01
1.015219345366144665e+00
9.930836312273798594e-01
9.989978694901102685e-01
1.007383719335060546e+00
9.969251753342952549e-01
9.985172547900790230e-01
9.882144163231246781e-01
1.010542116934106227e+00
9.940342047865804442e-01
9.892699306240497759e-01
9.984743779622614612e-01
1.010376525191251540e+00
9.971807041374226577e-01
1.007121572554076971e+00
1.015336984148153432e+00
1.015209119392873838e+00
9.912373506896293707e-01
1.009048554479911042e+00
1.006185962725612448e+00
1.024184688784702146e+00
9.950225666207667130e-01
1.007585309168940180e+00
9.980082860424696056e-01
1.006153694406421106e+00
9.864419472876562178e-01
9.943503900184447186e-01
9.858418933444873522e-01
9.906485341049596771e-01
9.868122731167738859e-01
9.937872612216553936e-01
1.001725930183626323e+00
9.951121926560685393e-01
1.013146577907408474e+00
1.009172755341978034e+00
1.018233763309583928e+00
1.013719566977345776e+00
1.005229401679528012e+00
9.932094603028466251e-01
9.910923113256985273e-01
9.919077704336282109e-01
1.003999979191173120e+00
1.004026047044967784e+00
1.020587023598271026e+00
1.024011301762369763e+00
1.011784422390837213e+00
1.001373631776886652e+00
1.000432612042705394e+00
9.957660395990058921e-01
9.962832714058682537e-01
9.887407598019174459e-01
9.918247913029540896e-01
9.952453638361881127e-01
9.776639602325977174e-01
9.755066977374858839e-01
1.000366638337075953e+00
9.865741354150540099e-01
9.854591925710463052e-01
1.003424128499247781e+00
9.926552678029721966e-01
1.003464566421569115e+00
9.922716610782351676e-01
9.797467614432882055e-01
1.005210613390279395e+00
1.001628783353577523e+00
1.008499800932376012e+00
9.961929276803863642e-01
9.940406467773243993e-01
9.923838609696864488e-01
9.949385866626947461e-01
9.955657316793100620e-01
9.930857851093833899e-01
9.931052550553940428e-01
1.004365580107520861e+00
9.936969408098835776e-01
1.003035731297518662e+00
1.006447569235211947e+00
1.010173047694446824e+00
1.011581543291761642e+00
1.025541652954180316e+00
9.978194138161934346e-01
1.008248055179355118e+00
9.995230036220528191e-01
1.000695349797934286e+00
1.002357693140376149e+00
9.965618052937740279e-01
1.003941721659137976e+00
9.980137939549905690e-01
1.003964322259980113e+00
9.990777482108945673e-01
9.886718467564470370e-01
9.960977566098800917e-01
9.824423574467946452e-01
9.923956729686456146e-01
9.983130996032892890e-01
9.927554996753045202e-01
9.929169414088653278e-01
9.893088908834307693e-01
1.014349991391904737e+00
1.003147578116231564e+00
9.974065898195100255e-01
1.005931031691939426e+00
9.941195505335818083e-01
9.944281890547057579e-01
9.881465283816599499e-01
1.003806586780074728e+00
9.940112531221001468e-01
1.007519359975823425e+00
9.974190157781318566e-01
1.012711461544612446e+00
1.012957908384153782e+00
9.829291661212762321e-01
1.009167902939888117e+00
1.008721074317377786e+00
1.001915384173676538e+00
9.984528416597312495e-01
9.851731949636897134e-01
1.004733029870701566e+00
1.012171164388828926e+00
9.978089701519466947e-01
1.005355645477815418e+00
9.961076383613303165e-01
1.001707841822619294e+00
1.013067639534119380e+00
9.972107544672208501e-01
9.997879743495829974e-01
1.007040717949093667e+00
9.970958510389622553e-01
1.008232196350266952e+00
9.985728291262501166e-01
1.001194532874461807e+00
1.016200114850514424e+00
1.013530645803186303e+00
1.001937478850391861e+00
9.934289120001649209e-01
1.008258090948065178e+00
9.783838382288757574e-01
9.888642878218901755e-01
9.937682142887738213e-01
1.005619497200979762e+00
9.807368481318010645e-01
9.994222272333890267e-01
9.945088682387411838e-01
1.002197633244180430e+00
1.005591455893694031e+00
1.005464916837575551e+00
1.016682657256244182e+00
9.905634568139251028e-01
1.010459412383126088e+00
9.951122115681410030e-01
1.009473851753179607e+00
9.915209281439975042e-01
1.005514052757152665e+00
9.972021498723460109e-01
1.000777524701853771e+00
9.950554944314309314e-01
9.992926911618355001e-01
1.009877663236236511e+00
1.002284426588401667e+00
1.005960761085358701e+00
9.935426019398522213e-01
1.000127681873778096e+00
1.005279743455823160e+00
1.003465916464097774e+00
1.002558880873880787e+00
1.000165713491243169e+00
9.987775865434905809e-01
1.009930281973564936e+00
9.814447509584932616e-01
1.019260315123895033e+00
9.933474014218125481e-01
1.013776617782777167e+00
1.003428662767013035e+00
9.977045727622331217e-01
1.017247436234446800e+00
1.022096387496513215e+00
1.013650308519574494e+00
1.005641665226669090e+00
1.010565414010724528e+00
1.011710672883610274e+00
9.885456406957482400e-01
1.014833095175194488e+00
9.852037760000532662e-01
9.825800189062375845e-01
9.938426194826623927e-01
1.004066117076235054e+00
9.979897143849844054e-01
9.982579334403467453e-01
9.894605308957884482e-01
1.012713423009110159e+00
1.006724840925453002e+00
9.980550180026526164e-01
1.002712469954560426e+00
1.021250577575717022e+00
1.001559389904899344e+00
9.880061487445821466e-01
1.006225530973952953e+00
1.002840027711924931e+00
9.863064984065736951e-01
1.010995131523840351e+00
9.901615004694984679e-01
1.006359292693684848e+00
1.003866833276596093e+00
9.916409452366757860e-01
1.002360169535162937e+00
1.006470454602891529e+00
9.798882441970758750e-01
1.004487089217407148e+00
1.020392325538067357e+00
1.001242930139201404e+00
9.989537434199130539e-01
9.903936498163272706e-01
9.911752597352653238e-01
9.996121101813977283e-01
1.015959617069044585e+00
1.012011811490479030e+00
1.025762411106229566e+00
9.984583815534273654e-01
1.003921043653081213e+00
1.004886564836154461e+00
9.950527927425714125e-01
1.010119626312967700e+00
9.978470757822459625e-01
9.880546249627620847e-01
9.942199281873218553e-01
1.002511581170343113e+00
1.008326771252974208e+00
9.909049138399338430e-01
1.003044223568390958e+00
9.941249389982859119e-01
9.884590655743649146e-01
9.902160341250305642e-01
9.964420198069215973e-01
1.021867199062167941e+00
1.003043373846623787e+00
1.001903646483750521e+00
1.002769345537380064e+00
9.961035893944018005e-01
1.000657883081644162e+00
9.962015160787206502e-01
1.006382187404046391e+00
9.964720388547919638e-01
1.014462043690789850e+00
1.000440954205180866e+00
1.005177851753145557e+00
1.008738310955805684e+00
1.009996219043802101e+00
1.016933137310918944e+00
9.980152529990183874e-01
1.017693798418671802e+00
1.006491168475141196e+00
1.006758625101418447e+00
9.894970536021832075e-01
9.883867039191203130e-01
1.014177357483043940e+00
9.998013313410279990e-01
1.002109082744900626e+00
1.015740767917393095e+00
1.010050897488176558e+00
1.006338972270196530e+00
1.000256581457288352e+00
1.000492853462270126e+00
9.903963255158754198e-01
9.927218936342784295e-01
1.007185650897505669e+00
1.016339864447201258e+00
1.001864016262844048e+00
9.895041988651910314e-01
1.005440063586334087e+00
9.984656666321346519e-01
1.006914618725874844e+00
9.960132703136723720e-01
1.006565756077119289e+00
9.977860839483938538e-01
1.005157393232448459e+00
1.006018953232579616e+00
9.961382927106647855e-01
9.950053139932694135e-01
9.908824772474975617e-01
1.004544641296254204e+00
1.000844795057717063e+00
9.992603702638335195e-01
1.009970917220044839e+00
9.966159055975939429e-01
9.990385841271594014e-01
9.921067345717330399e-01
1.005799209155446183e+00
1.003724026748856302e+00
9.906814244191063379e-01
1.013317975104147228e+00
1.007485530467762791e+00
9.898741460196311959e-01
9.979127447931392947e-01
9.982319083788433467e-01
1.005608118603448675e+00
1.015500759225975269e+00
1.007940676804482294e+00
9.898396041283372693e-01
9.957280393945748820e-01
9.774639180700199770e-01
9.970259933136486064e-01
9.974736572031104309e-01
1.001578292201682707e+00
1.005754598646412257e+00
9.979736454708351134e-01
9.986681688025251802e-01
1.009750113713333564e+00
1.005405772301434020e+00
9.960598478920961174e-01
9.970049349028773378e-01
1.000192854180012692e+00
1.009189920863309275e+00
9.987434211832485476e-01
1.006550271315654221e+00
1.002076780457549221e+00
9.850762848511883663e-01
1.003283001197530666e+00
1.011993385233076692e+00
1.005870118784452316e+00
1.013236551111649453e+00
9.963328358778135163e-01
1.018796120554631868e+00
1.012399498444930046e+00
1.000818269994557141e+00
1.011774504193856172e+00
1.012131028230813135e+00
9.951076890419667809e-01
1.003327074420199416e+00
1.021240825786190909e+00
1.005663175626495098e+00
1.002322749162212423e+00
9.881983341408090427e-01
1.000237838798698098e+00
9.963808072358166790e-01
1.010808433400402162e+00
9.926227831902414422e-01
1.009045344662165666e+00
9.992592658770510505e-01
9.923060055845619454e-01
9.905032101595798721e-01
1.007418893569569596e+00
9.999723643412784524e-01
9.802459640284253428e-01
1.013280598985397907e+00
9.898889143183765560e-01
1.015164629033804333e+00
1.004124408715482808e+00
9.983568940610061393e-01
9.934398280491528732e-01
9.738699266390571374e-01
9.841908974303075208e-01
9.986195508747541805e-01
9.779030272136890467e-01
9.859194342139514511e-01
9.992167008575477682e-01
9.952913683865393102e-01
1.001160622999776928e+00
1.013331967298600977e+00
1.003892550363138181e+00
1.013085701296611463e+00
9.905140870383317697e-01
1.000467831948137043e+00
9.988360846704370521e-01
1.011745910363948120e+00
1.008883411843807032e+00
9.947931634554864067e-01
1.000079745173555246e+00
1.006977689560654365e+00
9.955760380847281654e-01
1.013554678431681122e+00
9.968574271316060775e-01
1.018845707731370620e+00
9.975022304850715837e-01
1.007240030324370039e+00
1.014848758477647328e+00
1.000449759054825360e+00
1.007484948306568873e+00
9.948355400862448628e-01
1.009393378197826374e+00
9.783530900654231477e-01
9.947334875176202518e-01
1.003508112553202825e+00
1.000210051171776193e+00
9.984419283813734669e-01
1.015885613491750217e+00
1.004728994612876125e+00
1.011833673310211346e+00
1.007118836383000593e+00
1.001084266006330381e+00
1.021191127545771904e+00
1.005864271009270450e+00
9.990153294139336726e-01
1.006564077506773458e+00
9.787916428955847348e-01
9.849242236018720398e-01
1.009053011942229183e+00
9.991376335140095266e-01
1.004629414345000304e+00
1.012302426462993399e+00
1.020117231170432737e+00
9.977100548043125183e-01
9.964987126946254214e-01
1.001752763282295788e+00
9.963887504162373121e-01
1.007975243576037183e+00
9.907337631535300115e-01
9.943400385624205917e-01
9.926441927796760822e-01
1.001346172989032945e+00
9.888569881453439514e-01
1.005145349929602139e+00
1.012963333824613343e+00
1.000442007069360484e+00
9.965113147136346328e-01
1.012065651255841248e+00
1.006261365080602044e+00
1.004093555348120947e+00
9.955304258072331658e-01
9.936799863385145093e-01
9.967837104392662795e-01
1.011510322830099229e+00
1.001409639792582906e+00
9.992274820793922707e-01
1.007163678257869011e+00
9.964131924924004569e-01
9.956594093467702189e-01
9.977234928272846748e-01
1.003630003658521730e+00
9.928099995455968996e-01
9.935803539852399169e-01
1.000473932304347446e+00
1.006964080038323273e+00
1.008346232336764237e+00
9.957715136250889776e-01
9.980371540590744495e-01
1.009465166133366010e+00
1.001156897301142878e+00
1.006531425932112978e+00
1.000800930392496069e+00
1.001881801230469327e+00
1.015537313951611065e+00
1.007129664082835330e+00
9.900193255392334413e-01
9.977805686212053438e-01
1.016939022657541214e+00
1.003511063047515250e+00
1.013335871803205723e+00
1.006665398446177528e+00
1.009202546101692244e+00
1.003511105282140603e+00
1.004569090876537008e+00
1.000816058709889100e+00
9.941169298025789303e-01
1.001972295014956771e+00
1.016489723700838121e+00
1.005753129085033226e+00
9.852504811801455764e-01
1.005096731684931077e+00
9.847181990955529152e-01
9.947324675091386847e-01
9.981234431507354232e-01
9.853016090290136475e-01
9.937882875853797371e-01
9.851304958663124056e-01
9.953652301173983030e-01
1.005502424431616859e+00
1.000140974613963341e+00
9.924250526435298703e-01
9.958646264972232931e-01
1.000683710033175133e+00
9.895006653076827696e-01
1.010874852689781500e+00
9.962043886083474797e-01
1.005421064060590064e+00
9.977350492896718270e-01
1.009647216893919675e+00
1.007564184790292972e+00
1.000447221033300416e+00
9.942912923323742325e-01
1.006399456503528578e+00
9.959496634148095051e-01
9.862990942100617886e-01
9.982016607413879417e-01
9.932328991857336531e-01
9.924781068499313186e-01
9.916446263672690220e-01
1.007611125439451083e+00
1.007066927757370056e+00
9.979759211181242762e-01
1.004720811030117567e+00
9.966121167376268408e-01
1.007501409468074760e+00
1.000368859032732649e+00
1.007089585611256943e+00
1.001273048945338973e+00
9.849104950035143524e-01
9.882983185997675779e-01
9.956090639154147048e-01
1.020270646550914373e+00
1.000171574525454243e+00
9.985571264324383245e-01
9.979852626369889457e-01
1.003224847524935459e+00
9.767416727126715381e-01
9.879670296672773411e-01
9.873496739814321410e-01
9.927989528085826576e-01
9.871657918612277705e-01
9.922377305171080630e-01
9.914321880137985099e-01
9.789348208176491539e-01
9.890912653180905512e-01
9.959752292883184976e-01
9.938105688543510396e-01
1.013530239633032570e+00
1.006312812491541919e+00
9.969163527826475635e-01
9.978755610089964367e-01
9.922723934743046259e-01
9.871972256383396704e-01
1.003417604022973419e+00
1.001013574542843898e+00
9.989936118297096934e-01
1.002655641999445679e+00
9.863462090578818398e-01
1.026186745647611476e+00
9.988501771707578580e-01
9.921254468044176100e-01
9.897568671441533406e-01
1.000556830546554421e+00
1.003700811195174403e+00
9.884713858303849632e-01
9.887324905648045004e-01
9.993443138097692913e-01
1.001046634093009535e+00
1.009654753674854577e+00
9.948135199364788184e-01
1.001238670450317558e+00
1.000058951612909475e+00
9.993220487214615755e-01
1.009630761545624811e+00
9.827492769335363088e-01
9.891685752071206483e-01
9.992185029626527992e-01
9.933492404025797695e-01
9.976650359403645973e-01
9.898265915664936632e-01
9.994687209244562665e-01
9.984067153941483808e-01
1.011229645276703559e+00
1.012412190694971015e+00
1.001615896838838893e+00
1.021005695306058225e+00
9.957947587288359381e-01
9.956045245237440389e-01
9.861930377638297163e-01
9.886188134190595500e-01
9.896688871784972141e-01
9.920143476124204662e-01
9.850787575112824879e-01
9.983484694468700571e-01
9.910803035228307190e-01
1.001022053021802805e+00
1.003704489079984441e+00
9.921622474439451000e-01
1.006354114764762109e+00
1.000889041780048450e+00
1.007596170391386936e+00
9.981871698007984683e-01
9.898197252681981695e-01
9.985099893122938441e-01
1.011329534352327864e+00
9.985668290811948733e-01
1.012369162478845119e+00
9.977418775621744729e-01
9.865104163235566270e-01
1.007401096471367996e+00
9.882243354280777492e-01
1.001500415977024216e+00
9.883392585232857463e-01
9.884719362429248424e-01
1.022540058625633685e+00
1.022646394927035685e+00
1.022444649471417444e+00
1.012233093998738287e+00
1.002414586053974377e+00
9.806937978581325988e-01
9.896456747865920445e-01
1.010214678910305475e+00
1.013771312636792210e+00
1.006563597627311957e+00
9.840363673150723800e-01
9.965142194822068644e-01
9.953186919280019307e-01
9.852262234680494446e-01
9.936171994639888538e-01
1.007326791708460512e+00
9.928574574506895400e-01
9.976497552616658826e-01
9.900058742914794596e-01
1.007014428137122941e+00
1.000772894025296011e+00
1.009720452460444173e+00
1.019429002179800703e+00
1.016615520743792134e+00
1.000391390809068248e+00
9.914387543290189564e-01
9.892019188139280494e-01
1.010106614165368288e+00
1.015569635359127698e+00
1.010147073191444811e+00
9.967727795474576880e-01
1.008305497247610427e+00
1.019262742508573183e+00
9.820359211390347065e-01
9.998075719369181602e-01
9.937832814688408734e-01
9.911448610145980886e-01
1.015344816326509081e+00
9.933902458456764784e-01
9.824390142336799636e-01
1.000216197260775708e+00
1.000744314729573370e+00
1.015080398578694698e+00
9.970712118730724605e-01
1.006172253366371505e+00
9.989169208822186175e-01
1.013470640953843871e+00
9.957851555086615347e-01
9.869388836167160006e-01
1.006101691632376616e+00
9.905794205687918907e-01
1.006386492507688413e+00
1.007838951624939527e+00
9.983929886321889491e-01
9.945245663688482285e-01
1.003233458541490153e+00
9.938244282752279890e-01
9.847553590622106778e-01
1.014665261396890727e+00
1.001776882814148673e+00
9.814195044945419610e-01
9.957062823417209829e-01
9.922873319335230313e-01
1.022125600337942197e+00
1.011468818729006403e+00
9.923674703620374293e-01
9.866023829592399652e-01
1.005283652599611610e+00
9.854362498439153129e-01
1.011641265091580255e+00
9.846836326819563556e-01
9.912443575809257723e-01
9.940825157231388820e-01
9.894591419598671722e-01
1.016465554033900709e+00
9.944137867845669332e-01
1.004842768434954792e+00
1.003696653879722733e+00
1.006017437796763447e+00
1.003816914972008645e+00
1.013086842401282439e+00
1.001150419803280567e+00
9.969378130832756701e-01
9.899249833875921611e-01
9.873155020568553653e-01
9.747053796944001869e-01
1.006891946307637564e+00
9.987821027834106191e-01
1.010277721721008382e+00
9.995974079983357408e-01
1.000364055635232230e+00
1.005261405636115990e+00
9.965126115349761671e-01
9.886488849951421409e-01
9.915391444262207088e-01
1.009824331686090426e+00
9.917980009473938985e-01
9.980835659166045204e-01
9.912144233497720558e-01
9.981901336865006691e-01
9.939384659694977531e-01
9.907764642713334791e-01
1.005155538520556613e+00
1.005546438835477785e+00
1.008562903719938397e+00
1.005597081354980160e+00
1.008806337203338011e+00
1.011652714723540347e+00
9.995464813793341063e-01
9.952445986867011207e-01
9.916313308290390927e-01
1.008489723266582372e+00
1.007896282366849805e+00
9.795962385619253476e-01
1.012394801119620436e+00
1.000583369413599266e+00
1.010280545991316670e+00
9.964723540444002658e-01
9.900178336553595582e-01
1.012535871010580735e+00
1.003582735894836819e+00
1.002161979308068274e+00
9.934417560696575666e-01
1.007404751378863317e+00
9.831326106893834016e-01
1.003413267183201452e+00
1.004595367204489609e+00
1.005906447894449718e+00
1.009479499800552516e+00
1.021040045064393942e+00
9.898723577042845001e-01
1.003798611216720982e+00
1.012423784276517802e+00
1.009628278605184448e+00
1.008760958789884699e+00
9.912634238313784429e-01
1.007605730036998937e+00
1.002285579466829057e+00
1.004798773831692582e+00
1.011886594331181444e+00
1.005489851425389380e+00
9.991935846176293046e-01
1.011693689022153064e+00
1.015305292495056522e+00
1.000881406575328647e+00
1.001212535227480105e+00
1.012145599850823086e+00
9.952612559173656948e-01
1.005401416279793070e+00
9.824575234970158721e-01
1.005193603329713303e+00
9.959258113686965119e-01
1.000901036050819704e+00
1.003244660781034581e+00
9.938137425652564527e-01
1.007062961475686524e+00
9.987576515377791786e-01
9.977765418713279155e-01
1.001920882982162864e+00
1.003428885627798639e+00
9.984056148611005765e-01
1.009775743608954501e+00
9.822640360440336726e-01
9.820475476659837888e-01
1.011475594419055213e+00
9.988409571516775332e-01
9.944513024233185838e-01
1.004412799529798006e+00
9.920373477508199755e-01
1.019348361268959113e+00
9.874014816947034312e-01
1.004722125174455583e+00
1.001607756477818967e+00
1.002364699637239287e+00
1.020804552144204402e+00
9.920986910371629719e-01
9.951324439203004246e-01
1.003481049379390200e+00
9.968111186840115101e-01
1.015606573887734898e+00
9.985937845089339904e-01
9.980853195526200317e-01
9.852533095336033497e-01
9.993996042634396559e-01
1.003396675889513201e+00
1.004544205019184178e+00
9.881480576754572143e-01
1.001258268437910104e+00
9.946859295358354558e-01
9.853474955015910641e-01
9.982145509426175733e-01
9.992286581593046169e-01
9.994659484136443339e-01
1.017119564147356270e+00
1.009357551785089013e+00
9.866561885433448031e-01
9.988742925151914420e-01
1.013159363237458921e+00
1.021849266905988873e+00
9.839658583427381977e-01
1.002798198780004979e+00
1.016474188362064712e+00
9.995647981785816816e-01
9.983294399130921981e-01
9.966531072728125329e-01
1.004923219396058665e+00
1.023398938883175013e+00
9.974266662742381495e-01
1.007839705826713450e+00
9.997340854805143451e-01
1.008388980268108304e+00
1.009373612944342913e+00
9.898844832855091536e-01
9.995069530094833343e-01
1.009067642340540472e+00
1.001344662139027397e+00
9.953246520247944762e-01
1.018063887151010150e+00
1.008298511896593697e+00
1.009054712627091011e+00
9.953137457206587824e-01
9.970671170911147296e-01
1.011966445466641051e+00
1.020067657557118812e+00
1.004385706276665013e+00
9.885197591277079532e-01
9.800047623265443208e-01
1.009875191622632951e+00
9.893711161739414672e-01
9.939441060206181122e-01
9.865367382351337699e-01
1.003826831422331756e+00
1.005047227810896615e+00
9.920677099660847320e-01
9.843817962525130971e-01
1.010382495435426131e+00
9.914128847817058610e-01
9.952387008693506232e-01
1.015683409187990272e+00
9.991839204330543733e-01
1.015774103717053567e+00
1.010368355161430642e+00
9.921132759744778484e-01
1.006924922562320024e+00
9.891861084376933899e-01
1.002727348698080556e+00
1.003898254876701701e+00
1.000440720949820284e+00
9.981157874479619219e-01
1.006483682315469697e+00
1.016027037906017894e+00
1.010064376142818077e+00
9.958180144523034460e-01
1.008686350539981902e+00
1.004184696610381122e+00
9.921088192352092161e-01
1.023487363435079400e+00
1.004258016243960716e+00
1.014530397350823732e+00
9.977502454977835722e-01
1.001747790616778655e+00
1.002017583183388183e+00
9.866220316464165974e-01
9.924062854261556099e-01
9.836396868352127454e-01
1.003481030271341057e+00
1.006599586641800492e+00
9.922483902897343278e-01
9.937696634781852945e-01
9.972283202246501332e-01
1.003648561064099054e+00
9.993915197780912640e-01
9.934356993564625871e-01
1.014349074087328662e+00
1.014877739101614607e+00
1.010449025573651793e+00
1.008418278572670523e+00
1.008758960241856073e+00
1.005993942551749676e+00
1.005171711860933792e+00
9.902160539645934456e-01
1.013171046484412363e+00
1.011926439594977634e+00
1.000146022195981033e+00
1.009771860735983351e+00
1.001163953976023979e+00
9.985993105261221636e-01
1.010305858498634857e+00
9.944309476447358298e-01
9.885750322534905266e-01
1.003309706305132387e+00
1.028114794446707059e+00
1.000330026501030645e+00
1.015044266432946873e+00
9.932110207968021243e-01
1.004501145405666263e+00
1.003707642812692757e+00
1.006437266839849132e+00
1.003930124858876338e+00
9.826598163013140486e-01
1.011756498661540382e+00
1.001777380541559737e+00
1.004575273779931832e+00
1.001875276537591342e+00
1.008456493535177412e+00
9.948661012798445391e-01
9.900201572928443161e-01
9.898559135049069813e-01
9.948379677502509066e-01
9.828276710411090189e-01
1.009413142309025790e+00
1.015736979204519441e+00
9.976312213072752177e-01
9.995076679401478925e-01
1.001401662544665117e+00
1.017133740993124480e+00
1.006924403128989898e+00
1.016245208895561358e+00
9.944304157996461946e-01
9.892797124205869874e-01
1.007880036637140320e+00
1.006941031144584109e+00
1.018573489165386370e+00
1.008301412760024718e+00
1.007570395900102111e+00
9.940318126948589628e-01
9.822673426874940494e-01
9.922903399299056737e-01
9.954023959791474807e-01
9.882172793583388071e-01
1.002925766134095786e+00
1.001090195777839975e+00
9.941936587687582039e-01
9.972669820772381843e-01
9.989640284090510747e-01
9.897642482746765724e-01
1.007395163008226957e+00
9.856424531251178900e-01
9.932934426419849361e-01
9.997631190470356310e-01
1.006471593826912647e+00
1.001334421211613090e+00
9.954708824464083561e-01
9.916133464163784383e-01
1.000893084782527032e+00
9.951315420680343360e-01
1.004359566970462136e+00
9.974235026499679302e-01
1.004088152539500234e+00
1.000888146964002967e+00
9.939019323928738325e-01
1.011372925342286289e+00
1.005938849884475683e+00
1.005545523445733336e+00
9.979609334713157587e-01
1.001749304554951481e+00
9.971138915309044615e-01
1.011728411437511577e+00
1.001236562287078691e+00
9.992520953523269522e-01
1.004212049812434282e+00
9.976129421770146832e-01
9.971920410609335095e-01
9.980676333733650152e-01
1.003674862553866953e+00
9.939061362840766467e-01
9.776717814827149411e-01
9.880361436348140680e-01
9.905733856777281243e-01
1.003527827326834432e+00
9.960922143568958775e-01
9.990826006475248544e-01
1.006905865478187057e+00
1.007762350697470444e+00
9.937436347792963920e-01
9.973264848480716260e-01
9.859795130514549255e-01
9.989362827717965798e-01
9.906240240286789955e-01
9.905947366504613827e-01
9.933322430289325267e-01
9.939409361081767980e-01
9.994757786476258232e-01
1.007390855145566366e+00
9.964454523357705318e-01
9.873279838509259054e-01
9.997747852637551835e-01
9.957103903488423446e-01
9.963239427035986973e-01
1.010379506534564209e+00
9.855098403400255336e-01
1.000015992791914332e+00
9.882255866182059201e-01
1.009643908368672127e+00
1.001885699025314658e+00
9.750594648581974999e-01
1.002352163412929542e+00
1.018153449059890026e+00
1.007058517296098854e+00
9.983760188809236436e-01
9.979516684984954811e-01
1.007562741349134150e+00
9.925089906626254344e-01
1.010417530806325015e+00
1.018935259063017629e+00
1.000283568406259649e+00
1.005840092637203309e+00
9.921066785028249679e-01
1.013369380687871857e+00
1.006634270645128115e+00
1.009928557552264294e+00
1.007565399598006506e+00
9.844864779881485894e-01
9.901408798364901287e-01
9.885977898530887709e-01
9.873335537258655092e-01
1.001598237553017023e+00
1.000725084147308985e+00
9.980340875185728100e-01
9.979881654724533924e-01
1.005828873125018230e+00
1.005216577520486210e+00
9.905545943595689407e-01
1.008825854197300531e+00
1.017453804702147968e+00
1.008607187923895809e+00
9.969640611055042845e-01
1.011063936576535260e+00
9.974106520590662051e-01
9.996299873350092957e-01
9.990496205593919488e-01
1.005437491259845828e+00
1.008964211363419183e+00
1.007533586732633601e+00
1.005750789180856586e+00
1.001771090662252339e+00
9.956151355307837347e-01
9.918657196636583295e-01
9.849688160798445447e-01
9.908137652865608436e-01
9.947805752201857032e-01
9.983981561983140685e-01
1.005045510041141954e+00
1.004511306634219059e+00
9.962852112442294183e-01
9.809899593421336217e-01
9.992722552438132455e-01
9.918764750384049256e-01
9.857559369495076940e-01
9.771493192054802046e-01
9.937265489504502058e-01
9.949159579126692909e-01
9.848278374383859779e-01
9.860748655294653275e-01
1.001050449433181333e+00
9.969619853401469056e-01
1.003964080586937202e+00
1.003366042844552330e+00
1.006378191359303509e+00
1.011116195059084122e+00
1.001253449255461669e+00
9.984204631100033200e-01
9.976760250943488284e-01
9.825374204332181227e-01
9.944820284757630580e-01
1.005266271601889638e+00
1.002188529435636521e+00
9.978914986100986262e-01
9.887024887421278496e-01
1.007008540151050235e+00
9.984708049908394001e-01
1.000687863167506908e+00
1.012854946861966310e+00
9.883763395322286982e-01
9.939904957216254555e-01
1.014044064188422301e+00
1.016068986251696726e+00
1.004661728118979580e+00
1.019021804744338899e+00
1.004977116934907988e+00
1.018831303156418011e+00
1.006108501179882486e+00
1.006267303096967769e+00
1.006898064329607045e+00
1.011068573548944638e+00
1.002773749056321773e+00
1.002952122286525416e+00
9.912585684388152130e-01
1.010840364801201652e+00
1.004572599675017663e+00
9.889952333965456033e-01
9.868802390009852044e-01
1.011632075230323391e+00
1.004819976377649970e+00
1.014010845248120685e+00
1.008063660613572887e+00
9.859297674337799133e-01
1.020289802277223767e+00
9.962649904732975292e-01
1.008832483856007212e+00
9.924779082486351323e-01
1.009591065280086797e+00
1.011889233381288111e+00
9.968724031450034717e-01
1.011738641352896595e+00
1.011577987223208019e+00
1.000577697925447040e+00
1.002719481045452943e+00
1.001544530678317502e+00
1.023401522408752040e+00
1.013238555360971294e+00
1.004655793425395682e+00
1.007129031228194416e+00
1.000509063514217534e+00
9.927993683808964409e-01
9.814937110843632295e-01
9.940688763612952616e-01
1.007034607729220710e+00
9.938749796613656207e-01
1.002937267839673074e+00
9.956789919442574632e-01
1.001103018927341548e+00
9.923587642579169144e-01
9.900237918082813726e-01
9.914487912067897479e-01
9.994115189285924794e-01
9.947352834364934226e-01
1.003359122067745579e+00
9.858901642447165381e-01
9.839287800974766407e-01
9.947224299757833066e-01
1.000967931721723936e+00
9.998186477323175447e-01
9.846342387265860641e-01
9.877239438002325400e-01
9.967893935742518918e-01
9.899982493614338797e-01
1.004790387502141780e+00
9.975478110658043684e-01
9.955000484839627850e-01
9.841309823596235962e-01
9.912018389774225335e-01
9.946569897524665249e-01
1.008680951460875219e+00
9.990018078709700378e-01
1.013603638357351677e+00
9.888892613575855917e-01
1.000505231747076396e+00
9.944293366712089188e-01
1.005107543923006608e+00
9.861193807907175923e-01
9.997027416603015970e-01
1.016835928402602063e+00
1.023761439552229868e+00
9.922673429446142723e-01
1.008106943724971005e+00
1.017809611731604891e+00
9.907158663623061301e-01
9.911039287471119508e-01
9.932774273174184154e-01
9.831123059761692762e-01
1.002544605639233533e+00
1.014236523518449617e+00
1.014395114318155544e+00
9.825423211195744022e-01
1.000140618078841248e+00
1.015224747353809409e+00
9.960585924525795498e-01
1.017638382108757567e+00
1.006903499202422392e+00
1.006831211419099814e+00
1.005724362548147566e+00
1.005851909599857485e+00
1.007798882688379027e+00
1.009409399027658250e+00
1.001942759524750093e+00
1.008106930334912610e+00
1.005544263622653922e+00
1.000562056700094793e+00
9.960246946129214241e-01
9.988967301967403012e-01
9.884095301160481517e-01
1.010909291471196569e+00
1.008702766573877252e+00
9.989985619891204038e-01
1.007245844297697479e+00
9.916945775487194803e-01
1.014834331904713283e+00
9.875855445790446829e-01
9.983738950418555858e-01
1.011675624883382030e+00
1.015974228449676442e+00
1.011021167827913514e+00
1.008277799091399363e+00
1.002545363154677016e+00
1.010295289899358018e+00
9.901247933949637314e-01
1.006987295717554520e+00
1.007751465372445976e+00
1.000909059888727359e+00
1.008274543171918891e+00
1.000722667132650345e+00
9.991962868378643225e-01
9.859616496487105808e-01
9.873755717868313297e-01
9.886041683957389470e-01
1.008505127750644936e+00
9.833784546667618809e-01
1.001137928824823220e+00
9.931764595117429373e-01
1.010361139497108374e+00
1.003033882078464334e+00
1.000008293320442609e+00
1.006644941701703821e+00
1.006228638399399911e+00
1.011545474241924980e+00
1.003127001779570149e+00
9.898779691011375670e-01
1.001400938699973153e+00
9.839889732727679084e-01
9.969085378206806736e-01
1.001236925360638352e+00
9.747943696862501062e-01
9.968880108655396866e-01
9.986743242123766739e-01
9.859375914407615404e-01
9.919598550018072780e-01
9.870466253916581056e-01
9.952868636254816881e-01
9.829209341626473639e-01
9.746960782153482050e-01
9.817947869732543964e-01
1.000324348352570336e+00
9.871253455507164043e-01
9.989021596492421162e-01
9.984759712064897874e-01
9.811995934992179258e-01
9.900300539339677020e-01
9.902036253149215650e-01
9.823642591822544512e-01
9.996604760149065960e-01
9.732131454876501442e-01
9.981532158925335851e-01
9.944525861738194861e-01
9.941896136694214903e-01
9.887152916100726552e-01
9.822105416472314277e-01
9.942620247327996763e-01
9.988494524550791676e-01
9.817675226791782173e-01
9.964595772346878100e-01
9.792221485111509693e-01
1.001672023568539016e+00
9.770578073777055339e-01
9.903619768920185473e-01
9.652567598048754638e-01
9.773191350680632272e-01
9.806696233324441181e-01
1.002555114814779547e+00
9.645209270972883164e-01
9.718504763064372831e-01
9.956076721259444762e-01
9.996660968625742383e-01
9.887428039756546161e-01
9.967373881073887665e-01
9.714906483985219499e-01
9.883008610291452722e-01
9.898179611787110144e-01
9.779337492668538356e-01
9.762312880383773317e-01
9.920460773536668997e-01
1.001867375476160227e+00
9.785465230105452328e-01
9.885305651648554903e-01
9.827256973448722510e-01
9.888885024725529993e-01
9.901827696017636571e-01
9.950718602843408034e-01
9.757649463272047852e-01
9.970682104393350231e-01
9.731005137720192266e-01
9.804358977168869949e-01
9.824854950851770186e-01
9.764073305705717187e-01
9.805625386965233226e-01
9.969161450441995642e-01
9.789836996883228837e-01
9.732284797286638867e-01
9.790104282034841621e-01
9.871203631541333179e-01
9.905844554227002385e-01
9.678819117307808639e-01
9.730895939081625201e-01
9.973681477598906886e-01
9.800163965321290194e-01
9.740801015904176907e-01
9.988891764927988470e-01
9.840264122295134808e-01
9.875285960714593747e-01
9.564887567600030005e-01
9.976347496481348109e-01
9.832288958737605000e-01
1.001671648911747647e+00
9.910314597559979344e-01
9.895122338804522855e-01
9.803043453287194620e-01
9.925225208603674076e-01
1.005497468853102871e+00
9.837530526667952469e-01
9.783689627912960374e-01
9.877810406706550861e-01
9.934679545623333885e-01
9.904580833921243777e-01
9.752685768342713724e-01
1.008167706185473467e+00
1.001000402499496955e+00
9.680950051980571347e-01
9.888808828776556314e-01
9.747865868549108193e-01
9.972349947141110338e-01
9.959530492295436410e-01
9.838308416282112168e-01
9.996034812383866042e-01
9.822475291472030356e-01
9.943609692061082805e-01
9.975299425263315367e-01
9.784957763088355520e-01
9.836507683101303190e-01
9.867243507696370486e-01
9.887285387686367555e-01
9.950830986174710180e-01
9.910511720065451335e-01
