# data in one-minute intervals
1.005901665403132750e+00
1.003030330916245161e+00
1.022754329036064114e+00
1.007315397399177304e+00
1.003685287226362854e+00
9.786111140744638837e-01
9.783988236742010569e-01
9.617255284918693192e-01
1.011027361577973682e+00
1.010494804478331954e+00
1.011882035937295310e+00
1.009093137084390079e+00
9.713174163678857109e-01
1.004182889250187838e+00
1.015746449603671220e+00
1.020155533781266666e+00
9.939404163013845217e-01
1.013672376648792284e+00
1.019344376951178521e+00
9.553094232865391167e-01
1.032612539879494529e+00
9.847309949957144815e-01
9.901950736671339959e-01
1.006253142569401904e+00
1.033563554801583573e+00
9.978340895890838169e-01
1.040643908545225704e+00
9.994649287245808145e-01
9.851836898784009922e-01
9.559472499436344473e-01
1.001178920062158140e+00
1.020514252640098984e+00
1.005373325002849372e+00
9.927573938410324539e-01
1.033443271330409363e+00
9.984785571729934972e-01
9.856438661673910806e-01
9.941518609032846676e-01
9.656380105001591829e-01
9.757283521944760674e-01
9.910249070612152655e-01
1.000883720304970081e+00
9.532832247645788293e-01
9.830405075106759538e-01
9.967756570956028961e-01
9.994044056784792129e-01
9.717933843796748850e-01
9.943964511087830527e-01
1.034643482557117133e+00
9.764030212527234909e-01
9.830960500434059446e-01
9.955167844515347975e-01
9.775170458363180437e-01
9.996058296554678479e-01
9.933515057140344107e-01
1.013253256243812350e+00
1.012375626708176712e+00
1.006365095414628152e+00
1.011103651194047437e+00
1.003142691134028430e+00
1.009305657052865790e+00
1.006409389694123524e+00
9.981905027206995351e-01
1.051249894611154145e+00
1.007285228956167566e+00
1.001467908085874159e+00
9.721290773881190450e-01
1.016207535266974826e+00
9.943053974521702809e-01
9.913144900394962322e-01
9.915474155248196197e-01
1.007576866814123617e+00
1.007380244232060740e+00
1.006742890514703781e+00
9.743149040122771609e-01
1.025830198214250588e+00
1.024615362288898712e+00
9.951886356936895384e-01
9.647599597772232860e-01
1.024838468203034925e+00
9.897627384651791482e-01
1.019231128850800250e+00
9.979503145469668102e-01
1.029777467116934631e+00
1.034844306294701477e+00
1.001138156221877296e+00
9.685462398262484340e-01
9.583189640310256774e-01
1.030163025414775779e+00
9.858165644818925877e-01
9.757043261574929183e-01
1.020373442649435747e+00
1.009918817727830209e+00
1.007586626057780155e+00
9.813968013428360226e-01
9.620092026617718117e-01
9.984609788491412008e-01
9.981646422016641207e-01
1.035409747189369067e+00
1.026880863440106761e+00
9.932774874647932739e-01
1.021273317146891513e+00
1.031665423807343274e+00
1.015059951411179107e+00
9.889793230267269752e-01
9.888818901493552360e-01
9.707766155847651346e-01
1.007888406897145872e+00
9.687042296375492079e-01
1.011375829317863628e+00
1.022203230061906831e+00
9.894034351048038856e-01
1.027179788275152994e+00
1.009671396646814046e+00
1.024479724658658109e+00
1.008513806971380156e+00
9.625551350247173454e-01
1.003659911367691171e+00
1.030600837386373980e+00
9.894588593222692907e-01
9.743796974180800596e-01
1.002754478048028419e+00
1.021869089439727984e+00
9.894687223661791098e-01
1.019193514476856688e+00
1.023120656012768803e+00
9.911010837419766961e-01
9.929868602957030443e-01
9.637227172570905775e-01
1.011764911365870878e+00
1.001217731041796455e+00
1.007920158445744674e+00
9.977790424557967386e-01
9.986571636322968404e-01
1.004010294584906537e+00
9.898841145241046302e-01
1.000885292314272368e+00
9.657549375334697483e-01
1.009187835728355909e+00
1.020814526691621094e+00
9.973530347497391313e-01
9.651771514503215688e-01
9.893492051382190011e-01
1.026029686601905189e+00
9.842091696461791051e-01
9.780370771755720893e-01
9.900615764258552387e-01
9.929258948393899775e-01
1.008236337030613994e+00
9.887872823832984936e-01
9.948464771752042468e-01
1.016665396050865366e+00
1.021406452931561626e+00
9.900871769030890057e-01
1.007177406945656495e+00
1.003158764684928705e+00
9.915238021214606290e-01
9.787156961483470807e-01
9.841927735448136039e-01
1.026257218832730134e+00
1.008581003634699824e+00
9.628732654371527921e-01
1.006367330792803827e+00
1.005797389025408162e+00
1.028596565926511275e+00
1.003581720919231701e+00
1.014165428528256641e+00
1.001521909133432864e+00
1.017424895911410943e+00
1.013602070621222317e+00
9.885579568252005345e-01
9.931160781097305712e-01
9.741422531005698993e-01
9.603695388055614179e-01
9.830720155880977584e-01
9.928477814518373856e-01
1.006660697324472054e+00
1.011320536177398477e+00
1.045068487783431754e+00
9.964417792266374585e-01
9.958795628497195684e-01
9.887745659750460936e-01
1.024939304770940529e+00
9.892844640452557181e-01
1.004333102826897806e+00
9.918982542376817424e-01
1.015712723880738633e+00
1.025120960116415958e+00
9.920139145271912318e-01
1.001322394220464318e+00
1.032882916998953737e+00
1.013986165342754431e+00
9.978994181624918358e-01
1.017161573760065663e+00
1.003856046357731291e+00
1.014719432829115364e+00
9.946774377716107729e-01
1.027822679125176553e+00
1.001584020167740618e+00
1.020712641748739102e+00
9.771361480847411407e-01
9.585203468419850603e-01
9.865286023295540829e-01
1.004413875771237974e+00
9.711735974904907032e-01
9.877385481691892677e-01
9.975230290263570332e-01
9.835691946471811775e-01
1.009913328138623445e+00
9.835503656098540937e-01
1.017434286042098623e+00
1.015593028222976590e+00
1.053062428385121985e+00
1.018185343571018420e+00
1.008778914305109131e+00
9.915716433955870102e-01
1.034131774532238035e+00
9.810242663651678185e-01
9.983079631085315375e-01
9.824450691530330904e-01
9.847722271576678787e-01
9.929025750112016047e-01
9.647848765959674555e-01
1.019360407625430121e+00
1.001313966116187837e+00
1.003786921711812274e+00
1.001567201128018114e+00
1.009563907648611814e+00
9.976494497788422899e-01
9.787751366734271929e-01
9.987021947203278405e-01
1.008345045447876620e+00
9.974818370857874150e-01
9.813394124599532642e-01
1.005472126324995275e+00
1.027955098166247083e+00
1.006011986841547579e+00
9.820465197241637911e-01
9.647134914334870581e-01
9.969739489166052904e-01
9.571373916919762026e-01
9.728060608750940252e-01
9.801043098712751700e-01
9.975266006177533340e-01
1.003335655473161392e+00
1.017960329889928683e+00
9.874954810461381571e-01
9.810908118924361876e-01
1.019126508341641202e+00
1.018350914121208373e+00
1.052673442638496715e+00
9.739685479024566828e-01
9.995694261800597280e-01
9.857306816987809750e-01
1.003486312174928896e+00
9.943429077509751135e-01
9.610519388223272008e-01
9.711409268789389371e-01
9.980235383158138074e-01
1.016527344776846808e+00
1.032296025380276205e+00
9.997211035200513907e-01
1.003864405427977058e+00
9.868287780411266752e-01
9.825756783894472601e-01
9.917079835508180174e-01
9.886389478648783813e-01
9.451850081474605370e-01
1.005631059520777804e+00
1.014658635295903721e+00
1.036507312619356469e+00
9.974317607893501414e-01
1.008664627922291279e+00
9.650963796435541031e-01
1.011354776881895345e+00
1.012221185756412956e+00
9.810786698408666684e-01
9.641996192492523488e-01
9.839994110897679613e-01
9.868606559265569178e-01
1.028780767693530551e+00
1.045200163483054112e+00
1.007995466795578832e+00
9.861390914507920380e-01
9.693589789251618738e-01
9.796388466146871421e-01
1.013118585635118363e+00
9.887736942768213799e-01
9.767820793817685310e-01
9.878883202279838960e-01
9.895012354596450788e-01
1.001772440785269946e+00
9.533457264808716802e-01
1.005166049864256284e+00
1.003179256933178110e+00
9.444383275383764209e-01
9.963539588578507189e-01
9.701868221242584411e-01
9.868729242650259303e-01
1.024953142565828257e+00
9.487812705417748571e-01
1.016484415931558027e+00
1.010122108596069435e+00
1.006416404125412445e+00
9.665776540884960522e-01
9.878237466222743457e-01
9.903212296808450166e-01
9.529676876444996836e-01
9.769634022513072891e-01
9.658933234150105518e-01
9.672004297988495702e-01
9.648758438121123326e-01
9.750105836512337198e-01
1.018602822965000598e+00
9.869771557875927082e-01
1.030846342317832676e+00
1.033200769376625860e+00
1.014611071189206903e+00
1.038506291849992325e+00
1.019314190041385348e+00
1.035037208881041781e+00
9.753016329438970455e-01
1.019693502072302582e+00
9.964073364252723497e-01
9.868273528652032889e-01
9.714030340679534747e-01
9.971088067521408638e-01
1.015689168650697694e+00
1.057225460736835210e+00
1.017354238779516251e+00
9.942760889892691134e-01
9.761263378125848433e-01
1.005741312822305167e+00
1.018168698481457746e+00
1.008932304997285145e+00
1.021258644971323015e+00
1.006067134032651689e+00
1.005360075862992808e+00
1.009020710942212462e+00
9.955597705777098350e-01
9.885338545981345870e-01
9.920018752429263786e-01
9.764262316189333824e-01
9.985405925260395499e-01
1.004039182482150849e+00
9.876510757586214329e-01
1.011217241560302016e+00
9.934917811028370904e-01
1.008723702296904445e+00
1.004984705549865298e+00
1.015938922176567560e+00
9.833473992634448324e-01
9.621211397844484647e-01
1.033926658523282249e+00
1.030617389177378884e+00
9.693516306775693536e-01
1.028279514278874096e+00
1.022118642901326258e+00
1.016487597714408331e+00
9.814944697314735844e-01
9.947137321219281514e-01
9.557188808577534722e-01
9.850413666789578082e-01
9.714577692480336202e-01
9.686770847597221401e-01
1.001749858568660168e+00
1.042288151317336098e+00
1.025438345451020750e+00
1.001536120228029292e+00
1.019090567721793850e+00
1.006137980785362984e+00
9.803639518435414146e-01
1.009487403615125789e+00
9.928776074535254903e-01
9.822342401964549996e-01
1.024657748679537628e+00
9.903399424136858364e-01
9.804685267338492105e-01
1.011657951062824301e+00
1.023786131805342503e+00
9.721414555865969254e-01
9.875759360623509453e-01
9.822997650785185719e-01
9.972154084267426111e-01
9.977704795366791890e-01
9.884710921283029750e-01
1.009249543766360002e+00
9.875796303213658645e-01
1.003020415459161763e+00
9.941403047637056289e-01
9.879708180615062174e-01
1.007087604372772782e+00
1.002697436996521363e+00
1.038597135479599753e+00
1.021031149445869701e+00
1.028841009196739043e+00
1.013678237371238300e+00
1.036336856263253114e+00
9.719566836738586790e-01
9.674053611570508915e-01
1.001323822742107961e+00
9.926241639583073262e-01
1.027822126661907420e+00
1.006688060963615738e+00
9.832847193720724022e-01
1.030400724968344894e+00
1.018908806761349650e+00
9.638739104846958394e-01
1.024230631145263137e+00
1.026882397893035037e+00
9.815611175192719973e-01
1.042117453552096062e+00
9.822038789179217133e-01
9.945489874495384575e-01
9.548752646957439083e-01
1.018492664129278191e+00
9.660497229646544115e-01
1.009778462800250409e+00
1.029069085662873473e+00
9.915673536748594863e-01
9.829907614771488111e-01
1.014685089246173400e+00
1.009912673985169596e+00
9.791464405761000078e-01
9.852292872619540232e-01
1.018965969519705084e+00
9.728789683882568262e-01
9.986219026549318922e-01
9.836460936667739130e-01
9.885539187739632583e-01
1.000715916438946751e+00
1.002059692482722753e+00
1.016207392739817639e+00
1.040332572143372936e+00
1.028856083841788172e+00
1.009965657113414128e+00
9.991973565084709685e-01
1.022376975190351978e+00
1.026290653367830874e+00
9.989147677746426091e-01
1.013233857757765755e+00
9.929159904388635827e-01
1.009540311561057502e+00
1.015216343298639856e+00
1.016167334928891552e+00
9.908972137537230829e-01
9.980683488359205491e-01
1.019530082343044208e+00
1.010682442405192560e+00
9.976081660365245796e-01
1.031818653102311023e+00
1.014896679349595043e+00
1.004298081089337824e+00
1.005604635838467820e+00
9.822812819668039763e-01
9.740483218526371223e-01
9.722595779818687944e-01
9.945774107743620140e-01
1.003730590624069885e+00
1.038217942449387365e+00
1.009474092085266506e+00
1.016825060088325738e+00
9.704182466774093907e-01
1.026172091603979153e+00
1.035867119915527823e+00
1.012655119300224449e+00
9.979410276181428507e-01
1.016044206737311439e+00
1.002371104260994183e+00
9.818883493518688610e-01
9.939244643012696834e-01
1.005065935094034302e+00
9.665357332266216739e-01
1.011784746760233666e+00
9.924875330635050119e-01
9.880914451436766388e-01
1.002524847186524237e+00
9.937809093668035221e-01
9.856442378009910854e-01
1.022662745190231703e+00
1.008639580456928586e+00
9.734756048275816642e-01
1.006263495574236000e+00
1.030115845501809790e+00
9.964130086746794124e-01
1.006773187383485979e+00
9.856053426843252030e-01
1.004881396769670143e+00
1.001530125347411815e+00
9.887572139773606050e-01
9.718388944214078062e-01
9.699093872966690899e-01
9.756163656904311976e-01
1.025816032616605700e+00
9.876634163343595008e-01
1.004596882457474250e+00
1.025701586223699779e+00
1.035097752806187543e+00
9.933655826070600936e-01
1.032785057743799584e+00
1.009517830094600832e+00
9.894089139456110349e-01
9.889040499303838327e-01
1.000338857887937749e+00
9.739347300167557897e-01
9.635645610300899166e-01
9.906204330406462866e-01
1.005628493673941692e+00
1.006783846704672358e+00
1.012606692428557054e+00
9.612806829744660053e-01
1.024696345228438554e+00
1.018734557833456122e+00
1.002676980449313859e+00
1.012519502923762360e+00
9.978028635438109806e-01
9.829494957328726024e-01
1.011836263770671263e+00
1.003138531369450748e+00
1.012273767590598395e+00
1.006171295065345417e+00
9.917894181757926919e-01
9.761323584177777901e-01
9.671640089008969321e-01
9.782046317170804972e-01
1.019214535181912185e+00
1.045389658159494362e+00
1.001483755647387230e+00
9.824951914359910665e-01
9.836303993231613196e-01
9.787003751055098899e-01
9.889308629097163239e-01
9.867470617509772612e-01
1.059415660792159430e+00
1.019717100973746460e+00
1.000470676803329129e+00
1.030241549887458419e+00
9.778854977332847032e-01
1.018649369995042742e+00
1.008845914127231458e+00
9.890761842635393819e-01
1.026240721236470144e+00
1.011685591490822711e+00
1.022645173181148115e+00
1.045370646856609298e+00
1.002477888429934794e+00
9.863182668116520224e-01
9.755496116790327576e-01
9.755392622072918130e-01
1.014211296718463551e+00
9.882824756574587477e-01
1.036856580887688395e+00
9.862620341352605902e-01
9.985301796105724437e-01
9.991660854894112154e-01
1.001819585748876973e+00
9.989388522012276894e-01
1.037086277184118055e+00
9.771190269009065732e-01
1.000993472702290443e+00
1.015781852534284546e+00
9.815831706888035191e-01
1.015171587704357670e+00
1.024913292419746602e+00
1.001600874469505076e+00
9.845450333114984520e-01
1.008976239646101059e+00
1.002369393339309633e+00
9.767584488164229306e-01
9.831111425298321160e-01
1.054083072954648426e+00
9.816653379099743448e-01
1.012052708762436470e+00
1.019095840895129612e+00
9.995784577715098873e-01
9.840276500596834008e-01
1.017563072527453594e+00
9.688578248471857446e-01
1.043954926805095829e+00
1.000132626787702428e+00
1.001789565607125843e+00
9.770573460346673178e-01
9.802709548241939075e-01
9.858626615547225747e-01
1.008439675703668437e+00
1.003211345476443528e+00
1.009410604385813759e+00
9.962628109119997522e-01
1.005887987218084589e+00
1.002620230697034875e+00
9.985624525534926299e-01
9.878033674506754291e-01
1.001845024646426108e+00
1.012525564867236438e+00
9.665468457375054889e-01
9.994310158595967053e-01
9.645414170146701105e-01
9.712574197438726964e-01
1.025420443596267939e+00
9.838409328545627552e-01
1.021766397411851823e+00
1.004104756245120855e+00
1.022748089059470011e+00
1.021384869170621768e+00
9.956363872089312173e-01
9.827023094911262469e-01
9.750324650513760849e-01
1.016004638685282124e+00
1.031200344585196271e+00
9.895280549144997995e-01
9.963208029336046989e-01
1.015338885739442754e+00
1.001830650169495129e+00
1.025939735064321123e+00
9.960770674556714832e-01
9.966177071433625079e-01
1.007947016384955763e+00
9.628000932204594520e-01
9.686999874372461683e-01
1.044214700140962293e+00
9.626147744961311981e-01
9.633941520832637329e-01
9.968643923752968927e-01
1.043710342254676737e+00
1.018219006965924933e+00
1.004656340658564462e+00
1.001717099882280193e+00
9.944336076778658162e-01
9.757641026195091882e-01
1.023240222507688202e+00
9.925013179389240436e-01
1.011727616654742645e+00
1.019684167188782187e+00
9.912959809673865808e-01
9.983969095041499431e-01
1.012890201283961567e+00
1.004300898089973693e+00
1.046094171988082522e+00
1.012685094705783273e+00
9.805756696431380259e-01
9.971120189828102109e-01
1.017104675712958706e+00
9.889525233888513123e-01
9.862786559388405649e-01
9.997737874439861505e-01
9.622735986762043225e-01
9.948199642649170338e-01
9.917833462344280981e-01
9.848517609240068360e-01
1.008895345370490526e+00
9.935418901694700322e-01
1.000678814117093474e+00
9.632469879287676173e-01
9.728527319748430102e-01
9.992766174242009303e-01
9.884365844962271774e-01
9.812819146052149666e-01
1.020142280693293158e+00
1.037511953846419477e+00
1.058157588879229616e+00
9.964284453940280839e-01
9.755718034175542286e-01
1.002031564045174017e+00
9.912755112832113413e-01
1.003990272379816195e+00
9.696343899331442140e-01
1.012596808302867801e+00
1.010441254479510276e+00
9.908610106450855826e-01
9.819983791361002190e-01
9.868537853059970999e-01
9.826655298921395110e-01
1.015224764415675107e+00
1.032186367444189568e+00
1.000588448322327295e+00
1.039357849404202616e+00
1.018415421657653974e+00
9.825821325660142325e-01
9.845496098620540870e-01
1.025207439006837751e+00
9.909126277697939411e-01
1.004313696563010172e+00
9.996683398267776077e-01
9.987426959428234996e-01
9.883932770588603756e-01
9.921221293381087269e-01
1.048372451025741281e+00
1.013652904153697243e+00
1.029008063511361204e+00
1.047672947988943060e+00
9.805144684953825962e-01
9.946395397132427041e-01
9.934070941844989067e-01
1.008891527759631979e+00
1.011653631510735174e+00
9.924654689615295400e-01
1.033699489544010364e+00
9.965533737645999590e-01
1.005587308144930248e+00
1.004061332321090294e+00
1.007056017449150742e+00
1.008447616694402305e+00
1.009878307631006944e+00
9.922117683936202415e-01
1.003640166920432897e+00
1.061474912180301988e+00
9.835219373773920193e-01
1.052368424147534842e+00
1.025603325712987735e+00
9.693076429094624746e-01
9.923993030837218177e-01
9.822885014952675853e-01
9.735329172601266956e-01
1.022241076880638921e+00
9.740708854532752481e-01
1.023668988656275314e+00
9.740125420929354183e-01
1.001722966252553082e+00
9.995427493388144846e-01
9.922289404146752423e-01
9.952248852376163191e-01
1.018765205962174569e+00
1.050900367103955624e+00
9.735053102024140426e-01
9.987620988913354925e-01
9.791683884252224690e-01
1.026304096870222171e+00
1.014782999124048235e+00
9.605801031584422223e-01
1.018565654508989837e+00
9.793750555594525897e-01
1.036224665064993333e+00
1.001564284155558537e+00
1.011416714502640923e+00
1.021945099224002451e+00
9.892916982352100153e-01
1.032056367856729384e+00
1.008748426511042684e+00
9.751828682967546014e-01
9.964648036401684283e-01
1.013110132003077535e+00
1.023338839106841647e+00
9.540121759404358581e-01
1.009413229674387180e+00
1.025385478998723787e+00
1.000794182555328593e+00
9.998895864298857905e-01
1.031927285422919782e+00
1.010338347512022228e+00
1.021375641448580174e+00
9.943846794460234895e-01
1.007112417094874424e+00
1.001142824558885369e+00
9.912911789182374811e-01
9.998613042849731070e-01
1.006142082592613285e+00
1.025007600677220632e+00
1.019288023676311772e+00
1.014546806335791862e+00
1.033456408761769474e+00
1.017953277096209419e+00
1.011137873962847822e+00
9.984071765840668577e-01
1.018508486960757908e+00
1.030175169010510761e+00
1.001613471101281849e+00
1.019416335469520929e+00
1.021037635669602039e+00
9.812514444053194174e-01
1.013002184918129434e+00
9.802951393696349713e-01
9.864141297457231783e-01
1.019669804819031800e+00
9.781860301668040547e-01
9.901840530291218245e-01
1.000394565777729117e+00
1.032091930432121440e+00
9.958363108724040957e-01
1.010760753504158949e+00
9.680316490656801776e-01
1.008559101224411059e+00
9.985609614329038486e-01
9.960600946798703337e-01
1.006776443429356904e+00
1.027064077988803836e+00
9.663286320838831989e-01
9.769380722436618036e-01
1.040900781156003818e+00
1.039261741599724731e+00
9.776650585100143953e-01
9.994715385727164225e-01
1.001952709719051038e+00
9.583237947688528768e-01
9.855015613801599850e-01
1.006912087899946684e+00
9.560989040417348095e-01
1.024235240412680881e+00
1.016787966635039675e+00
9.974069151284297163e-01
1.011336192470549511e+00
9.876325327802512044e-01
1.019196038321091180e+00
9.930999838319026773e-01
9.964308523250794414e-01
9.877127909077407786e-01
1.024442319816616820e+00
1.010620938172880123e+00
1.005284080787815171e+00
1.025881668039587247e+00
1.015727483315437274e+00
9.616975918802179724e-01
9.647909153368798840e-01
1.043931132425092612e+00
1.001221567441220150e+00
1.028989940393392644e+00
9.903473766230878050e-01
9.997362582056539271e-01
9.895608286598652770e-01
9.882175990391451892e-01
9.794546993183059769e-01
1.013290231137415009e+00
9.878496067910155221e-01
9.616658706219367581e-01
1.033122957788049634e+00
9.957417065530176359e-01
1.026958308746022563e+00
1.017041115751117442e+00
1.008256432167478733e+00
1.014886904374321164e+00
9.883628679056423172e-01
9.623161415584280398e-01
1.007192316629444750e+00
9.782009890824173715e-01
1.010261796805244305e+00
9.760120644415233304e-01
1.023407406360310024e+00
1.014798331221262062e+00
1.014561301593060572e+00
9.546067373383786414e-01
1.002624628936088724e+00
1.008606458260683736e+00
1.023853367572589157e+00
9.807632415255528313e-01
9.751999508406102857e-01
1.011330330033222147e+00
1.048672872466414496e+00
9.856024718506576354e-01
1.007742147825661183e+00
1.014885918594570668e+00
1.011385469783253610e+00
9.978217218006295575e-01
9.858497610160110725e-01
9.968297591784410772e-01
1.007483576375880707e+00
1.029540395780180750e+00
9.959658728141156381e-01
9.991265409355047922e-01
1.008044381170401849e+00
9.945340132314348658e-01
1.000208741882130381e+00
1.003502282819151104e+00
9.660224507752205314e-01
9.705292695537677261e-01
1.006206522045825835e+00
1.006883805468801407e+00
9.958661204249835697e-01
9.839116823710186699e-01
1.026458163188823880e+00
9.808896660570641801e-01
9.847950901808397717e-01
9.622515048539936888e-01
9.878554431179609185e-01
9.906906793203611450e-01
9.780792277932494061e-01
1.029904072719823205e+00
9.911194423224235495e-01
9.832618369612802223e-01
9.984765462974635186e-01
1.013235127490574650e+00
9.593426676057619229e-01
1.009701102206100209e+00
9.908960868235303643e-01
1.029229207031682858e+00
1.022696388468236073e+00
9.884894167542199739e-01
9.647289584653429007e-01
9.792331899934251238e-01
1.008656180496527277e+00
9.701239568290718207e-01
1.016476144865012365e+00
1.031314299436056459e+00
9.782120399162913538e-01
9.705786130365859909e-01
1.023875369118378842e+00
1.006379574026319501e+00
1.017400408957831237e+00
1.022008407055184476e+00
9.788357231662303537e-01
9.901708732400072988e-01
1.022826036929185944e+00
9.841608618874708725e-01
1.007540732474414336e+00
9.786020299766046149e-01
9.890137008738645319e-01
9.856412828436177387e-01
9.766648084462415946e-01
1.007791532295325476e+00
9.682415337584087123e-01
1.027319529941844944e+00
1.005426731378838978e+00
1.010636511419432448e+00
9.809739865103555001e-01
1.000967981049978084e+00
9.797854806023885699e-01
1.009081422285654783e+00
9.846080374537670155e-01
1.011185251119124162e+00
9.741433278742392954e-01
1.007481898038133261e+00
9.880193038352212964e-01
9.838509641791295390e-01
9.753459511975266505e-01
1.048942945715513941e+00
1.033933869744270817e+00
1.001652272466647675e+00
9.895006929456094946e-01
9.947465749264380319e-01
9.840547178988967580e-01
9.699391543390910586e-01
1.062353663054408814e+00
9.916992265544692930e-01
9.755626235685308512e-01
1.020474983334958674e+00
1.012611615127484432e+00
9.928665579809046182e-01
1.027116741318115034e+00
9.920836088803528519e-01
9.817947822761527998e-01
9.798042893185281432e-01
1.029752920302704933e+00
1.019432464337313382e+00
1.014962382828490828e+00
9.715195729655594636e-01
9.886791774977464753e-01
9.823692561072905338e-01
1.010990242993167199e+00
9.972460132939487965e-01
1.025727140418997818e+00
1.024744758602069705e+00
1.028867691227340675e+00
1.004024730818031008e+00
9.790246922825253106e-01
9.981023459296202160e-01
1.028794278757015457e+00
1.005522124927821004e+00
9.768544103940218770e-01
1.038063241742671394e+00
9.993681702632133401e-01
1.011693329673856168e+00
1.020889031758006826e+00
1.011825041529574198e+00
1.014397390027230728e+00
1.018588795277907133e+00
9.856864210299031148e-01
9.809204757548392051e-01
1.025982743929760188e+00
1.009729113524163946e+00
1.020060229697569376e+00
1.013230383796406064e+00
1.006795497513659932e+00
1.003587625881483092e+00
9.827484304935660830e-01
9.946966810003641246e-01
1.025993285192518645e+00
1.007413153588486932e+00
9.826200724806636311e-01
9.925538892830291227e-01
1.023158911108497993e+00
1.010675314303659977e+00
9.756738928347464812e-01
9.776813118505242040e-01
9.721050771297734538e-01
1.015686381227755897e+00
9.870593644231417940e-01
9.893729457311375430e-01
9.927107756395956439e-01
9.660432684645561263e-01
9.502987673903702248e-01
1.048892787845508545e+00
9.833480280921489403e-01
9.780201964142745119e-01
9.727799993385994881e-01
9.915332166591231955e-01
1.012398171268312330e+00
1.020317007412425925e+00
1.003615173631590141e+00
9.934836862246981815e-01
1.008515964894641792e+00
9.996670690929915226e-01
1.047198627238087765e+00
1.002213377132326722e+00
9.615316581007075092e-01
1.005238735838924313e+00
1.014482729183381782e+00
9.811804829912806891e-01
1.034512075221316163e+00
9.775605910841967949e-01
1.010158784571842716e+00
1.014795201539794745e+00
9.883951277248216316e-01
9.890678278293343340e-01
1.001857384588320521e+00
1.031980556083808231e+00
9.778162662583299580e-01
9.933777640549037447e-01
1.006181020316236463e+00
1.020944937188808410e+00
9.733830306497112117e-01
1.000871414291148565e+00
9.628013055481251525e-01
1.012432602735493958e+00
9.604645739094452850e-01
1.002258816676291575e+00
9.864118445591967266e-01
1.006316057597873570e+00
9.804862232239582864e-01
1.002292619537380025e+00
9.827469166529375633e-01
1.003455730682670799e+00
9.678410896584274115e-01
1.023102470921167129e+00
1.013165579461140497e+00
9.998567893053920130e-01
1.010102731876381332e+00
9.964880441767780539e-01
9.551945500170122560e-01
1.013670402678552351e+00
1.023152889330154913e+00
9.768473131779920049e-01
9.574790351560668045e-01
1.014419186524939009e+00
1.025135635406283940e+00
1.007750331289941403e+00
1.038576861061049073e+00
9.828012393636265109e-01
9.901132112582652356e-01
1.034194863424389155e+00
1.015734736034545227e+00
9.918417318705055052e-01
1.021985650925435918e+00
1.002298333289338261e+00
9.887348384114670319e-01
1.012192467540620422e+00
1.018629791900120374e+00
9.990867410762253042e-01
9.970610082309308009e-01
9.807944019791383639e-01
1.003525375218972782e+00
1.015806001466221353e+00
1.002928409448139213e+00
1.002698843875745816e+00
9.945909662081952041e-01
9.952716806129355831e-01
9.980527896067530325e-01
9.795937094952006374e-01
1.024127195425239112e+00
9.812024967010188892e-01
9.871882226355800372e-01
9.756077431099888786e-01
1.000649916292181141e+00
9.781089187119469397e-01
9.741911762290766941e-01
1.016224042389117566e+00
9.770960611318690869e-01
9.909012396272391943e-01
1.004091002749865735e+00
9.782413488772409016e-01
1.000851630072792098e+00
9.881172346463429346e-01
1.002180987770630027e+00
9.738950539372980275e-01
1.018084472547908126e+00
1.007044325955045005e+00
9.897884550321991437e-01
1.015649953111470438e+00
1.020994455940908097e+00
9.912817378118563560e-01
1.007178581514687643e+00
1.004461471348667034e+00
9.699882489737784441e-01
1.025648799844934178e+00
9.822583911731468387e-01
1.025454031619067008e+00
1.008134361441667570e+00
1.005006885101809688e+00
9.787797089929263228e-01
1.031133636000291842e+00
9.747015434627476216e-01
1.002869888473611804e+00
1.007402538632481859e+00
1.024395054848453057e+00
1.025629940813622909e+00
1.005119975150099876e+00
9.959166876359764053e-01
1.006306075109857590e+00
9.927724569481334305e-01
9.994209927417706529e-01
9.731641074661572244e-01
1.027831211512805876e+00
9.882068130869489098e-01
1.027831983537735860e+00
1.002258985799853841e+00
1.040241353948364811e+00
9.623486780344732150e-01
1.031125722757099572e+00
9.752410650914630219e-01
1.041087019628020194e+00
1.005550787682937042e+00
1.011388607314280152e+00
1.021265166159895710e+00
9.519241908186546475e-01
1.023486618132670500e+00
1.002799662400735148e+00
1.016487123599056241e+00
1.006391904187803776e+00
9.823962872982954231e-01
1.026146171213258684e+00
9.989524697066461956e-01
1.019210001659306863e+00
1.037359357218456957e+00
1.031213509774123516e+00
1.023390573727047004e+00
1.021329478172362082e+00
1.055851968203999736e+00
1.009142596661079860e+00
1.008300559305782773e+00
1.011678301434880245e+00
1.016608580039308762e+00
9.580949533967957343e-01
1.015276789494149234e+00
1.001017554079501215e+00
1.010900147046938757e+00
9.936771675518135671e-01
1.004603238827830092e+00
1.014542219907727416e+00
1.027454625545155320e+00
1.023517260542595064e+00
1.022947604712733716e+00
1.012872479310415130e+00
1.002961955306265196e+00
1.011356823756044188e+00
9.838103383125985646e-01
1.012023173772175433e+00
9.818447115430266603e-01
1.018520170122557689e+00
1.009861764070260737e+00
9.941752621827885106e-01
9.755279161880469063e-01
1.035931557282835813e+00
9.963965862454391420e-01
1.004706912506061478e+00
9.850952771497062388e-01
1.010511626940852281e+00
1.002591335980957732e+00
9.885542288030776392e-01
9.916128567305376729e-01
1.012669505025024730e+00
1.014452385555489000e+00
1.017732928835008321e+00
9.784979159911099122e-01
9.946448143288230126e-01
9.909154680737198850e-01
1.017821710160994542e+00
9.879933672352901874e-01
9.899513983629456559e-01
9.642020418907010226e-01
1.032166931839550994e+00
9.940565565277652560e-01
1.012151750624921576e+00
9.842999929521223379e-01
1.026212574762301211e+00
9.757165244204848431e-01
1.021951646041129758e+00
9.567228523978340560e-01
1.014577823286808567e+00
9.904605999474607181e-01
9.923850384931556246e-01
9.916240470755340874e-01
1.023191752956268630e+00
1.030265976901548086e+00
1.015087646070196081e+00
9.937508025300244574e-01
9.961613238259009462e-01
1.023363159956707236e+00
9.781172610687330904e-01
1.002862716971078205e+00
9.921928391795278301e-01
1.006396495469837893e+00
1.015777853691243404e+00
1.014913184826526926e+00
9.747155069553812279e-01
1.016060626481035456e+00
9.873477436894203541e-01
1.025717109712822372e+00
1.007449646078862227e+00
9.995125573002855424e-01
1.058386922928862939e+00
9.898830265995595123e-01
1.002591003916310175e+00
9.864935135890371409e-01
9.794359378490448131e-01
1.012257298267006833e+00
1.017054228962029239e+00
9.783979602037397028e-01
1.017433726078813327e+00
9.961485564613611343e-01
1.000778028626094329e+00
1.007493154614520048e+00
1.018786777685417144e+00
9.847829470888713743e-01
9.873227389203687032e-01
9.972931161791062094e-01
1.010643253580971734e+00
1.003686782489620510e+00
1.024158803409745078e+00
9.980829264380549626e-01
1.030602602837949133e+00
9.939919808503849818e-01
9.753730101527740004e-01
9.812587779317561987e-01
1.051229249043021730e+00
1.009763071290204817e+00
1.002223284330680197e+00
9.793925259714463261e-01
9.972027128108063021e-01
9.763575031939623061e-01
9.901389365712079949e-01
9.991181224087902768e-01
1.012163331656534826e+00
1.020120525185266525e+00
1.005755342479915271e+00
1.001288426643812013e+00
1.023202937767695442e+00
1.019127829466310420e+00
1.015741390652808107e+00
1.003680009243837601e+00
9.560923379652896958e-01
1.012412620275386477e+00
9.836806478298315559e-01
9.875296092713318208e-01
9.811316363170011767e-01
1.033407846419978959e+00
1.050363126517647627e+00
1.000853418329242128e+00
9.952019478335379921e-01
1.008452534150767299e+00
9.702219083122932686e-01
1.003618526910452280e+00
1.011291910323931509e+00
1.036980807578775865e+00
9.966963568408441221e-01
9.881585847779688070e-01
9.998750108543617010e-01
1.024569277012189250e+00
1.030438380532409992e+00
1.008109126828246715e+00
9.974102492993092151e-01
1.010046945034926980e+00
9.932189514560653132e-01
9.890958324011478453e-01
9.805428272065901396e-01
9.997777983658934220e-01
9.587870572702301697e-01
9.950494737544088864e-01
1.014193078959780392e+00
1.020857054688397048e+00
1.007427653943058665e+00
1.001926467685225086e+00
9.989396416189428862e-01
1.030454956219797991e+00
9.972055215819249918e-01
1.028776164215056133e+00
9.984018270707007980e-01
1.005944850531132140e+00
9.987879906944701069e-01
1.026465330125787112e+00
9.998000507438815632e-01
9.844960281857556561e-01
1.007426596706746169e+00
1.052253224552461841e+00
9.658029017966056617e-01
9.917722256667459435e-01
9.743182752561180271e-01
1.011919641147990490e+00
1.017225436565350360e+00
9.947989036715159106e-01
1.017508348722822253e+00
9.860434826479295145e-01
9.935505675875352383e-01
9.973633108268591396e-01
9.855472920668273407e-01
9.652586908934224219e-01
9.870021913099592537e-01
1.005100705453440879e+00
1.034841398615420571e+00
1.011442180553630221e+00
9.813694769521383865e-01
1.010972231493465046e+00
1.007081468811702685e+00
9.707243781884623557e-01
9.948306886615231326e-01
1.010267345884157120e+00
9.621350456468871215e-01
9.788944522607752052e-01
1.000639617584384133e+00
9.920065927285046659e-01
9.888297532420784464e-01
1.006961047193811742e+00
9.916251187064004657e-01
1.017208792245683835e+00
9.972071999686855648e-01
9.662084862984874345e-01
1.012851973826421448e+00
9.794262709720065185e-01
9.935927099058069478e-01
9.899849009518947307e-01
9.730549328338732318e-01
1.011712630118532630e+00
1.017241042502730730e+00
1.015039327850638662e+00
9.811673613116563830e-01
9.769062542310826824e-01
1.015773097061333452e+00
9.996318993285642218e-01
1.037843539415016503e+00
9.894637189640653752e-01
1.045015737907685205e+00
9.951095539319142480e-01
1.001269023257038704e+00
1.031990577990087088e+00
1.043424597928561681e+00
1.000980363805159978e+00
9.952650699083839259e-01
1.004094333222111057e+00
9.924480929469882140e-01
9.891990046679711712e-01
9.947441531894508637e-01
1.009528679867641721e+00
9.578205516233910810e-01
9.815131237344396631e-01
1.029491064101873077e+00
9.758077426131808174e-01
1.009644529219078324e+00
1.004377970002629628e+00
1.006312007876080328e+00
9.974598704214296951e-01
9.829469173653686553e-01
1.007559058952335773e+00
1.012682208395490724e+00
1.000860365437002741e+00
9.990838162108131026e-01
9.905925847530253625e-01
1.025146979501182276e+00
9.979770769568432343e-01
1.000191317675093838e+00
9.838732444973103952e-01
1.028216694464313186e+00
9.797086691123851887e-01
1.017283512240898080e+00
9.652626460894128124e-01
9.907938161311805603e-01
9.988270379647422592e-01
9.913655976779285339e-01
1.011088315772080026e+00
1.007537346232526332e+00
9.600819738137800208e-01
9.856132802023074291e-01
9.742427699110899342e-01
1.028038932989278287e+00
1.014140513620106487e+00
1.019228063408609719e+00
1.018400483113563570e+00
9.854853244853750693e-01
1.007537995709256062e+00
1.034092309013780131e+00
9.842219210917821925e-01
1.016918916811073270e+00
9.988968904544962557e-01
1.006689721391573089e+00
1.025328650497046468e+00
9.848082047524250315e-01
9.780694266782228308e-01
1.012110677759667565e+00
9.471427243951272557e-01
9.919402057064594658e-01
1.001782594115394831e+00
1.009053213060853160e+00
1.025350637496955430e+00
9.993658969719121377e-01
9.885341375860432489e-01
9.830440013267217614e-01
9.985122843685281246e-01
9.978901831836842762e-01
9.991937253140477093e-01
1.025785411363938859e+00
1.032087809779190124e+00
9.783067301192478471e-01
9.643082378318674763e-01
1.025335589352626142e+00
9.941109072612834829e-01
9.984460373930483801e-01
1.004915960634039207e+00
9.702728637393747135e-01
9.778763810999280270e-01
1.019454986763063120e+00
1.012393207086901281e+00
9.721113448887619413e-01
9.833251744944591088e-01
9.990301132105519066e-01
1.004741059107640888e+00
9.958637804617106459e-01
1.019068404545584006e+00
1.015863267635655154e+00
1.036821046009664071e+00
1.013924599814307381e+00
9.783474109042225031e-01
1.017134684661958888e+00
1.023214289121849196e+00
9.585683310130992396e-01
9.891047204188175845e-01
9.879936403412932222e-01
9.998934858251706803e-01
1.018786551218274106e+00
9.773415240741404331e-01
9.781379042274774838e-01
9.961037167687862848e-01
1.024151932543776899e+00
1.027217073679412174e+00
1.032916786252584096e+00
1.037340227323440445e+00
1.049547209641312318e+00
1.031670058528689093e+00
1.002835451944098955e+00
1.035993067375011289e+00
1.009480902819530179e+00
1.018953612301074507e+00
1.002637524920283241e+00
1.003759562539924266e+00
1.030511513390971245e+00
9.866971857603969998e-01
9.769953898362410127e-01
1.013274049841854652e+00
1.019170467247331624e+00
9.892077604393536561e-01
1.014383154891585370e+00
9.667173720612831644e-01
9.928918155704947734e-01
1.027532432220430447e+00
9.721703182511393093e-01
1.002997637069581005e+00
9.969911313744695969e-01
1.008719682603513856e+00
1.008044386125767522e+00
9.990842765868918063e-01
9.762352420890252347e-01
9.764803648564812644e-01
1.019972058535426385e+00
9.969708338747644838e-01
9.714030544383381871e-01
9.851386829179404891e-01
1.016329665933481063e+00
1.002098014208680832e+00
1.011231449513072755e+00
9.767364784701917380e-01
1.007711548282813618e+00
9.846357695454285297e-01
1.033217640658300462e+00
1.015057234666383090e+00
1.035239079279501873e+00
9.950455762521980274e-01
1.025020884244765451e+00
9.882522320690227957e-01
9.709415356341366543e-01
9.961756047056400387e-01
1.014841544992954425e+00
9.914711744974469276e-01
1.042671762488769582e+00
1.040462410449890740e+00
9.818880670077274608e-01
1.012480702824176015e+00
9.899790201851549343e-01
1.020058943445252053e+00
9.955852949108973116e-01
1.008378296052456546e+00
1.000641037471110106e+00
9.708102144037059622e-01
1.023279439615992548e+00
9.687954905700610908e-01
9.819798881993105910e-01
1.014888116075921332e+00
9.830864881737425565e-01
1.033518166949017658e+00
9.644299981521997633e-01
1.003391121679860554e+00
9.812989707306005727e-01
1.016985378774291293e+00
9.696183706978265260e-01
9.682964109112880413e-01
1.021274751877381703e+00
1.012803209506040414e+00
1.016796774128901015e+00
1.028412422521812752e+00
1.006288122728131951e+00
9.738624800852178076e-01
1.006379714872682074e+00
9.915484901194263623e-01
9.741836624679087731e-01
1.009997458210660559e+00
9.990400950079837417e-01
1.037091789993335400e+00
1.031738061677153651e+00
9.934296125239010511e-01
9.882733758223386511e-01
1.012231552389453837e+00
9.942774722531322329e-01
9.801888383874647337e-01
9.954076765521855386e-01
1.036561324189037681e+00
1.025272070506088262e+00
9.963038735381847255e-01
9.632115461272331425e-01
1.011796352465328619e+00
1.011855078285450293e+00
9.998898326121168356e-01
9.836476022318865198e-01
9.943428724426379706e-01
1.040685776100110038e+00
9.945225196451743521e-01
1.049794657627931338e+00
9.926266567155715981e-01
1.009415981135205032e+00
1.003122223310628947e+00
9.938281457115657469e-01
9.642446086419665940e-01
1.007233867867308286e+00
1.009629352364283417e+00
1.038366420375419708e+00
1.001997544885535385e+00
9.981584093276610892e-01
1.010808586256706443e+00
1.000906095453742761e+00
1.049170669872901307e+00
1.043600482720138833e+00
9.992845850745719627e-01
9.988976315200445155e-01
1.023663838750500377e+00
9.836027366159761920e-01
9.915979472016451801e-01
1.018491948919236334e+00
9.850573165484779459e-01
1.012026360469095776e+00
1.040475420858629096e+00
9.910881310481363116e-01
1.001311075078505031e+00
9.763230509293470138e-01
1.011160213308482270e+00
1.004513257351324684e+00
1.015445535626752660e+00
1.012707283612531484e+00
1.005936407385314535e+00
1.022224814642701096e+00
1.030367120286535876e+00
9.778595621192469611e-01
9.993661181692681250e-01
1.019598273533404376e+00
9.815318668059829221e-01
1.026162763173302350e+00
9.875595702937869369e-01
1.014744818990646946e+00
1.031454305290808726e+00
1.020984118275263919e+00
9.628909333433812723e-01
9.907911167120220242e-01
1.024207558811555341e+00
1.007839521902249791e+00
1.001335281669772925e+00
9.855363655501913067e-01
9.577511013698951636e-01
1.010075698418632983e+00
9.878112783710977229e-01
1.002828882128019794e+00
9.489692174590100837e-01
1.011562870661708136e+00
9.941604138819405412e-01
1.001972901074677402e+00
1.012723425306972125e+00
1.001533075573542542e+00
9.770367682615653804e-01
1.032372357516674111e+00
9.779714339422759251e-01
9.750962648577007341e-01
9.837899493061958989e-01
9.598353095735762119e-01
9.854025050131521857e-01
1.009411898831741317e+00
9.887139015549749610e-01
9.757201587101766993e-01
9.796440702208263351e-01
1.003891797169453648e+00
1.023996322284843163e+00
9.999089004298783445e-01
1.028029434194410063e+00
9.668930491718860099e-01
1.003405925882444372e+00
1.023567265225373557e+00
9.862976738922140107e-01
9.939596900251803646e-01
9.673541355660729701e-01
1.019022085096593422e+00
9.959909895808933822e-01
1.007478788409177151e+00
9.996373156885275391e-01
1.000977548801391892e+00
1.029788899983949291e+00
1.005600081364945719e+00
1.015288319635403003e+00
1.010598662299220463e+00
1.027995364642235288e+00
9.921435311621509268e-01
9.968566287838525053e-01
1.008580304555398044e+00
9.997280662561714992e-01
1.003283562575327581e+00
9.881900314915395001e-01
9.790735095017752965e-01
9.782989803814026164e-01
9.765606088763719717e-01
9.901273669585580750e-01
1.012594280644308009e+00
1.000150310963134670e+00
9.657517494077795250e-01
1.015633528110583050e+00
1.002374143616089119e+00
9.716620556764139494e-01
9.867649578693397094e-01
1.005766685330252708e+00
9.911025014017997847e-01
1.005251336428587550e+00
9.755073849720869994e-01
1.017235121626354433e+00
1.022883376928444443e+00
1.019395697487634589e+00
9.643133784377311279e-01
9.868648903610877099e-01
9.912252871753700623e-01
9.797739053906437956e-01
9.753333587551372696e-01
1.010866583292406418e+00
1.032646583822396824e+00
9.736576158043949158e-01
1.030463949047382366e+00
1.006532169800018472e+00
9.847553551242826941e-01
9.771703337733573802e-01
9.725125879701186360e-01
9.972814017201477865e-01
9.814157580633824374e-01
9.715528829914693576e-01
1.013968707854544737e+00
1.003325016674173176e+00
9.771656520058741302e-01
9.723265164021246409e-01
9.857398621624401391e-01
9.798137157354340765e-01
9.896260226220208178e-01
9.995626170527170951e-01
9.921401831510687774e-01
9.912297003779703131e-01
9.972725748958721770e-01
9.620415267342569132e-01
9.791116010045792795e-01
9.712517288783476532e-01
9.698144642189943099e-01
9.833205790234074151e-01
1.000161666699947327e+00
1.007462076868200773e+00
9.445249669804554049e-01
9.904351318133298721e-01
1.018952185182157244e+00
9.610997717769087512e-01
9.789028001231869780e-01
9.752781331924514907e-01
9.873494339805307662e-01
9.986423556828961656e-01
9.707752392201211000e-01
1.000384171865001282e+00
1.025927071979648497e+00
9.868441628770033835e-01
1.004707760552440377e+00
1.031684983317985305e+00
1.011265463537868614e+00
9.898448192839410797e-01
1.003372043568298455e+00
9.941301517301202040e-01
9.689882863839575089e-01
9.643474064205931340e-01
9.707916223630937980e-01
1.005127636281251347e+00
9.937337418669366373e-01
9.577352560685540306e-01
9.923182157077247156e-01
9.851349707395056221e-01
9.965993761597264911e-01
9.641327819646052788e-01
9.766339594315458505e-01
1.000189927189298222e+00
9.999708374620079887e-01
1.007465046331729175e+00
1.000151710389540538e+00
1.014175613818365074e+00
9.983965644902327297e-01
1.011278659278906256e+00
1.024897944712160225e+00
1.011686881949077188e+00
9.682197599899635687e-01
1.011705949975758578e+00
1.023549212575298961e+00
9.998195805523240054e-01
1.016711378413051481e+00
1.008242385452577050e+00
1.007409076612086896e+00
9.753669962771099877e-01
9.878150819623393586e-01
9.750752174070761447e-01
9.903702632345883217e-01
9.839783374614503586e-01
9.780058259864116144e-01
9.679340599749282070e-01
9.953903804477538531e-01
9.523801212595658372e-01
9.725446925921812369e-01
1.002072521266300420e+00
1.033540759691763622e+00
9.921970328497164981e-01
1.020017208296960520e+00
9.930151500455918212e-01
1.005489964066705877e+00
9.754735315685751917e-01
9.842488089037602084e-01
9.895703313058719086e-01
9.921187778694936510e-01
1.022558110912071161e+00
1.008261503193864872e+00
1.007705383698848323e+00
9.999139414507918211e-01
9.586455605251581469e-01
9.791334616548708070e-01
9.934304149682350316e-01
9.856069861764736872e-01
1.037065691413891155e+00
1.001617435715853377e+00
1.014493045843318120e+00
9.923866458807467650e-01
9.685800841590058718e-01
1.011160501657293764e+00
9.812707832482460146e-01
9.895028986354480471e-01
1.019876108520649804e+00
9.596811917562535488e-01
1.021754877645789650e+00
9.696775312573121530e-01
9.861030323589135005e-01
9.839823526831505962e-01
9.795096761169697075e-01
1.012444329793415587e+00
9.451663723501739778e-01
9.992320253071380609e-01
9.832913823906517248e-01
9.743409542357736042e-01
9.825110605285780618e-01
9.895519531417047432e-01
9.842643521664509176e-01
1.015264491805362379e+00
1.006271391382603575e+00
9.961484531901247941e-01
9.919188007625516779e-01
9.743424687072136381e-01
1.021086720428650452e+00
1.008504338748037465e+00
9.819131692063122197e-01
9.960541678631599227e-01
9.683952573193281843e-01
1.025407070143842914e+00
9.777539509586170574e-01
9.648431198018243560e-01
9.480375734716030012e-01
9.697917726363967095e-01
9.891311300712147814e-01
9.692904369135146858e-01
1.005174428071366366e+00
