# signal periods in days
1.026706176248429259e+01
3.560786434092003674e+02
8.984869471593459167e+00
8.206070477034055344e+00
4.201434734822747430e+00
3.113877649068363098e+02
1.216274399581024390e+01
1.301085287621994979e+01
9.426130134662043858e+00
1.576037771711728226e+02
2.121846970087268858e+01
2.876367148249010341e+01
2.808272324450058832e+01
2.762978401054921278e+02
8.847484044019463312e+00
1.927605724959375877e+01
2.334622621697057365e+00
1.704710220972764603e+02
1.753417556772296493e+01
2.257996482471073918e+01
