# data in one-minute intervals
9.830960435983880918e-01
1.017607177672815055e+00
8.775315911357470799e-01
9.006763742012848795e-01
1.105731259318541992e+00
9.746913371667040860e-01
1.000261215656468305e+00
1.083442336478722012e+00
9.047939283406574162e-01
9.558429601355729055e-01
9.447500704736991883e-01
7.941195184778189198e-01
1.006400391165675812e+00
1.043125946159191297e+00
9.960517498549973370e-01
1.103073741089513504e+00
1.078365347321166290e+00
1.154233803460816388e+00
1.010082545698090195e+00
9.015411011333769320e-01
8.053369445340927690e-01
9.844179927319622880e-01
1.036515977104390807e+00
1.082294141223966610e+00
1.016435934974011523e+00
1.026973146790350011e+00
1.085775727166073512e+00
9.989877314966598698e-01
1.217730339957324937e+00
1.078178705640230994e+00
9.962703408177594477e-01
1.062321325300056518e+00
9.962652939028278087e-01
9.982541428582624166e-01
1.006801629100167128e+00
9.647615033285042996e-01
1.050411367426014708e+00
1.031846266379845556e+00
8.862097999411849836e-01
1.104423907912430280e+00
9.493531087043849404e-01
9.693229473842899235e-01
1.017215511829079988e+00
9.193035309514063780e-01
1.042281087997971367e+00
9.070452709996349450e-01
1.102402492444784388e+00
9.698834285172797109e-01
9.909116314252396363e-01
9.943861299862908343e-01
1.147205022120746376e+00
9.424770208119077619e-01
8.546585512302207199e-01
1.134595323653554200e+00
1.019608975666177697e+00
1.033881751712424357e+00
1.089638220311016648e+00
9.550850135873022451e-01
9.586592712227997026e-01
9.658759441587895234e-01
8.020816599573870054e-01
1.113866704874343805e+00
9.320746765328856709e-01
1.155689567985458632e+00
1.033890191233321376e+00
1.135836659580554686e+00
1.057725005264442908e+00
1.077075343967856869e+00
8.671775963437413637e-01
9.829407912965135719e-01
8.671873833874631510e-01
1.017319238089622102e+00
8.899580535259197234e-01
9.699363897389213784e-01
9.758905352596876082e-01
9.745566791941899787e-01
9.358251262844875518e-01
1.091334668197811997e+00
8.372916914034632674e-01
1.087283469609893638e+00
9.821689297815678898e-01
9.954431928937791385e-01
1.091005679733276779e+00
9.781309498015571258e-01
1.079104178716436602e+00
8.780997751225938508e-01
1.033901665834612293e+00
9.810017517291073075e-01
1.030808794710029286e+00
9.922422655104053968e-01
1.131996906983551154e+00
1.162041446391018029e+00
9.461088807721679261e-01
9.776503845259630898e-01
1.077183227275071875e+00
1.120421079148832044e+00
8.603924921423784511e-01
7.908448207063815127e-01
1.108098503100178212e+00
8.914229347651787538e-01
1.065940142985806638e+00
1.081127544072627344e+00
1.055771788678630418e+00
8.576595147534848973e-01
1.046619287823395306e+00
1.063790402933658674e+00
1.104744469431774512e+00
9.682005248227473215e-01
1.145011962220551682e+00
9.544921025054803332e-01
7.768982319174650986e-01
1.070796900558812048e+00
9.787375646575692256e-01
1.051817207600513226e+00
8.722235161081381971e-01
9.188634533372727065e-01
9.523791809316086709e-01
9.394662242040061617e-01
1.176994779967877935e+00
9.548875246052088706e-01
1.016318696182959780e+00
8.330560542983656003e-01
1.119834221141124964e+00
9.536461894390803051e-01
9.303354281986850882e-01
9.427592595874481063e-01
1.104422726046154768e+00
9.572002660905106763e-01
1.119783037447987795e+00
1.117133168475693328e+00
1.283783589429430494e+00
9.837114124358281586e-01
8.721271982280015544e-01
9.646477922876025568e-01
9.158253728238667790e-01
9.397810302320371845e-01
1.184438491796700132e+00
8.944526693209858825e-01
7.867027106677253467e-01
1.119816608230264965e+00
1.122919929984894871e+00
1.059571752730170902e+00
1.091853510137491767e+00
1.229692419057649699e+00
8.853434303496579005e-01
1.108657977286531260e+00
9.749944235258984904e-01
9.973232123929829385e-01
8.269350067299362506e-01
8.777663348286008915e-01
1.011687994046474914e+00
8.699973484401805068e-01
1.096472838182989351e+00
1.101062236546309192e+00
8.120477151058052012e-01
9.050429540988338406e-01
9.404340812285927331e-01
7.361714066969140546e-01
9.987070480068179767e-01
1.042599872231905866e+00
8.843432331156175774e-01
1.079728862307719250e+00
1.092548313426428219e+00
1.144405403953536515e+00
1.027621895286046527e+00
9.033934783810642077e-01
9.093298648488435942e-01
8.400353070284436452e-01
9.961430874833556715e-01
9.706204584350892617e-01
1.119384121409312094e+00
9.612601129552933443e-01
1.020285760680863074e+00
9.170817187214468369e-01
9.389334339580494015e-01
1.184828090448747595e+00
9.974167741521619002e-01
1.040535618369402560e+00
1.039528315492801447e+00
9.075652598626064993e-01
1.081392487521777523e+00
1.016951043864107618e+00
1.044222125639575616e+00
8.477049405332914844e-01
9.794485567407947846e-01
1.098798887202898200e+00
9.982913452364269302e-01
1.103742252329213303e+00
9.460397172307085656e-01
1.026203245308572765e+00
9.928392931084849549e-01
1.020970781053923693e+00
1.048778740234921791e+00
8.736415676445091760e-01
9.030609944830593205e-01
9.070934981142463327e-01
9.217215251712500557e-01
1.033501656840436267e+00
9.927838632682082221e-01
1.171049653227512755e+00
8.152974621440569614e-01
9.435439970679009303e-01
1.058974381873633464e+00
1.095247632003208071e+00
9.299489809460660394e-01
8.146643691803622245e-01
1.206268718864420109e+00
9.371016563604372962e-01
8.064753522520864415e-01
9.265139478045616439e-01
7.580785461889383292e-01
9.435221658119702370e-01
9.818234394427374223e-01
9.232495682642366530e-01
9.459866828000375039e-01
8.900303389445993751e-01
1.063232286012704808e+00
9.401574596184616439e-01
9.012337409680468703e-01
1.155028249224929304e+00
9.248046792190287579e-01
8.050590135330988328e-01
9.517100529893756100e-01
9.381871124093934533e-01
1.046229482266148647e+00
9.630930962052635103e-01
9.836407900956123385e-01
9.372023628282701857e-01
1.027431492468053653e+00
9.026957883765298618e-01
9.398293477346066904e-01
1.003933332725590821e+00
1.054478128922313518e+00
1.045621883773256267e+00
1.115317434371952521e+00
9.801509198201475703e-01
9.505638161647054218e-01
1.012154704626160751e+00
1.053769750688779760e+00
1.077483852024585742e+00
9.424786664725777197e-01
9.542329659902020200e-01
1.186686423681295732e+00
9.513183625705541324e-01
9.155282265644272277e-01
8.094056944962447764e-01
9.828329997671879648e-01
9.003283549438507727e-01
1.069465124684973789e+00
1.204460886639787676e+00
9.853783465430724364e-01
1.097433335334459859e+00
1.046378173898978581e+00
1.075891449562656366e+00
9.887647578730719422e-01
1.055200834757530570e+00
9.287606209631209531e-01
1.163665333644509747e+00
9.396245782832320925e-01
9.713421694784731830e-01
8.622328698907981703e-01
9.021723849999735423e-01
8.096636813413046196e-01
1.138856023991832167e+00
8.746152716575054109e-01
9.526070261285306540e-01
8.808407435618006431e-01
9.750154313249027593e-01
1.057174104661698921e+00
9.035590245319283786e-01
1.076144693894191651e+00
9.140547252601760597e-01
8.735925273434753668e-01
1.066002045455470171e+00
1.166029022569805340e+00
1.045081504722123800e+00
1.046416900728952992e+00
1.091996352173306040e+00
1.186350460961635100e+00
1.207691293958782497e+00
8.684318795125516299e-01
9.484159607168471950e-01
9.023748750187396972e-01
1.139232519223832840e+00
1.062885588311226703e+00
9.279216837937815932e-01
9.942715840369580338e-01
8.831565259043459015e-01
1.147316331775885656e+00
8.964973214941984736e-01
1.011291189644434985e+00
1.047883761729694552e+00
9.775747477325621437e-01
8.870038072612442814e-01
1.002830363402761993e+00
8.251246599985805341e-01
1.244311027924586588e+00
9.267125355674938891e-01
8.558624875703904067e-01
8.324026073289078065e-01
1.125216620485071539e+00
9.036264373339364386e-01
1.080229064901571112e+00
7.936841349448384708e-01
9.252023708359591314e-01
9.857529201553533182e-01
9.286715196897579183e-01
9.058107952719690603e-01
1.164590060279929951e+00
1.144053503646325298e+00
1.217893367873500887e+00
9.386361555788167443e-01
9.562860167642247555e-01
9.231035422884130703e-01
9.488768072468930503e-01
1.031139161516571257e+00
8.822812948933745902e-01
9.516855225295514087e-01
1.170066742457070097e+00
9.816200962157402010e-01
1.015327232415206504e+00
7.655821631159660523e-01
9.941205076328665236e-01
9.071247895101887115e-01
1.102970180249891907e+00
1.076059656334286574e+00
9.280429835272154815e-01
1.014334674787660928e+00
1.117463771596284294e+00
9.112407711540986277e-01
1.088062499285244789e+00
9.678710102303786922e-01
1.065403803958056894e+00
8.748404413527580692e-01
8.612351323579361395e-01
1.045239711974677466e+00
1.181895447780214603e+00
9.445869108457876084e-01
1.019933392838942687e+00
1.003599592559079046e+00
9.739337802844635350e-01
8.697172230158323192e-01
9.059143835057064109e-01
1.036011420419272300e+00
1.130682630534131539e+00
8.751286614037484535e-01
9.995339520756973961e-01
9.789617545963898992e-01
1.017467378533775335e+00
1.050540156595968000e+00
1.087689764399174530e+00
1.143931722957350683e+00
1.081443112589757671e+00
1.021363459753826364e+00
9.268920539961801319e-01
1.070862118050395440e+00
1.206953669896765113e+00
8.243146135393659701e-01
1.092545894434496123e+00
9.057334606688938194e-01
8.074309717086688432e-01
1.061359367013564814e+00
8.761097197374519974e-01
9.448625304233457811e-01
1.050623534582534102e+00
1.064542082479772445e+00
1.052988506157594317e+00
1.024956171721297382e+00
9.807499690977360407e-01
8.560567826859909468e-01
8.037013586336291260e-01
9.500829715820130472e-01
8.121492297833243779e-01
9.072823606945918939e-01
1.013828223207651202e+00
1.137219070024794609e+00
1.165410896900854532e+00
1.078723922162305726e+00
1.055180922327506376e+00
1.058400293792391089e+00
1.020107542415970459e+00
1.009333596320124649e+00
1.158334927703386530e+00
9.432992600295146968e-01
8.984328423262435415e-01
9.253082042898717052e-01
9.061756456136107474e-01
1.059714481162778554e+00
9.834050227282546963e-01
9.957135178050597890e-01
1.212960217658948903e+00
9.535013307429305307e-01
1.072789919151663884e+00
8.693185807901214757e-01
9.062752429279025135e-01
9.890546392427816969e-01
1.095731425725559482e+00
9.725655058334523595e-01
8.842940416604535558e-01
1.023162474684925050e+00
1.133361568508121753e+00
1.073016724173209591e+00
9.888424251556360289e-01
9.888546797309030190e-01
9.651616318907392245e-01
9.516433882579833359e-01
9.954067934583492594e-01
8.656083369439154795e-01
1.046006985111090692e+00
1.056772310384821667e+00
9.557474812891697535e-01
1.078154207685703136e+00
1.071459925187681961e+00
1.041423734468305939e+00
1.089588548735352491e+00
9.564199351714857134e-01
8.650131925007848999e-01
1.016577136799848624e+00
8.655635353687264333e-01
1.168852120800331074e+00
1.102472988326793857e+00
1.029128922496296061e+00
9.676253264857306302e-01
9.181401905039348055e-01
1.045497950423361466e+00
1.090764532531260045e+00
1.200288319088171907e+00
1.083394818217501276e+00
7.639819704752930374e-01
1.020717441127192870e+00
9.935618946022259923e-01
9.053130098016657357e-01
1.218062633296262742e+00
1.132373285172849187e+00
1.024974937671986330e+00
1.041034272958127227e+00
1.079823338031610458e+00
9.715478144918965331e-01
9.046418359522685471e-01
1.011650354039815403e+00
8.773907200530723927e-01
1.029117725726081067e+00
8.307765630365699927e-01
1.154767044117435359e+00
1.042201744160761612e+00
1.005828517268212430e+00
9.375587753479029951e-01
9.349520144598716387e-01
9.659860556251255170e-01
8.486705328457159192e-01
8.372967656332792608e-01
1.094106847561161278e+00
9.013740520006596757e-01
1.123832730476051811e+00
1.113294412452969340e+00
9.491546165496934639e-01
9.785965115996060337e-01
9.602064244221081291e-01
1.028074982040734886e+00
9.604214220480349340e-01
1.147050273723875247e+00
1.032061387801252783e+00
1.009838181531376167e+00
8.028698272032251948e-01
9.906514436751190367e-01
1.062695044381497755e+00
9.871736166626843278e-01
1.029910896704578027e+00
1.013690674191598529e+00
9.658832676510819004e-01
1.137446892982576729e+00
1.060479450464769435e+00
8.285586335600824137e-01
9.678153250383303430e-01
1.122110214058569255e+00
9.888191983087439851e-01
1.054555545179801657e+00
9.677933729854100164e-01
9.671282746647622552e-01
1.156797455042228417e+00
1.022397062454642125e+00
9.848137872737172671e-01
8.388907833233553157e-01
1.023580817048409530e+00
1.021538022395310774e+00
1.013624336938982351e+00
7.393779835789047183e-01
1.046963096492234735e+00
9.226909303459795986e-01
9.235084012003943466e-01
1.039178851923294511e+00
1.016837052716510703e+00
9.915342674073703844e-01
1.017635027457033381e+00
9.768102198816709381e-01
1.050708477173046607e+00
1.203214021973528780e+00
9.817388354073185441e-01
1.080323426471561543e+00
1.031788223925263370e+00
1.201829640245825281e+00
8.215847438632379873e-01
1.060717438198069074e+00
9.750258618077691786e-01
9.326364127744590782e-01
1.005298938388014429e+00
9.814905092371183359e-01
9.974388222749377420e-01
1.020367796181749442e+00
1.046335782098678058e+00
9.220624454855821384e-01
1.014197190956222405e+00
1.033718184338312085e+00
8.938953351088023691e-01
8.697052011532515614e-01
1.099845623172326370e+00
9.236079953310808444e-01
9.108436961298369550e-01
1.042189219007473966e+00
9.462862797564900452e-01
1.027692134742619112e+00
9.448386994070240297e-01
9.533083353252694847e-01
9.734627353585609821e-01
9.992915970036188034e-01
9.608597037219939185e-01
1.142898211676979692e+00
9.997014498070860844e-01
1.135189645344188980e+00
1.003018662257103566e+00
8.245518215605119883e-01
1.177836112901350596e+00
9.970532724228853283e-01
1.021294499788072185e+00
1.010758152733062909e+00
8.953080442927308091e-01
1.106440415190184101e+00
6.807571001655063903e-01
1.063943923204787367e+00
1.040387708641282716e+00
9.836076703556080325e-01
9.831510821112879883e-01
1.155601021690905394e+00
9.138723488646335325e-01
9.809133605804120082e-01
1.062919960141378128e+00
1.011912495107285315e+00
8.406386063628058514e-01
1.050911942981151093e+00
1.088454817890363469e+00
1.093968596360768153e+00
9.982894333294406453e-01
9.402280750156103428e-01
9.486988064731631809e-01
9.134364848094012057e-01
9.407644350986136272e-01
9.457921533130501102e-01
1.043131189991948871e+00
1.140960923292511975e+00
1.228162852786119252e+00
7.860731435615131435e-01
8.858063509024936000e-01
9.896118619621567802e-01
1.020660402158289459e+00
1.053746111057590973e+00
7.426854455208338202e-01
9.385788689412315478e-01
1.117586781225748060e+00
1.010503850533255310e+00
1.004403174227047391e+00
8.805316881421078046e-01
1.200982109756563609e+00
9.815014963721208074e-01
1.225885477161025250e+00
1.042259349658510859e+00
8.639848410176041993e-01
1.116736034388157384e+00
9.188451790960814325e-01
8.659672712624556512e-01
1.013276887188411690e+00
1.125980938641653495e+00
1.036234588604549423e+00
8.613310579793096444e-01
9.420001766625630824e-01
1.089378815963474079e+00
1.045514852457120503e+00
1.045822380998171708e+00
9.110368684039077403e-01
9.274041714819982740e-01
1.070952991970540058e+00
1.132243933896069255e+00
9.019833129054410925e-01
1.068884915696952875e+00
9.759083962344277108e-01
1.166332125443852341e+00
1.054888039976733083e+00
9.742361799222266638e-01
9.717640388257871020e-01
1.084260446761701191e+00
9.762092959832142647e-01
9.483545085397087071e-01
9.746978299095757636e-01
9.235472298503146771e-01
9.255902559247050077e-01
1.070343394706378515e+00
1.031095030159610682e+00
9.030398230656158098e-01
9.742852793135965417e-01
1.195811027303603558e+00
9.510473324889373581e-01
8.970573278541676965e-01
1.081538509398751957e+00
1.056076262929026344e+00
1.005500802550769013e+00
1.028310079261917753e+00
9.247977083979234125e-01
1.017351166821654607e+00
9.904042858965295126e-01
1.075801988104246210e+00
1.038469732031647164e+00
9.265132671611000514e-01
1.121653817608597503e+00
1.030333802718810698e+00
1.098700922566424820e+00
1.104613613743103295e+00
9.887192139903406840e-01
9.753249560397868612e-01
9.997923733407430014e-01
8.653952901958582578e-01
1.139484524321391579e+00
8.891265480685626166e-01
8.686955800658605620e-01
9.772107650360062348e-01
9.684483227822311413e-01
1.060854093335753978e+00
1.052323324469389476e+00
8.114854582796708904e-01
7.720049207321065809e-01
9.598658827451631570e-01
1.108595563433234066e+00
1.013492816598866364e+00
1.110363937258005196e+00
1.188095878807422512e+00
1.003415860226012368e+00
1.067244458090092163e+00
8.062404878134873387e-01
8.546381186926136353e-01
1.008127661851917489e+00
9.993757005338237409e-01
1.117683475920032699e+00
1.092067702485734593e+00
9.699288477792281649e-01
1.088284476661762978e+00
1.158327728214491925e+00
9.589670403467940307e-01
9.448761373425806909e-01
9.482169537094901068e-01
9.597372705005493554e-01
9.417706767636866427e-01
1.081742615519676320e+00
1.088159158080095779e+00
9.789545783900438503e-01
9.800332035306643652e-01
8.562107770022897579e-01
9.304398914825915412e-01
1.045226775950779174e+00
9.005446797565774819e-01
1.027407239096227887e+00
1.036731508073046149e+00
1.073677454052982982e+00
1.053292748085996156e+00
1.036729583779335329e+00
1.069022826145021865e+00
9.727224439739070583e-01
8.786868834535225270e-01
1.277103754957278792e+00
1.092845581155531987e+00
9.412181524095394325e-01
9.875270210804353299e-01
1.046355849873541910e+00
8.830390458452630487e-01
8.461884266728493253e-01
9.335088145375510793e-01
1.091529146529742089e+00
1.042552152898368556e+00
1.030598179371182255e+00
1.098811081966967196e+00
9.791366335094514595e-01
9.420473690268864608e-01
8.777011151222162688e-01
8.371254956399769576e-01
8.956633995901324141e-01
1.045044630839974120e+00
9.534571138338147067e-01
1.022270346259884111e+00
8.633746946324605265e-01
9.774694176712113158e-01
9.998069077898974477e-01
9.604037079304333924e-01
9.204669070396237496e-01
9.672124685141149092e-01
9.191519929334218686e-01
1.103022583618407770e+00
1.063826033881315469e+00
9.668019064820324582e-01
9.893861514667857682e-01
9.438069073001424947e-01
9.798663719926572480e-01
1.004669250128964908e+00
9.647821147740506253e-01
1.050115719216074384e+00
1.090279393238517747e+00
1.112088527946512695e+00
8.898813575847706048e-01
1.135257912631822519e+00
9.708729720417924591e-01
9.818426812374283497e-01
9.047959103185294616e-01
8.527872066857292710e-01
1.057682386543429276e+00
1.133119290015420999e+00
9.667904958282257377e-01
9.791433348736905407e-01
1.010751124749778462e+00
7.413479307690895581e-01
9.650436877709380745e-01
1.076442609112274296e+00
1.059729157329740490e+00
9.651585981399827263e-01
1.100590685012444947e+00
1.000852074336020525e+00
1.117320317284434594e+00
9.599098181770995275e-01
1.150860614670887960e+00
1.123742236026823438e+00
1.082897777474424172e+00
9.432382022322778337e-01
1.081264263747254928e+00
9.675236077302767912e-01
1.172441892728769641e+00
1.109872458181143440e+00
1.007585516362202949e+00
9.401214672978840392e-01
9.100771486687287970e-01
1.015394600919260926e+00
8.353456690949482288e-01
8.995515364434314431e-01
9.832564555835574538e-01
1.167150004358663562e+00
1.154495473359335334e+00
1.014200225772774022e+00
1.081230414331290079e+00
1.040104190998711431e+00
8.348672388761469998e-01
1.072513457309605567e+00
9.790610624037646703e-01
9.548465923007715128e-01
9.707808522818485164e-01
1.084314775712785561e+00
8.637280761719698940e-01
9.251675671493096997e-01
1.126248636411586901e+00
9.524525449781066078e-01
1.039185917410169635e+00
9.294574366707257784e-01
1.025721659336215286e+00
1.061210401381874391e+00
9.387213692646818597e-01
1.065812528801387771e+00
1.006955731366369067e+00
1.008828657822741448e+00
9.555085460010478426e-01
1.134566921498209702e+00
9.239759619824174930e-01
9.300075846610016406e-01
8.766128657802670920e-01
1.033615089209555693e+00
1.012535641148377019e+00
8.883345817566965508e-01
8.389282506634145875e-01
9.368023068956243815e-01
1.208059103268508183e+00
8.839178665789649836e-01
1.027382431031702570e+00
1.078795462577291087e+00
1.063743719277215227e+00
8.346263076503507294e-01
9.285667317640632357e-01
9.251974987204594214e-01
9.258313011135216319e-01
9.032708144368083447e-01
9.430563779938173630e-01
9.458015169560338720e-01
9.242631684434995387e-01
9.096566413673318197e-01
8.924337768522403458e-01
9.271116622048012346e-01
1.064795261394780646e+00
1.100856352364238067e+00
9.996632107570088133e-01
9.256343943016065445e-01
9.379356089913685190e-01
9.706233949622636858e-01
9.961694574992870921e-01
1.110824657906599011e+00
1.028215499294389490e+00
9.892306236080344872e-01
9.972569049729774759e-01
8.997146472288535257e-01
1.042208036232713297e+00
9.800728644469192119e-01
9.778389628240151676e-01
1.107792795921798801e+00
6.676261803514396131e-01
9.699354268011360913e-01
9.772010789347006510e-01
1.041199753556737218e+00
9.462971452420538832e-01
1.041594035637578131e+00
9.445081579203000732e-01
1.125889836880400230e+00
9.543835374708613539e-01
9.540910590077819053e-01
1.016991239205283115e+00
9.397974360602695532e-01
9.988321415890392130e-01
9.264762111516950949e-01
7.433613892118062783e-01
1.043111600644298864e+00
1.009271995697148760e+00
8.491496783534663306e-01
1.072955652438508656e+00
9.059037552230601031e-01
8.819094296820785273e-01
9.140174164810443980e-01
1.006748525647421566e+00
9.426434518428928877e-01
9.426013272761221140e-01
1.004106122566696291e+00
1.081646734032721158e+00
9.366665082532330544e-01
9.571223915681950078e-01
1.115559363539383453e+00
1.029982214956136177e+00
1.034730092108679278e+00
1.167504914501829472e+00
1.071047469940256347e+00
1.043060518473693854e+00
9.445816338922553568e-01
1.148831373168662795e+00
1.054142700356630380e+00
1.119700731999043963e+00
9.511445547708172743e-01
1.021595323826169244e+00
1.085623781417942579e+00
9.577143733514631441e-01
8.455419407843303148e-01
1.033007890584909161e+00
8.942730389619258924e-01
9.328312522369472948e-01
1.121870406122222663e+00
1.150912680171157332e+00
9.097832564395724742e-01
8.579855819406628781e-01
1.083102326853218500e+00
9.939832060023283677e-01
8.394628827060225396e-01
1.093926179420710687e+00
9.239129985542567924e-01
1.095382674366392362e+00
1.101412744070896066e+00
1.091933589820079264e+00
1.069446972200193580e+00
8.587556605042556690e-01
9.567254944772779490e-01
1.018519829075980931e+00
1.217273586712927624e+00
1.028314956794052160e+00
8.763918969189927743e-01
1.040882278140328188e+00
9.128466656754871122e-01
1.145311298871128702e+00
1.088398781418554284e+00
9.389618195726587846e-01
7.927820165529944063e-01
1.212515232583663449e+00
9.310973357014753482e-01
1.031881634602294318e+00
8.274758674038971140e-01
9.916035766238562310e-01
1.019365256771985084e+00
9.330719314786630747e-01
1.032949906447778732e+00
8.761789613629327178e-01
1.084099437462947124e+00
1.236125052062263308e+00
9.906823778879796372e-01
1.048436808563578904e+00
9.070025883927861354e-01
1.066729314142665697e+00
9.853507856750124416e-01
9.013417250188194840e-01
8.566731386981154550e-01
9.827026903994573459e-01
1.002783273761369554e+00
1.060710101798151506e+00
1.106552576748101702e+00
1.138832219171777238e+00
1.002698995783378066e+00
1.056412242884691599e+00
1.064522734586017316e+00
7.188149724151640108e-01
9.717340059387740148e-01
1.020087336771260178e+00
9.770059556216640351e-01
9.360096815151930372e-01
9.476386464253212516e-01
1.084067483934342935e+00
1.053271069721217090e+00
8.720490159158222898e-01
9.288397714980975994e-01
1.110042323283991328e+00
9.835197656728423832e-01
1.049379606210159244e+00
9.862499847572275824e-01
1.099423845037070580e+00
1.068248650265648303e+00
9.469711338660415922e-01
8.187656412402191108e-01
9.814711533938217380e-01
1.098782858036570831e+00
1.096197283517077903e+00
1.070395745035005008e+00
1.026300997060894282e+00
9.813760180482613560e-01
1.112186564540689204e+00
9.754764075890288710e-01
1.063870955077847569e+00
1.058278011636454519e+00
9.159375250851623518e-01
8.435416080860947963e-01
1.002445641497906825e+00
9.911691407201387305e-01
1.068957017892381733e+00
1.068529463836263904e+00
9.014500932587499182e-01
9.175129590098589638e-01
1.140450523928369986e+00
1.015676206789303926e+00
8.903408726102906012e-01
9.987808239451009262e-01
8.703434344302086734e-01
9.976845573718595706e-01
1.062500377183468903e+00
1.071351212015555943e+00
9.411314776652544012e-01
8.922141167673993678e-01
1.032263759328781338e+00
9.872544267781191429e-01
9.616560834931970891e-01
1.040400239146788142e+00
9.867655932136999430e-01
9.447767530168621475e-01
9.432530174141180446e-01
9.476283000473196827e-01
1.145632335989895889e+00
1.036101329138152893e+00
1.004133705036208690e+00
9.733097502896005393e-01
8.675720568250107068e-01
9.999334441990282984e-01
1.050996179791057639e+00
1.014158249298595660e+00
1.184461615551976488e+00
1.149929609963419530e+00
1.164130304442570152e+00
1.011498736734225412e+00
9.887940339724439198e-01
1.017159684037080680e+00
8.021454399850780348e-01
1.023330752501704577e+00
1.194786390098891093e+00
7.742440711546927368e-01
1.167345027752078490e+00
9.813763203417279479e-01
9.052030934785328942e-01
1.319616424102264762e+00
1.033789709697332304e+00
1.099134633814690787e+00
1.025243457041480122e+00
1.016246313117532329e+00
9.248166818848106985e-01
8.694712917874246605e-01
1.077776177889458786e+00
1.017859970949529735e+00
9.651549709021454149e-01
1.013419491284950791e+00
9.168571645767664702e-01
9.915987044380100146e-01
1.181458277901636489e+00
1.022582897917412526e+00
1.139468828669286005e+00
1.086901388382610412e+00
1.051660608431144395e+00
1.065593026864946724e+00
9.871902721788700097e-01
9.336666499091000881e-01
9.771979052041679381e-01
9.894577525764619574e-01
1.044615472676747592e+00
8.746097940206793986e-01
1.059841555229034560e+00
1.124320705947194909e+00
1.112392613384686424e+00
1.098988809840225178e+00
1.049207350138399830e+00
8.739448947328862793e-01
1.140536279997594438e+00
9.287947887329378593e-01
1.071721666715419241e+00
1.015900175884498546e+00
1.051439568309298966e+00
9.570044731167918206e-01
8.706570292475510620e-01
1.017526216731327260e+00
9.029213221567194969e-01
8.288236671945526934e-01
8.407194187229316551e-01
9.229116139379316408e-01
9.003710837190503913e-01
1.070177003970369078e+00
9.620395462302158140e-01
1.018269227860177040e+00
9.098474769881721436e-01
1.024144320958237486e+00
9.171992283752025132e-01
1.011912591931121597e+00
1.007304659723342599e+00
1.027422294491708410e+00
8.684309798660196922e-01
9.257351764070916866e-01
9.231074438857027609e-01
1.144515306307098079e+00
1.008684184117500049e+00
8.539814518741527527e-01
9.970367949931682183e-01
9.465035998086357427e-01
1.085154579648017981e+00
1.133236303530926303e+00
8.846497848905214845e-01
8.255600140465393366e-01
9.883653566635584031e-01
9.780289002936050080e-01
8.201641637799610418e-01
9.113793010652329052e-01
9.532874435638849508e-01
1.013482714519688521e+00
1.065594497077353431e+00
8.431590180113388566e-01
9.696000884879374393e-01
9.303163095661822757e-01
9.105960885154767981e-01
1.039157366354647394e+00
1.007417857834555619e+00
8.197854131215687179e-01
1.009725704963972071e+00
1.136642026106217562e+00
7.889063985579988225e-01
1.035109964184159681e+00
1.238546179858284413e+00
9.847130987420678050e-01
1.096571898580388060e+00
1.011502008493362803e+00
9.459709666650880644e-01
9.556560830436424681e-01
1.037378774610655086e+00
1.027932146637491329e+00
8.317508849115109459e-01
8.739446884300281493e-01
8.476366907589558686e-01
1.237725743633347975e+00
1.095719048495129577e+00
1.184847710462274106e+00
1.013693011769349450e+00
1.022689256108778144e+00
8.675494585253147317e-01
1.053875685881180635e+00
1.070238540110799219e+00
9.719706794061591104e-01
9.957281361455795343e-01
1.127090174820744917e+00
1.107922789065325819e+00
1.099708478798128608e+00
8.763848480061523505e-01
1.023080568202071161e+00
1.060821076921034667e+00
9.956766729379810110e-01
9.414413254284520471e-01
9.373669642543576153e-01
1.009131936855993228e+00
8.567893688363351634e-01
1.034970344043291357e+00
1.060134049169832116e+00
9.979156390465334647e-01
1.125455846820355266e+00
9.047482466928248312e-01
9.600848173244654893e-01
1.009316583253266675e+00
9.950278874021755149e-01
1.049384132129751013e+00
9.725986611700263573e-01
1.044434143901726175e+00
1.080862583388599418e+00
1.007153409318668924e+00
1.095545504347263055e+00
1.260888339302480565e+00
1.083332441491989817e+00
9.886597177725222618e-01
1.046956269501159165e+00
9.759842101611548859e-01
1.047198131910416219e+00
8.231766100103897754e-01
1.022879574471096120e+00
9.620943980947314067e-01
1.167094064301375855e+00
1.059874211677224842e+00
1.150117062188040995e+00
1.075024383001939476e+00
1.006612253476812713e+00
9.371031723775093969e-01
8.488229176903867579e-01
1.173546739846638820e+00
1.124460666855711111e+00
8.972282227733229254e-01
1.112337421093530621e+00
1.069449878675588828e+00
9.944595107380663768e-01
1.204976406404121292e+00
1.079835195984500285e+00
1.017498633645468775e+00
1.079666855223631705e+00
1.044595291855952457e+00
9.824473548017699231e-01
9.983702110642350691e-01
9.533691086236975032e-01
1.126199041971690518e+00
1.108212851389043019e+00
1.156668692538270315e+00
9.906980013187631773e-01
1.035359293992249796e+00
1.003455554877492606e+00
1.079211383547887593e+00
8.739243174333364284e-01
9.299335566715495327e-01
8.997608864409116780e-01
9.509043740939379097e-01
9.464519946796438044e-01
1.013529188713141682e+00
1.025750118031885760e+00
1.016264465874508582e+00
9.681334821450428008e-01
9.677869525696872754e-01
7.481189526582086025e-01
1.147366963181679189e+00
1.137907380334720164e+00
9.308096831434023999e-01
9.161030176461334440e-01
9.640037266308896236e-01
9.452368882709749620e-01
1.077680067061272950e+00
1.009538590956916337e+00
1.133973697511752921e+00
8.785723201589278331e-01
1.091283938244207441e+00
1.049486916527223368e+00
9.836359273757697697e-01
1.056667806181821101e+00
1.113755643933279194e+00
9.160291609276504099e-01
9.702772463162039340e-01
9.968078150382815306e-01
1.090982610912968331e+00
8.189175903173224746e-01
1.067701935352015186e+00
9.986697551361768399e-01
1.110514523400200737e+00
1.228201829205820550e+00
8.556604743003989322e-01
8.105938174335727275e-01
1.086769074188501660e+00
9.915758443209176098e-01
1.036340854016257307e+00
1.132391328590217405e+00
9.940740820653192200e-01
7.678032350133496831e-01
1.108681531358566952e+00
8.887987868733988606e-01
1.048104907621046467e+00
1.112763360787623057e+00
1.121783268662153832e+00
1.033930815298090611e+00
9.062164984687791636e-01
1.024563588921947987e+00
1.148905387600594796e+00
1.094629335112600632e+00
1.070777069855219921e+00
1.018398791487684418e+00
1.117152079830563416e+00
8.351441243157666783e-01
1.008337637145064525e+00
8.560658344516619556e-01
9.918224412555347591e-01
1.031186509839994381e+00
1.244804067594751373e+00
1.017992392718880756e+00
8.401543318756332646e-01
1.098890610285027991e+00
8.922240014289433141e-01
1.029742380374075061e+00
1.001657366849560304e+00
9.170745129222575009e-01
1.216810299931495143e+00
8.829456092509250231e-01
9.010280871670810487e-01
1.171317109150081581e+00
7.263181688118143242e-01
8.443750733125570118e-01
9.550518624375641252e-01
1.191842461345299586e+00
8.201318431626625216e-01
1.077071829034335737e+00
8.686203229494378064e-01
9.741587039584947982e-01
9.526375845906442930e-01
1.022510222447475803e+00
9.968560054117562297e-01
8.457093799331200090e-01
1.000627532438429723e+00
8.383474370341527093e-01
9.941962693545965957e-01
1.013204510889116783e+00
1.040247917684059997e+00
8.924213760907460102e-01
9.757676337202579875e-01
8.158941300267350538e-01
1.058068015075223745e+00
1.129918605076889015e+00
1.049102396497977763e+00
1.166734399252350007e+00
8.599892739748268289e-01
1.210994735254045551e+00
9.269303648240722060e-01
1.014697947680021528e+00
1.099812072056936652e+00
9.177587502651052276e-01
9.200787357877017181e-01
9.654157535256479017e-01
1.124655247052351648e+00
1.135863976110253137e+00
9.954894044688724630e-01
8.796927520063665407e-01
9.370721936881571956e-01
1.022861909675609526e+00
8.908008170739947218e-01
9.994195019036317129e-01
1.059802769856836857e+00
1.193317632816072171e+00
7.977773270704381359e-01
8.810146744251871054e-01
9.411877925723017846e-01
8.882523373809196876e-01
7.968244792013235989e-01
1.204829962985741076e+00
9.196027191636131359e-01
1.037521212285039462e+00
8.825824822937395897e-01
1.029421532152228203e+00
9.472818319010098964e-01
9.904658209562445803e-01
9.883128955729701959e-01
8.284804467097692804e-01
9.822099889059157096e-01
9.149432564725059613e-01
9.740907089633701332e-01
9.698509761591223022e-01
1.069232495380409542e+00
1.140382451889295101e+00
8.483730203305778206e-01
1.098491029647612027e+00
9.377450896645165290e-01
7.636714939693582949e-01
1.181917266574249226e+00
1.004457980869670308e+00
1.097330361786596375e+00
8.381482065045278151e-01
1.002746001565498979e+00
9.688321243858674103e-01
9.371061873017861865e-01
8.181994683209627972e-01
8.483735378774360791e-01
8.976129850806694455e-01
9.851252269434083164e-01
9.441664116574963739e-01
9.926804905775409305e-01
1.028351639497838255e+00
1.040059256937889476e+00
9.260397497022458957e-01
8.775750999115266016e-01
8.521700410206469734e-01
9.182984176967514678e-01
9.574035222052793559e-01
9.787251278652835396e-01
9.827328086108536587e-01
7.539124787455145915e-01
9.764364583603232228e-01
1.075582889719694624e+00
8.864515902558678384e-01
8.393202899803542394e-01
9.945409737176958975e-01
1.137681086279594966e+00
1.011867908930697668e+00
9.597962896480639605e-01
1.076167614183431764e+00
9.386252717468471785e-01
1.167247402790658306e+00
1.016689838464263307e+00
9.759573864410937549e-01
1.106706070279698917e+00
1.123035442936052286e+00
1.015092513500625238e+00
1.076441995531200568e+00
1.110774282387912093e+00
8.545644545754187416e-01
1.041952206650984314e+00
1.147913032963382207e+00
9.078550811191218317e-01
9.163227607854295131e-01
9.988828926663140262e-01
8.661413769542269936e-01
1.014285534955983392e+00
1.028597034115668052e+00
9.363244821833929254e-01
1.029847644852420308e+00
9.048947962409611412e-01
1.009952404514172120e+00
8.676767396169491331e-01
9.912607624521827532e-01
1.011250029056301347e+00
1.079657788963874099e+00
1.012360330200480218e+00
8.086841481645390406e-01
9.996719459986482814e-01
8.934735066607242260e-01
7.771768934829584863e-01
1.136711031257425120e+00
8.304704470527639604e-01
1.101852193312013783e+00
1.060178188417463918e+00
1.045118568601474340e+00
9.630046371028335717e-01
1.086581455357037651e+00
9.697587742840988456e-01
1.038684701833957780e+00
1.048318379950805124e+00
1.087646380589614825e+00
9.942391438926960756e-01
1.032517333374781909e+00
9.538599952864077469e-01
9.398895263296970226e-01
1.048104120160108677e+00
1.004882970183140101e+00
1.259877764560456859e+00
9.540374830884811308e-01
1.105575385800695365e+00
1.039457496892399302e+00
9.881398264406313636e-01
9.999530250554480304e-01
1.030275364026727258e+00
1.178313393828520850e+00
1.036195370719077857e+00
9.274945513140091524e-01
9.502023688270069268e-01
8.968207950954762975e-01
1.010734097434820233e+00
1.098331661895647793e+00
9.876506779182321338e-01
1.053049288932396355e+00
1.034962113266566508e+00
1.147230580639991837e+00
9.680237523345776030e-01
1.039073009653479041e+00
1.092389941491345606e+00
7.576365257273127707e-01
1.048536521127730881e+00
1.002005035117719212e+00
1.027345629908806846e+00
1.112363851880214805e+00
8.612195007407519309e-01
1.009320289549783922e+00
9.159267289198855799e-01
9.596507056117058454e-01
9.163351895748119702e-01
8.914645767619340244e-01
1.101605050897012550e+00
1.016185789994218380e+00
8.142202721307014723e-01
1.036957164572617884e+00
1.125844533026255201e+00
9.241202296418479234e-01
9.291693779241014806e-01
1.037536076543853047e+00
1.078298665721145744e+00
1.171795163463591471e+00
9.462731273170805757e-01
1.031283227549822490e+00
1.100757733134332117e+00
1.048916046764915455e+00
1.040460809674403020e+00
1.085314836834017083e+00
8.906739126602490897e-01
1.163285684407835641e+00
9.256356428512252377e-01
1.075194869605357928e+00
8.827288011688794178e-01
9.163520235198443498e-01
9.946841229787628524e-01
9.994785391778988615e-01
1.016713507661247684e+00
1.004759398580503227e+00
9.735116149249135598e-01
1.019432087133313125e+00
8.727508783998636499e-01
1.099311855475147537e+00
1.004863728876818074e+00
9.134932082157389832e-01
9.073764553611008976e-01
1.058809809931106738e+00
1.013079961028465314e+00
9.866374984809944682e-01
8.715671501752032535e-01
1.019647221754974131e+00
1.103735662043969334e+00
1.061592628132723259e+00
8.482442469690799625e-01
8.658775772565133755e-01
1.016327121183726812e+00
1.052855476918477029e+00
8.546810984531072464e-01
1.049791248579584391e+00
1.026882302315135442e+00
9.671893489711796965e-01
9.182676775724647467e-01
8.549232998612666945e-01
8.711616530152774818e-01
1.122878504187809323e+00
1.172701815857959629e+00
1.076932710631369305e+00
9.697499388556450883e-01
9.569475446189380508e-01
1.101909598831068093e+00
1.135329780765977903e+00
9.479811948932230781e-01
9.603552579655878496e-01
1.020952258135496615e+00
1.102219064282825345e+00
1.019791280887589968e+00
8.105708333824687140e-01
1.051654862254705503e+00
1.144677174654010532e+00
9.673563957416495551e-01
9.308407315642603930e-01
9.192793939028104377e-01
1.061889593544768751e+00
9.624496063218912489e-01
1.024843824131259629e+00
9.371275728594739007e-01
1.134634216684931030e+00
9.281404208937497069e-01
1.031189029748820651e+00
9.581895743171759960e-01
1.039647530330161551e+00
9.864509007129986795e-01
1.040976706898323112e+00
9.757666473661924522e-01
9.833997386566437626e-01
1.003548731510975456e+00
1.085450974936623458e+00
8.468711877263537247e-01
1.016312807947233221e+00
1.151448578369223430e+00
1.094918479240275078e+00
1.203574149296499307e+00
9.231435844966444648e-01
1.118559017414602064e+00
9.346430509653512742e-01
1.020668096703806205e+00
9.934664345329058399e-01
9.519914540759544241e-01
8.787380268097823022e-01
1.035576006110870750e+00
9.855344519116541191e-01
1.185811335218046381e+00
1.092428245939817577e+00
1.014515504364185805e+00
1.195945714934290915e+00
1.229607684112952848e+00
1.212156780302038328e+00
9.826300239728366082e-01
1.111233911741220881e+00
1.079251159832978146e+00
8.698178649061036882e-01
1.032677944517816249e+00
1.189214654981658681e+00
8.999309687800434165e-01
1.023370763445533349e+00
1.112393126929668297e+00
9.386393186006068978e-01
1.188388091481374698e+00
1.039823683623541051e+00
8.354994604716630135e-01
1.171315373760957845e+00
1.036779273462171469e+00
1.078763289212961940e+00
9.589159457921297980e-01
8.230493022386548008e-01
1.247349474836476402e+00
1.028895676436436979e+00
8.715673090496068864e-01
8.432356657481248075e-01
1.013717716731464158e+00
8.593405151928332764e-01
1.014686038775384880e+00
8.792208327083859132e-01
9.440553888768067337e-01
1.089008294297775681e+00
1.042303284382956496e+00
9.710183924220437968e-01
1.020347946826169583e+00
9.318756149914271258e-01
9.692049956381212361e-01
9.203309653503819465e-01
9.381889592259344823e-01
6.872746039532033890e-01
1.072291112672890678e+00
9.972373692533490486e-01
1.017762882329495300e+00
8.954355228351019713e-01
8.758993927332362484e-01
1.064599928445917776e+00
1.194701890954367407e+00
8.582542586843669996e-01
1.019889722534091492e+00
8.511073230497226971e-01
1.175817449457471131e+00
1.076375251305164982e+00
8.889067615310762838e-01
9.803876588098816569e-01
1.075929475037662675e+00
9.865192065280622424e-01
9.933667877209617636e-01
8.895542267739806608e-01
1.026948133521661255e+00
1.014028068049272147e+00
1.083409279528998237e+00
9.463253522855130662e-01
1.010418359658476151e+00
9.994560209298076758e-01
1.010542143347416655e+00
1.061236422730519324e+00
1.140579969009242634e+00
1.005580098899315766e+00
9.172417963732734103e-01
1.054061898067569114e+00
8.505579787749675269e-01
8.831076512666118372e-01
9.525724060238957014e-01
1.044349709166458640e+00
9.513025677124473667e-01
1.071320831943598950e+00
1.124500278173361512e+00
1.002564280236573069e+00
9.003297453211882573e-01
9.389256285715210648e-01
9.350880590995589436e-01
9.320409190610218220e-01
1.003078783242028704e+00
9.162095813246263765e-01
1.103426291355537270e+00
9.207832166612239799e-01
1.040129946919817305e+00
1.182903780403596450e+00
9.424034441099023995e-01
1.073185054236263536e+00
8.747038804256338507e-01
1.182372130812157529e+00
1.169217604943849409e+00
1.113870441582224258e+00
9.359489549372117523e-01
9.157092556435331154e-01
1.053874700716842527e+00
9.221833285152569726e-01
1.091590693480020580e+00
1.106625856095462712e+00
1.135310912365505409e+00
9.458912666072298858e-01
9.971286005708496214e-01
8.437028486625008927e-01
8.321359822509690751e-01
1.020902688005292491e+00
8.659738627622607376e-01
1.062818259201869120e+00
1.072860812202717007e+00
1.045315583239741608e+00
1.158565977387671087e+00
1.081696585411088485e+00
9.956286980639336148e-01
1.179376179795963431e+00
1.048690356102901733e+00
1.012149896934484428e+00
9.127806374791910260e-01
9.218938046489025817e-01
9.916202747034371656e-01
1.027493634027591307e+00
1.064944790495186977e+00
1.070770748958413066e+00
1.041584900695211369e+00
8.228885375768635324e-01
1.037197272286509930e+00
1.006916210409761092e+00
1.076011706450056060e+00
9.748212605554761323e-01
9.737118496761940634e-01
1.094981087154972998e+00
1.109738155812832971e+00
1.054120773198770067e+00
1.133610624231410569e+00
1.014759383240904755e+00
1.015625100965050098e+00
1.160017426884232705e+00
8.496806495519416691e-01
9.229399771734589919e-01
1.013294391056888788e+00
9.323619203658838339e-01
1.017947250587485364e+00
9.411479186741353864e-01
9.140159716755869024e-01
1.022282597226998879e+00
1.168464630300761753e+00
1.093151379608072737e+00
1.096916771262960166e+00
9.252935578486475299e-01
9.907292054920303626e-01
8.198523485889797069e-01
1.084339054163215854e+00
1.028860115774973716e+00
8.251354870903262473e-01
9.669406515955252246e-01
1.001419259256143279e+00
1.088581160852269081e+00
9.992799633563438366e-01
1.165138780337809044e+00
9.616447861873774761e-01
1.105546618538696402e+00
1.015481527229706193e+00
9.257951404770573545e-01
9.374985879883717121e-01
9.514439087092736447e-01
9.715083094971816990e-01
1.071336802758637186e+00
9.488015045363897837e-01
1.073640282466725049e+00
1.231027196447474381e+00
9.543243495382260910e-01
9.415081151750409605e-01
1.052918927095706447e+00
9.823540607523137957e-01
8.476612563270079503e-01
1.052766458406296124e+00
1.066992430613725285e+00
9.882214187243040238e-01
1.162822341503267021e+00
8.412782032579123603e-01
8.876817192681623059e-01
9.815745479136601670e-01
1.044099181161061818e+00
9.772111277369777138e-01
9.122057299108987660e-01
8.954296545763129611e-01
1.107573844289222231e+00
9.733971529121255850e-01
1.034425057195741848e+00
1.132608883668866140e+00
8.076822034402058037e-01
9.198255026586822369e-01
8.916198485091815229e-01
9.255970834710974815e-01
9.250064559951867160e-01
9.168807737944141278e-01
9.960446314409621138e-01
1.180689240761834125e+00
1.056591396867134547e+00
9.576182313709288296e-01
9.208804922464132181e-01
9.629325367751305764e-01
9.920522223288092967e-01
9.511841572962184133e-01
8.631916777894391712e-01
9.664605542846513853e-01
9.533683936084613730e-01
9.962677726162050273e-01
1.017667690828786720e+00
1.029612016481443959e+00
1.182584850000681254e+00
8.972994445784119311e-01
1.070393091412431552e+00
9.987392463057092051e-01
1.094780087733636442e+00
1.095346362345531510e+00
1.166331248949272981e+00
1.037361593905477442e+00
8.478897300412795435e-01
7.942884209990886957e-01
9.933585532470345925e-01
1.296827822286820142e+00
1.038284118063408368e+00
8.716677560507505307e-01
1.068097423499605680e+00
1.143886773621713093e+00
1.112136010351308935e+00
8.412985866615040331e-01
1.066610621004516979e+00
9.621281860477829406e-01
1.029553232514398564e+00
8.949753668330170386e-01
9.988826040915673721e-01
1.075331357337110383e+00
1.068196389777776201e+00
9.890995220879006400e-01
9.969046641583571011e-01
8.317529529539487987e-01
1.031483337488044771e+00
1.081716754535039016e+00
7.765970980156345904e-01
1.018578130168345863e+00
1.029735403689928441e+00
1.052999959266402774e+00
9.974981044111929096e-01
9.175436457327271755e-01
1.042933285586878922e+00
1.097392110256304010e+00
9.481477468977133061e-01
8.136850868804085257e-01
1.080144906921742365e+00
9.508660230428949145e-01
1.168724817375369707e+00
9.575105694144895319e-01
1.072425132568763262e+00
1.000235538228514853e+00
1.009376938831788806e+00
9.307004863692773799e-01
1.058006709046992677e+00
8.945928598509694796e-01
9.640737771226490782e-01
9.025116110512503287e-01
1.018864066907871013e+00
8.989279007969910307e-01
9.102430691947774877e-01
1.179119812108405885e+00
9.411806725891397329e-01
1.000881686709316876e+00
1.100565400874061295e+00
8.286956671505751881e-01
8.512546588085655452e-01
1.052853700787512725e+00
1.039554506326487715e+00
8.899855135825738284e-01
9.551655747790996909e-01
8.999819527446113465e-01
1.226360920449170555e+00
1.026601106883987535e+00
1.172524168091608532e+00
9.707798528963428319e-01
9.389954174083150473e-01
9.750341152213751750e-01
9.668937867335168912e-01
9.948911267576737716e-01
9.808301760106323819e-01
9.162070182216838221e-01
9.254531606477092165e-01
1.141538485028129601e+00
1.023843888335333796e+00
1.009913017385865475e+00
9.386075875684634084e-01
1.015690849171257071e+00
9.518283570280703376e-01
7.568797019375645974e-01
1.026240659473026451e+00
8.927745172975204424e-01
1.093235454244598115e+00
1.056933509127770510e+00
