# data in one-minute intervals
8.783192229895299130e-01
9.152185025262958851e-01
9.625747493579347447e-01
1.179358101187017116e+00
8.995006236865719096e-01
9.869470818816652447e-01
1.021147990931086769e+00
9.171439872397058046e-01
1.006185537462692681e+00
1.114642260546799157e+00
8.988325576445266307e-01
9.624542957809727461e-01
9.942000894903648689e-01
9.705561837135270320e-01
9.875928925541153092e-01
9.795139609183318719e-01
9.370859113233866999e-01
1.029759668607433731e+00
9.485751501785225637e-01
9.701714330345372339e-01
9.985977707107496215e-01
9.895946013085752391e-01
9.988699258582773854e-01
9.984872538059130775e-01
1.040429187232255304e+00
1.055320354522245818e+00
9.782411740660382771e-01
1.017406063167688224e+00
9.813984979513509233e-01
1.102263421470625060e+00
9.498415337164592964e-01
9.376921634801892447e-01
9.597833280388172739e-01
1.039572189967535865e+00
1.068227474887547102e+00
8.619438197205435692e-01
8.932991226364496162e-01
9.975210612435880808e-01
8.122300253635386103e-01
9.022078178370144252e-01
8.030944013745682231e-01
8.413811558462279683e-01
1.082903913917203198e+00
9.642332430350708528e-01
9.392880775177512298e-01
8.831432924554298847e-01
1.069766188102030613e+00
1.104444821197053894e+00
9.460199244339703162e-01
7.535324045552830308e-01
1.145894500071285904e+00
1.035462043696132595e+00
7.958910208246312568e-01
9.335195890382763650e-01
1.116485600062505190e+00
9.058477138741163337e-01
9.952639256898520026e-01
1.071993662723536911e+00
1.248860330915982919e+00
1.045358621267785226e+00
8.789896014828524340e-01
9.656093462042854014e-01
7.576072961739459544e-01
9.464478024646655330e-01
1.003261644637332806e+00
1.027633613796493872e+00
9.492682436632745580e-01
1.113915447764835198e+00
9.990444443137521668e-01
1.044958892780444515e+00
1.017678780966154495e+00
1.023114770384372374e+00
9.313035301917529374e-01
1.141065506285635411e+00
1.015585143044544392e+00
1.091325595854111041e+00
1.119186444260623192e+00
8.832743603541364230e-01
9.778827026127385746e-01
9.637494761542052535e-01
1.057334341529993837e+00
1.047317100770680298e+00
1.018138024655659279e+00
8.284142667981204688e-01
7.525807512181739156e-01
9.760116514777530394e-01
1.051868657593296064e+00
1.118509953739984297e+00
9.195010169688970780e-01
1.016661000265452586e+00
9.760789876659927700e-01
1.015421325835150324e+00
8.494170164481801288e-01
1.049947401375208589e+00
9.772150438052116250e-01
8.656136178980511353e-01
1.031562286150510932e+00
9.674878783083148415e-01
1.103651414959560650e+00
1.152357351868447122e+00
1.053084919356710225e+00
8.863430879298158649e-01
9.184843017401060905e-01
1.061168792528495386e+00
1.098487627514891818e+00
1.029878494002616218e+00
1.040375988317409073e+00
9.885839884464168170e-01
9.258421941958115964e-01
9.629971283432194884e-01
9.304473115642103442e-01
9.113184643280558550e-01
9.256292667804127960e-01
1.078668822460606913e+00
1.077024458027455944e+00
9.901201428836670093e-01
1.047108819778711952e+00
9.234303270794264051e-01
9.254073866575198704e-01
1.043622348333726357e+00
9.175613862783442709e-01
9.758221024123434617e-01
1.044189886787521004e+00
9.987469698555865305e-01
8.790086052857278842e-01
1.018518266209395229e+00
1.050312184637817836e+00
1.059508523486390796e+00
1.100688703691331094e+00
1.099055376036283782e+00
7.285460717193148472e-01
1.023183249195147582e+00
9.315165115496910619e-01
9.521519137812478606e-01
9.676907363225882852e-01
9.437018044153930862e-01
1.070453884358396834e+00
9.252155615439806580e-01
1.059595476722872576e+00
1.000896975560406466e+00
1.127505200741190317e+00
1.107859005971227440e+00
1.122466561405758068e+00
9.427495878345198976e-01
8.795150685886053976e-01
9.631110515533092276e-01
1.209203296365194635e+00
9.901829779977933121e-01
9.774049029580115233e-01
9.516795638369232035e-01
1.116016134321840214e+00
8.646778100686293156e-01
1.138127144057171858e+00
9.277085585235272935e-01
1.153784764200343371e+00
1.018309084327756464e+00
1.053841746459027062e+00
9.651868356219116540e-01
8.979940072693601838e-01
8.790468397513703236e-01
1.017964596717861214e+00
1.009640482694374564e+00
1.014402547456196180e+00
9.124822676114658915e-01
9.257076029946301743e-01
9.322201288082638815e-01
8.469015910685967485e-01
1.076792879517589396e+00
9.738006459471598708e-01
8.102535043569443207e-01
1.129915002399091151e+00
8.843390544271476639e-01
1.044280174344086598e+00
8.339561045452270616e-01
9.301804602259962085e-01
1.088107493857394470e+00
1.000063779173551604e+00
1.086941746592736457e+00
8.405139578706657399e-01
1.118195311496770650e+00
1.049414920348514801e+00
9.554790080499456773e-01
9.773152584050888159e-01
8.743024395668782534e-01
1.042170553926744514e+00
1.040343025136783117e+00
9.694920936495684538e-01
9.654500011995863495e-01
1.109110418944986520e+00
8.465162250674550526e-01
1.105564427133030714e+00
9.056947856632782123e-01
1.142693270300382480e+00
1.124147240661779845e+00
8.126701240564311313e-01
1.012491019829271144e+00
1.012285119135589051e+00
9.541953519555216312e-01
9.504898037205125050e-01
9.552130761228045941e-01
9.333023104747121268e-01
9.566146616105478673e-01
9.741165929903108367e-01
9.196406501497385033e-01
8.093022555672672036e-01
8.890117584094201497e-01
1.155763241171055000e+00
7.834512936886887102e-01
9.134511081136227340e-01
9.628904616529427862e-01
1.053551098563941579e+00
9.553161527969542544e-01
8.626439138454586875e-01
1.131025868448374494e+00
1.161856253006069428e+00
8.195656679910952036e-01
1.001049268338352949e+00
9.196275107030212892e-01
8.834362998227428543e-01
1.049967972344632239e+00
9.107491111244085946e-01
8.204121485490711851e-01
1.111727854245292635e+00
8.410342829740866666e-01
9.329850371925951791e-01
1.004425607084814542e+00
8.546475949366908464e-01
1.077857407192596151e+00
1.068060212531693809e+00
9.727341067825100440e-01
7.139530694695919166e-01
9.099636847771355175e-01
1.069262682944678966e+00
1.114378326011317366e+00
8.268673275728267713e-01
1.148154365805687416e+00
9.520425661297431397e-01
9.852245678003129781e-01
9.571176902342278803e-01
1.001425037610176982e+00
1.047204186897741751e+00
1.114110500947800286e+00
1.168885614517881866e+00
1.097201410060334226e+00
8.655774177853692297e-01
9.582413650068606348e-01
1.045478291251220604e+00
1.061962595684504240e+00
1.163268837980768300e+00
9.687226309162457749e-01
1.017757111272793225e+00
8.882699841867947033e-01
9.893094528047448044e-01
1.028742460335536846e+00
1.108349396083381677e+00
1.114590448263232947e+00
1.147825502655731356e+00
1.026185432146128562e+00
9.143931999409413702e-01
1.027281298600578152e+00
1.007782184830318117e+00
1.096740853282397010e+00
1.003906551104505329e+00
9.238835920057666407e-01
1.017388461523786924e+00
1.005957782728622130e+00
1.049207979908536315e+00
8.641573282188426131e-01
9.942759205549799306e-01
1.000575781566984679e+00
8.143350652897467512e-01
8.889881675497280922e-01
1.123713451690219856e+00
9.506687267934934571e-01
9.565879536174255460e-01
9.672219218331652435e-01
1.085226829211857646e+00
1.177614918345172068e+00
9.617808200807170804e-01
1.016754361072884416e+00
1.001451095993231455e+00
1.044542394721936773e+00
7.817732093980844787e-01
1.011009112237476915e+00
1.007219215069348861e+00
9.811912772449503661e-01
1.065303885030624675e+00
1.027573253699789024e+00
9.652551629383917531e-01
9.529545895427270485e-01
8.663441326480341154e-01
1.014661884906758349e+00
8.575966961844162517e-01
1.012313555879871707e+00
1.003569890206675197e+00
7.679966746494871765e-01
1.009717095862934677e+00
1.075707603571237625e+00
9.078477190368653416e-01
1.184423951576278888e+00
1.040764706094233771e+00
1.096886670375011308e+00
1.010162846384894175e+00
9.604809681877420902e-01
1.042649742407987246e+00
1.058772514499716655e+00
8.946284471658576543e-01
1.212117344938410390e+00
8.646671130042805631e-01
1.115065153013858223e+00
9.173508321140696475e-01
1.021299830984851997e+00
8.866993915290470873e-01
1.110659532434071783e+00
9.650371101660462081e-01
1.048387375748015771e+00
1.104428016553590020e+00
1.065955905739388143e+00
1.178229940557578903e+00
9.671679681993399225e-01
1.081012867447971315e+00
9.729023634989590885e-01
1.017781307412155556e+00
1.017830927322649570e+00
1.053604092732593145e+00
9.293537504638867963e-01
9.774081210959439936e-01
9.264137338223379370e-01
1.002645071038008817e+00
1.113885925515423203e+00
1.103198827762116530e+00
1.043311097193146519e+00
1.014195444364644816e+00
9.114030726070057042e-01
1.194837455538340754e+00
1.031993484612991008e+00
8.052131350214557504e-01
9.842867664141852213e-01
9.370687674443354265e-01
1.049778912383291019e+00
9.258097062829282464e-01
1.047854039903823864e+00
8.385663750485590207e-01
1.175983578897135562e+00
1.030404213794241075e+00
9.498861076893952982e-01
9.038923772692489811e-01
8.839946937048490661e-01
1.021951007416028290e+00
1.025807635465723733e+00
1.017374949570569065e+00
9.200368874249903461e-01
1.116938789042843272e+00
9.792302141184405784e-01
1.003706364357818126e+00
9.698369393669349359e-01
1.022139331577196941e+00
1.060843726995947867e+00
1.044239507692144908e+00
1.002253139937599791e+00
8.580942948386419689e-01
1.086942179623899385e+00
1.036993143658613725e+00
9.593772953081941557e-01
1.037913452982944129e+00
1.055232952266398350e+00
9.799595877649014408e-01
1.061431963165258452e+00
1.064617066212061536e+00
8.409585676363537932e-01
9.884763746346901803e-01
1.071683960407502578e+00
1.079465877632252546e+00
8.742498116157176868e-01
9.179288423794572660e-01
8.564839330880954504e-01
8.342170379594009422e-01
8.284595797773094406e-01
1.102909715819505587e+00
9.523806694620539082e-01
9.797785653393298322e-01
8.740791679097197342e-01
9.005539991048447934e-01
1.008637501360497568e+00
9.815096262828018059e-01
1.055486068136274769e+00
1.000178080350205612e+00
9.684486401916905240e-01
9.712011474681199186e-01
1.034315094766216525e+00
8.063300857917807818e-01
1.064964402965361545e+00
9.104190682418858982e-01
1.178723478517548440e+00
9.413640245890763092e-01
1.020755478546913730e+00
1.207459246880291381e+00
1.117247155660787694e+00
1.144641701685693347e+00
8.726732826407181953e-01
8.894986789771124336e-01
1.140012084803575743e+00
1.270345404991031657e+00
9.108284210781888435e-01
8.424346910280506862e-01
1.125171194156801446e+00
1.290011823120432721e+00
7.646019538198490784e-01
1.068526747832348578e+00
1.262036216383947806e+00
8.632712674498896899e-01
1.006126941503420635e+00
1.020600589611806219e+00
1.047409069068138798e+00
9.176327498501095636e-01
1.181590087442652592e+00
9.723327236687812070e-01
9.732405670746946402e-01
1.046182824371273190e+00
1.099925547754119437e+00
9.818996374274134853e-01
1.123243682963767087e+00
9.492749216851459337e-01
9.828243340719280408e-01
1.111279303197489243e+00
8.690484768922943637e-01
1.031399323426382963e+00
9.689178435237633114e-01
9.823426146042509854e-01
1.040849318483005437e+00
1.111870553751849622e+00
8.987521585409364855e-01
1.158998572738836330e+00
1.052394198943041426e+00
9.098952929837578196e-01
8.639360750728605209e-01
1.026448003346101645e+00
1.122125692383719509e+00
8.606990177096438543e-01
8.756944225657404823e-01
7.787437656709070843e-01
9.952890356678693040e-01
9.667139302164938774e-01
9.401479236113928772e-01
9.099350220091289021e-01
8.397558540042171504e-01
1.036877974459840424e+00
1.011688101201411616e+00
1.092990553012733068e+00
1.025900392003923578e+00
9.777719127347545003e-01
9.462136120042169418e-01
1.060659986170556346e+00
9.821609544073335307e-01
9.162217045470267829e-01
1.128282476028095838e+00
9.422118410151106849e-01
8.131990674870226421e-01
1.046899571878410207e+00
9.517143833268927322e-01
9.617246407636530492e-01
1.041739083723784542e+00
1.144662076973567144e+00
9.845685894361387858e-01
1.061202122195312958e+00
1.232982555519674284e+00
1.067573262211258145e+00
1.051282850450516726e+00
9.505698520818981478e-01
8.718765873882217132e-01
1.152110292582624318e+00
9.428363548879886702e-01
1.148212974763760830e+00
1.168685010494900700e+00
1.119709560302946327e+00
8.242108847197603394e-01
1.010340860265337426e+00
1.055719525226226363e+00
9.332900804794074245e-01
1.033421983772186969e+00
1.017635756108581591e+00
1.032739578817914561e+00
1.099641878503076819e+00
9.744493956868421902e-01
9.350798497857583103e-01
9.414425598619891034e-01
1.127880669722792328e+00
1.130288084017124994e+00
1.000936989686282752e+00
9.400372269897192545e-01
8.691767572490368687e-01
9.069582931652949709e-01
9.005513359790662253e-01
1.041928732536299584e+00
9.253035987572714172e-01
1.208309178992751365e+00
9.124811116392581578e-01
1.189454932331653669e+00
1.000372395180807450e+00
9.868738365686074987e-01
8.584063248641422561e-01
1.101066276398483090e+00
1.004027599108787472e+00
1.057941309508712013e+00
7.888552658930670924e-01
8.093685482974641854e-01
9.298614871014306837e-01
9.254492649032201035e-01
1.032374189902249384e+00
9.833603736172878973e-01
1.089084701324875670e+00
1.043628172026784817e+00
1.046664241272324603e+00
9.891884731667386355e-01
1.067292513534977783e+00
1.127944567864173298e+00
9.379079560948774263e-01
1.044761350608935491e+00
1.133256220630707301e+00
9.525973814393774441e-01
9.893825894804010312e-01
1.059392740791895493e+00
1.002533349420761555e+00
1.159285805907565026e+00
7.958395822196223657e-01
8.742667348564450158e-01
1.140568606845884903e+00
9.125652722229473657e-01
1.085103304942021563e+00
9.511753534455016368e-01
1.050850346756947884e+00
9.405697069090670492e-01
1.059437857439208930e+00
9.099299766199459016e-01
9.895246794467150719e-01
9.013044429049009709e-01
1.180275956765904910e+00
1.161660197590754784e+00
1.014076362290940780e+00
1.026661301282076444e+00
9.867726420552191957e-01
1.161527184147056690e+00
9.588632490149859855e-01
1.048382690103723425e+00
1.108811977159283702e+00
1.026112619743646093e+00
1.042680379331707874e+00
1.160021636460329297e+00
9.180906001626039092e-01
9.579288802240827350e-01
1.235340304809338541e+00
1.039728330043253601e+00
9.622596353016726889e-01
1.095146580867623287e+00
1.202846966870437129e+00
1.022492964841822394e+00
1.139016059213713072e+00
1.088187547547474043e+00
1.001823093655076713e+00
1.136491534493460520e+00
9.370056195225737738e-01
1.127019165960427172e+00
9.313179669827557072e-01
8.687888812365428537e-01
1.115663723634203297e+00
1.081694400544817691e+00
9.129425913531040715e-01
1.094599003549771243e+00
1.040302094353467544e+00
1.174231575462644894e+00
9.268523473196104145e-01
1.053593049012523597e+00
1.097341469880631859e+00
1.000343601494391166e+00
1.246174208844553322e+00
1.106757534843132440e+00
9.898390235968059780e-01
8.650392565964136748e-01
1.155838295381679037e+00
1.017541462129583518e+00
8.489901045572156857e-01
1.094271378145016849e+00
9.139606751461523126e-01
1.090548180899789443e+00
9.468262193665525350e-01
9.695284807473945055e-01
8.664678599016142346e-01
9.667592308913435240e-01
1.058217070427611040e+00
9.934613926446045351e-01
1.102130619749036589e+00
1.145031081683463015e+00
1.014515581472451133e+00
1.124223345866190327e+00
8.917962380471224915e-01
1.105729875605267143e+00
8.935183064302110179e-01
8.598594468598518281e-01
9.085736741271235317e-01
9.315776841960191623e-01
9.445061076081457951e-01
9.307590760848925004e-01
1.002868182469107250e+00
8.523749717885404920e-01
1.020497186108043852e+00
9.791751318944731386e-01
1.095246131427604075e+00
8.332020324942203127e-01
1.265957111279945257e+00
9.737544334240213484e-01
1.158525088037284823e+00
1.125462150875453426e+00
9.576305427200083598e-01
9.884952228150598597e-01
7.259545685761732425e-01
9.646153884634703912e-01
9.087823582181580040e-01
9.007177475327730054e-01
9.599171625028134480e-01
9.547847918165320857e-01
8.956477441450635402e-01
8.675882761503379559e-01
9.708867093586428521e-01
9.859564373320688357e-01
9.258693866140065287e-01
1.045031409531284039e+00
9.438588273034423937e-01
9.809171213040274173e-01
9.342057511935815128e-01
1.149246977210762966e+00
1.148935100060866299e+00
8.725118193381414811e-01
1.102088110820412137e+00
1.136379587476007202e+00
9.512913620374171542e-01
1.174017743489085053e+00
9.390454395226270901e-01
1.354184635272085879e+00
9.939760330702758218e-01
1.003885154093774768e+00
8.646137129072426486e-01
1.000807117855721629e+00
6.919464187462349702e-01
1.193288983682945004e+00
9.943905914377746402e-01
8.383078349823573916e-01
9.111394372123813312e-01
1.044344919117239145e+00
9.044439810168956040e-01
1.069610880841945999e+00
1.166036777669876789e+00
1.121026939790917609e+00
1.029679707399822730e+00
1.026604555084167147e+00
1.049116146884566447e+00
9.972491574533924874e-01
1.177980467710516566e+00
1.021192620016493802e+00
9.004575032014832114e-01
8.107280785196585571e-01
9.457624695846422735e-01
1.027570639096369698e+00
8.770222405072910510e-01
9.210746496594596211e-01
8.536227862686505130e-01
9.175990620795183572e-01
1.073445877526297387e+00
1.044674505207215942e+00
9.972037417078546406e-01
1.042466193275176645e+00
1.067074395230508177e+00
8.696212087884830355e-01
7.943736393075337965e-01
1.084361869822262348e+00
1.032789303688170790e+00
1.001084867031752479e+00
8.517945371486630446e-01
9.430216957940262823e-01
1.265230325832328306e+00
8.513860276395033289e-01
9.097555999788730086e-01
1.050809995222202753e+00
1.038071516760755708e+00
9.036679502645401652e-01
1.099332869898589582e+00
8.228009693710747197e-01
1.132530452488479611e+00
1.092036565744663568e+00
9.163856479191760940e-01
1.008784866972578520e+00
9.382216340432280033e-01
1.075255658215678700e+00
9.372134587653330184e-01
9.929753787265155340e-01
1.229224637405424314e+00
9.750917981877346152e-01
1.014362722538828754e+00
1.063666361490622103e+00
1.217077128895313720e+00
9.408734606952469104e-01
9.620992829537000635e-01
1.076109996254284162e+00
1.054607914111838074e+00
1.186013180527486055e+00
1.104496184616524657e+00
1.079333338805947395e+00
1.023788177815730061e+00
1.121403066826097028e+00
9.469562225155115920e-01
1.073620062187270907e+00
1.089089650258542097e+00
1.045868219166303126e+00
9.401368329352952635e-01
1.068521894321553090e+00
1.113087494865906191e+00
9.716528259906048737e-01
1.163369194685327734e+00
1.216194454350481680e+00
1.023913321715159253e+00
9.825027706447040377e-01
1.008858640947314145e+00
1.132306130412905398e+00
8.873198261387464925e-01
1.005832215403697383e+00
9.946699743299363128e-01
9.142163911601109971e-01
1.129479484483274287e+00
9.731327263565928698e-01
1.051441381805362507e+00
1.017684261513740918e+00
9.590496160509625057e-01
7.340609257428112322e-01
1.152044796357657663e+00
9.670769926429481078e-01
8.921139315208157505e-01
1.197847307881919399e+00
9.757168009896850513e-01
1.069757260256183340e+00
1.063888390998997791e+00
1.236633007602025547e+00
9.927560048514938451e-01
8.982919389265806576e-01
8.960411223315809526e-01
1.152103646584747620e+00
1.129969134571223055e+00
9.938482307489886480e-01
9.031197234108434557e-01
8.620100365964891154e-01
9.087668655490610536e-01
1.016962185874496605e+00
1.022258016582765272e+00
9.424766331245948425e-01
9.077340366000514749e-01
1.156919955924299970e+00
1.119293431446864551e+00
8.983803213911242258e-01
1.122099937131682656e+00
1.180300785648058071e+00
9.741038564340485095e-01
1.091324811702873099e+00
9.874290383842718732e-01
1.019905607215200405e+00
9.961566514549697882e-01
8.883413959972361607e-01
9.283585235496643051e-01
9.897164989274798153e-01
1.070242295654650455e+00
9.136972300364825106e-01
1.084672247361586184e+00
1.041653537054961998e+00
1.030377535843312042e+00
9.074467858005712539e-01
1.143194726246436588e+00
8.901098779136460415e-01
1.147071732262118449e+00
1.044494317905082292e+00
1.025914363641035054e+00
1.148624093892843367e+00
9.920009872584416577e-01
1.127078687514430078e+00
9.406673407692598410e-01
1.102258406252801137e+00
9.694472357436008103e-01
9.577031989637486697e-01
9.847068549189508246e-01
1.237031947188709458e+00
1.113561094572852017e+00
1.026923355799521209e+00
1.205205130367682065e+00
7.806154367254649618e-01
1.089239616179603409e+00
9.734666265092175585e-01
1.115962267253670870e+00
8.406451094673823565e-01
1.040805398597329345e+00
1.164206007557819555e+00
9.772710715508029500e-01
1.111629614521749687e+00
1.006200547332259720e+00
8.844757901977988723e-01
8.632191500720569621e-01
1.046694137977937533e+00
9.808215169215248608e-01
1.067835797438371648e+00
1.001515044507487184e+00
8.495972274134492297e-01
9.239591606010445490e-01
9.348623098486932292e-01
8.183547920120497476e-01
9.685805935854038262e-01
1.145296354298878772e+00
1.115642078918022806e+00
9.754646103118909117e-01
1.026772846786904614e+00
8.857392817909155447e-01
9.999001689146814753e-01
1.175790374154105367e+00
8.763667339544159995e-01
8.954679942605922038e-01
1.148534236048519563e+00
9.040115906104526644e-01
9.669585717782511747e-01
9.245999781824257857e-01
9.265292673286387171e-01
9.127286694576549619e-01
9.466544539428866090e-01
1.076936282101266240e+00
9.743121056202511676e-01
1.149486802147926534e+00
8.359951659271102065e-01
1.049754456852910689e+00
8.657117318364681013e-01
8.264683477716371351e-01
1.086976230636008012e+00
9.922641592311887138e-01
1.198748272278072013e+00
1.025509405297306387e+00
8.566585008740742468e-01
9.813085312763516477e-01
1.155657854596050527e+00
8.730587303443362313e-01
8.878261066371329058e-01
1.035791970780184590e+00
8.025843066314648500e-01
1.149046256220572326e+00
1.028229701941270502e+00
7.618719772209006091e-01
9.832443815903374462e-01
8.874162381642213271e-01
1.174490516795399841e+00
9.599895586871763919e-01
8.318747473474712439e-01
8.712508365337243710e-01
1.014756017191750015e+00
8.283626487573172437e-01
1.180137078837144360e+00
9.138321391792953996e-01
9.595775064354705730e-01
8.936530792597097150e-01
1.040636211899972796e+00
1.010223063477036165e+00
1.046383251593278052e+00
9.933604933922842717e-01
1.044195202017706992e+00
1.073668340618993078e+00
8.682210786121800083e-01
8.251541395705744852e-01
1.112506105379704735e+00
9.134963586328022078e-01
1.194407890234917780e+00
7.901976988003875935e-01
9.554962968691673719e-01
1.181474298828248282e+00
1.226425639945999624e+00
9.326087860151083264e-01
1.007674710842751065e+00
9.686956803163244700e-01
9.614698196269502173e-01
1.165410512767268036e+00
1.032881532871575470e+00
1.137947219600780713e+00
1.039109656469727971e+00
1.005899297109033697e+00
9.042334338416266881e-01
1.101036757668100829e+00
9.656931790212990308e-01
9.316122111753787349e-01
1.041946736896757431e+00
1.129185486014631756e+00
1.029756590310571207e+00
8.583050084480186026e-01
1.009089483029355305e+00
1.014539899356790231e+00
9.824105234830108335e-01
1.097991145354467957e+00
1.124821866169639639e+00
1.085972492962734126e+00
9.986173916987561849e-01
8.743579764714145552e-01
1.114311381604048856e+00
1.059015553519587316e+00
1.051117193577755682e+00
1.093272031934710231e+00
1.108511202205234580e+00
9.742297734621229166e-01
1.027041000825368977e+00
9.692553834079910002e-01
9.229973875768715530e-01
8.458726324765074578e-01
9.906337624467808078e-01
1.052514667233373835e+00
1.148145389117693815e+00
9.980906402893729990e-01
1.019711018069634711e+00
1.057752682495023633e+00
9.743751358561346665e-01
1.070994064977645266e+00
9.809878069909064857e-01
9.433472148958305104e-01
1.028095020463348330e+00
1.015253479468533948e+00
1.137491682017382599e+00
9.205484424869406768e-01
1.032705755110279400e+00
1.036971521113255523e+00
1.012399753432421612e+00
1.033528273637821959e+00
8.849120265606075231e-01
1.049188182188041329e+00
1.189871264196543654e+00
1.231838852337614032e+00
9.226254179238998487e-01
1.060108155219490200e+00
8.600081610863546944e-01
1.019529172496198344e+00
1.232138657741787657e+00
1.137968430267903175e+00
1.200262081474040121e+00
9.206273666356284968e-01
9.144152594909953358e-01
1.031691119383594035e+00
1.041587981559760179e+00
1.144641811786638597e+00
9.549636208862971598e-01
8.785485262828595099e-01
1.002994276108071681e+00
1.018597291739306687e+00
9.957416616734974246e-01
1.053238161196772715e+00
8.796748690862172815e-01
9.342454709217341557e-01
8.294326019145217277e-01
9.263886439751841673e-01
9.258731206947451442e-01
1.183761472423337402e+00
1.063474086108590289e+00
8.574950506919152282e-01
1.052826090974620321e+00
1.064677945216125687e+00
1.256734853961701370e+00
1.027454207816206111e+00
1.008832392692636581e+00
9.994926170565227030e-01
7.928103052038191212e-01
1.094608183754777642e+00
1.019349057655920321e+00
9.817070128572518151e-01
1.060589618180297178e+00
9.600973125738656577e-01
1.300557323411875021e+00
1.009830170604226529e+00
9.836071375580293097e-01
9.685553356397436087e-01
1.038077481675524272e+00
9.879222778736364008e-01
1.000952111294381774e+00
9.169387716951418188e-01
1.050183606057371932e+00
9.807254149710989966e-01
1.038488885299496678e+00
9.779957640348414527e-01
9.639359638269987540e-01
1.076374781121923974e+00
9.403374235350342447e-01
9.181404952687901577e-01
1.150521722621525855e+00
8.862272667735145992e-01
1.042763043311071947e+00
1.024127592349064919e+00
1.056201755420237642e+00
9.078652684455235100e-01
1.034907708820344441e+00
8.668497524597722492e-01
9.800669646189399398e-01
8.870784192037800553e-01
9.307851123180292952e-01
8.943592558345190291e-01
9.326109987453286010e-01
1.064947422315624781e+00
9.951712590224576216e-01
9.861181431379950624e-01
8.810534459341570201e-01
9.848706352061221692e-01
8.887163793216289465e-01
9.542613378391714418e-01
9.148152391278757678e-01
9.382525990832817353e-01
9.271482893597798869e-01
9.971602035622944005e-01
1.116622920530396135e+00
1.131240335751202197e+00
9.264074771250629947e-01
9.784006350192668844e-01
9.438940379710806239e-01
1.203993166008552107e+00
1.088801186856888981e+00
9.942135373217823036e-01
1.145769568470123900e+00
9.590381004914922958e-01
1.004434144885380187e+00
9.748504895396413739e-01
1.003850505936900062e+00
8.974204059819689272e-01
9.280858210295379607e-01
9.138424199568739859e-01
1.130270032400794600e+00
8.593341929961739734e-01
1.026165352099146277e+00
1.136630733349818234e+00
1.121230185144812985e+00
1.188931217428200071e+00
1.086068469322055918e+00
9.175139452009951624e-01
9.915908326143748619e-01
1.038747406163707643e+00
8.954747688130488825e-01
1.003235982573167151e+00
8.813736894179031722e-01
8.576770237209461190e-01
9.249169464945119490e-01
1.189302046552901615e+00
8.757581479417257952e-01
9.946769331651675872e-01
1.074960693922562216e+00
1.159885603100178519e+00
9.406791600223982641e-01
8.685656517367121854e-01
1.065707655172335233e+00
9.238133425383086017e-01
9.813598074401972404e-01
8.258961892557520335e-01
9.737612754092238587e-01
1.057129791602545499e+00
8.128389428786374493e-01
1.054180298188306608e+00
1.066703127444099675e+00
1.015540811668222299e+00
9.598980295721484257e-01
8.904795155946001461e-01
1.146788642928534330e+00
9.655338504324202376e-01
1.109836438533368330e+00
9.360474936494487253e-01
1.061172547465033755e+00
1.091253358842189325e+00
1.230049419479318118e+00
1.055406918303097186e+00
1.057344790857517980e+00
1.006826258616297043e+00
1.043547574325672800e+00
1.024110397374576431e+00
9.081197439951731454e-01
1.020286831886829670e+00
9.661610168699934498e-01
1.250913223997553780e+00
1.137280136707280676e+00
9.845505814196315875e-01
9.131301524556609817e-01
1.087843384245273937e+00
1.050706138020403024e+00
1.097544051525372044e+00
1.084061717546296544e+00
8.979162073520043919e-01
9.312509350620440385e-01
9.061644188528219512e-01
1.022324553358766597e+00
7.473966277305614803e-01
1.078717773807778668e+00
1.054423516076344658e+00
9.387947344475905398e-01
8.701686393659259222e-01
1.061835515550367148e+00
9.209029808711087783e-01
1.028691153866922559e+00
9.322736203967260105e-01
1.044804626494463040e+00
9.581041572418796948e-01
9.380290511412229248e-01
9.804925765249207226e-01
8.835314896461561318e-01
9.045244570601584932e-01
1.068395957394615126e+00
8.888657964507468145e-01
1.029788568771323520e+00
1.202745815202073354e+00
1.074238736445896958e+00
1.108943447205629651e+00
9.967902723165645851e-01
9.492839867715315849e-01
8.612162832597094475e-01
8.243489985392540298e-01
1.170086061710772896e+00
1.148421236697047432e+00
9.368381014762504622e-01
9.638260129715009450e-01
1.064927788541346176e+00
8.815140892326047695e-01
1.160545766303125559e+00
9.089148513901701421e-01
9.942905604948401033e-01
8.895036098559985227e-01
1.001568315679975729e+00
1.031959045236280570e+00
1.196043925325950941e+00
9.085581659198284088e-01
9.767418639050696738e-01
7.852076862296037962e-01
8.304804632349879201e-01
9.412320370904609934e-01
8.592378467079698767e-01
1.062512519710769432e+00
9.784174089475577984e-01
1.054268101536570468e+00
9.828023248855393135e-01
1.048801673766699416e+00
1.093941621225040794e+00
1.044816523867471814e+00
9.265844881981695202e-01
1.128529711538651004e+00
1.162962279127489396e+00
8.843864813456757679e-01
9.641917475685717331e-01
8.520924275486847499e-01
1.187641028585217473e+00
1.080275381022299364e+00
1.075162896357594988e+00
8.942807747064924762e-01
9.226319035235470700e-01
1.161265792163899135e+00
9.887352980318971918e-01
9.647003594206235988e-01
1.063183602342033351e+00
9.175355935847693267e-01
1.088667944763562545e+00
9.842330729859496419e-01
9.652685117700779971e-01
9.220236456280831439e-01
9.268660083068025468e-01
9.529894758972267121e-01
8.649758806517630072e-01
9.546672459487909324e-01
9.598231257339320255e-01
1.126080394897007064e+00
9.760890212728309256e-01
1.025781408728329014e+00
1.093332492818928081e+00
1.081953616430685994e+00
1.073797586555959471e+00
1.099960584858912460e+00
9.676019938926928576e-01
8.982686441749310191e-01
9.976655300844673446e-01
1.006072148260609644e+00
9.418854270143193208e-01
9.694005922165153111e-01
1.129919933137205401e+00
9.836814984115999083e-01
8.614202707414932991e-01
9.170964872999856077e-01
1.159301063750196370e+00
1.005497306932334523e+00
1.046716548147551551e+00
1.102382974070875044e+00
9.715322124984450136e-01
8.618615287903390598e-01
1.002261062608788889e+00
9.186150549497718032e-01
1.065234247400279388e+00
9.301051258278018041e-01
1.207606361773103210e+00
1.119933579015834013e+00
1.041809657381155274e+00
1.004208652755787412e+00
1.078340484661984844e+00
7.974149276712854117e-01
1.084594141186844940e+00
1.173692245997409511e+00
8.494786695087589434e-01
9.667902823759473296e-01
8.860809104108853251e-01
1.002086235973691952e+00
9.450138024054860475e-01
8.982471321468520342e-01
1.129262316755711870e+00
1.066786532260234788e+00
1.002980513647612870e+00
1.021559885173424664e+00
1.081309002891660098e+00
1.076544091571406403e+00
1.035969931070570116e+00
1.079936981892617665e+00
9.766347900099132673e-01
1.016176572061769035e+00
9.748689755918762412e-01
9.810583032796410530e-01
1.011413898207037754e+00
9.836857479554645955e-01
8.024544271822884323e-01
9.156627655380842334e-01
1.027829042161753081e+00
1.027166882883359111e+00
1.042641140308601777e+00
1.192996315625649340e+00
9.608656351648479088e-01
1.266793262228314454e+00
1.182484316502187438e+00
9.971425823871099547e-01
1.002765412011678459e+00
8.866316240544568350e-01
1.175422972450924197e+00
9.979440724973424048e-01
9.910707512053983370e-01
1.101755918015332680e+00
8.885984566000952878e-01
1.048863919263244293e+00
9.143984893616409204e-01
9.235898768014842997e-01
1.027440406985104859e+00
9.173380059393058117e-01
9.656048637299740056e-01
9.305393282644439656e-01
1.109821698441262550e+00
9.960677434351563608e-01
9.463148743182142608e-01
1.106421612423645895e+00
8.935236813396113531e-01
1.209317485383694546e+00
1.034007807853299044e+00
9.660194277426852327e-01
1.052557668141201663e+00
1.092545452721504606e+00
1.025795981461416151e+00
1.061845076441685354e+00
1.049119063584611267e+00
1.070365261275988189e+00
1.164747954806484742e+00
9.040271952568150748e-01
1.112991297123808287e+00
1.079322725496396185e+00
1.086361020158037149e+00
9.173292963673436162e-01
1.006370320724943923e+00
7.574543316152935191e-01
9.964475317399800192e-01
9.061095189164305452e-01
8.578552761954273409e-01
9.022170669360743966e-01
8.887314250686687567e-01
9.944315601992094189e-01
9.858088354018711419e-01
7.582909295640425373e-01
1.007322605914062530e+00
1.178724170898513668e+00
9.324680921272534562e-01
1.014487144372453464e+00
9.255697629089940648e-01
8.523940201306835496e-01
9.197634935119318733e-01
8.559837088611470524e-01
8.468387620485553491e-01
1.010600963423488041e+00
1.012559992209560500e+00
9.482331332211126895e-01
9.385475295892296010e-01
1.055030794510739334e+00
1.153797741025707646e+00
9.939956096845538047e-01
9.672490101608122171e-01
9.701545606086590112e-01
1.085001001986164226e+00
1.082748272014452562e+00
1.054148230942160369e+00
1.146544925376977497e+00
1.072562387287111507e+00
1.100326663134234551e+00
9.141737300863681526e-01
1.112402096631647908e+00
1.014722082388306523e+00
1.027545595660037669e+00
9.842548078418105195e-01
1.048302579516405819e+00
8.316009872743812537e-01
1.025410697383883907e+00
9.821818918037401591e-01
1.049748720510621069e+00
1.119625267328267393e+00
9.499150468823200910e-01
1.014316353468008636e+00
9.899590036685756989e-01
9.684988005379687737e-01
1.124282693156720248e+00
9.164255211572884807e-01
1.085599741024260378e+00
8.268663514082869037e-01
9.086716229019160540e-01
1.064468377217872019e+00
9.666877371899597060e-01
9.601339032570067600e-01
9.577004506537323270e-01
9.145374794283213093e-01
1.057059424836560124e+00
7.197061808488436352e-01
1.088380147733556402e+00
9.601223617818286371e-01
1.075715865067415233e+00
8.325536070561930790e-01
1.001971632412050006e+00
1.052752181116092478e+00
1.053145154380656923e+00
9.348818646632301999e-01
1.119721816322963859e+00
8.471571348675550617e-01
1.042762122639491640e+00
9.523565279112793380e-01
9.326337091002377955e-01
8.546257712138733975e-01
1.009211425824514397e+00
9.115571351238951348e-01
8.518627091991639588e-01
9.546967817052157690e-01
1.002834864763656020e+00
1.020859031224918834e+00
1.054623150178219948e+00
1.105859306613645510e+00
9.665257764882091429e-01
1.093523144916645595e+00
9.155811902039107109e-01
7.430009842816120980e-01
1.107177708223340939e+00
1.021242489774497386e+00
9.645024514938774773e-01
9.943331726300546070e-01
9.994248976535490270e-01
9.292344417851488014e-01
1.078006755750791745e+00
9.180697859016700990e-01
1.043816315996173749e+00
8.941744090773765530e-01
1.063872792702119652e+00
9.382570219097872144e-01
1.027862195360029540e+00
9.851827860518869162e-01
1.002682520581421155e+00
1.118207190389655548e+00
1.022322250346391126e+00
9.465163985177768025e-01
1.032572417070605209e+00
9.928017295035495016e-01
9.112542492011380668e-01
9.396406119798270673e-01
1.002087713680209990e+00
9.571379343455534983e-01
1.209851660925657768e+00
1.099697761543549257e+00
9.478187887294190483e-01
9.495515217938426122e-01
1.205668573209335737e+00
9.176473871182112552e-01
1.079723582759289258e+00
1.049917210009978064e+00
9.734989834240308504e-01
1.035981310865398353e+00
9.383813414682579124e-01
1.033369597284303554e+00
1.012221479745626818e+00
9.414382280739337361e-01
9.800856370063228962e-01
8.886414301596285981e-01
1.084133566681427796e+00
1.003372490019059926e+00
9.208250254053426120e-01
1.033295083746214704e+00
9.257964937673521799e-01
9.581849950517205006e-01
9.590760670545666056e-01
9.932622145385056056e-01
1.061716760207864985e+00
7.492882779392315840e-01
1.054062150944039988e+00
1.118808070576774005e+00
9.905735362504933805e-01
8.986650719173820967e-01
9.990328738691894861e-01
8.549321514353057649e-01
1.033780546172542447e+00
9.927333194610484801e-01
9.825204172114013756e-01
9.802139492972712365e-01
1.061672069065136670e+00
1.058978649286448803e+00
1.139498410283202867e+00
7.039054820348532582e-01
1.095498161667427306e+00
1.182274281699591922e+00
1.034077217009767402e+00
8.835772199342598610e-01
1.027172559207365721e+00
9.329042647168404034e-01
1.014279797321841370e+00
8.697423006608984153e-01
1.003961335503570362e+00
9.414553414287909483e-01
1.078798507437392917e+00
1.004010010393710628e+00
1.280319411664322171e+00
9.007089496108457993e-01
1.013134574180268865e+00
1.112176372454889428e+00
1.197242904684772569e+00
9.938905479573773016e-01
1.036834112516724415e+00
1.137656683972685157e+00
8.397708636219350931e-01
1.016501207704900045e+00
9.126950738949826114e-01
9.089171613270804473e-01
1.030439195482659498e+00
9.902146350503533423e-01
1.049782893268706552e+00
1.013275385435675302e+00
9.780536915382915808e-01
1.005218555467976005e+00
9.223310887884389464e-01
8.976886634337256643e-01
1.168392214005382845e+00
9.152113988378862697e-01
8.511683060515704558e-01
1.039781495556321822e+00
1.086497117910233179e+00
8.796205070809764992e-01
8.354612915076975455e-01
1.006511446860809844e+00
9.431327624634361362e-01
1.003437626866890531e+00
8.656623297237834302e-01
1.031728686884764823e+00
9.248512401928101756e-01
1.069982485863733235e+00
1.044112232069790203e+00
1.090710478475509282e+00
1.160309320789000509e+00
1.044557255338187884e+00
9.149532493198113681e-01
9.541839056322914958e-01
9.122410975958148427e-01
1.100820097997004421e+00
1.126009915690439067e+00
9.778830692967778182e-01
1.164535971549053528e+00
9.907399338921079046e-01
1.016878735198512462e+00
1.100470963322024431e+00
1.147274975922512485e+00
1.109850719806254382e+00
9.307573642423059290e-01
7.751754908355872331e-01
9.271827064810619357e-01
8.914234380644121547e-01
7.901590153442547004e-01
1.158309788047606093e+00
1.011280912992456704e+00
9.283798992299855390e-01
7.518084934437631039e-01
8.732219509796330659e-01
7.236786405680564194e-01
1.044617268554536293e+00
8.221118380528538161e-01
9.829208834814843199e-01
8.895573336546366283e-01
1.080128059007585684e+00
9.083253488677750509e-01
1.015796209929429539e+00
8.402947781426362006e-01
1.042402122188395452e+00
1.206525080321114940e+00
1.105832415874334673e+00
8.028268440004170392e-01
8.622208460798361784e-01
9.222302849219075060e-01
1.034987494006113007e+00
7.365220261774603205e-01
1.103547537269115253e+00
9.349712206332541076e-01
1.143396046160243706e+00
1.046244938077808939e+00
1.048999666138968001e+00
1.027676556792294082e+00
9.444775471493326302e-01
1.187486465928715207e+00
1.062254142150316660e+00
8.499410253807648807e-01
9.193466383020730825e-01
1.022632924183774383e+00
9.310713019134095880e-01
1.082814228835597303e+00
9.464754124364526122e-01
1.030853962268925672e+00
9.330844994728791919e-01
1.018372340633516338e+00
9.567676622477370163e-01
1.005661087082727612e+00
1.051244532635697837e+00
1.065566457438205550e+00
1.149352744791911185e+00
1.187500990246664223e+00
1.181328356092638421e+00
1.070780471753032037e+00
1.139702576642520615e+00
1.069832218015767999e+00
9.963340100216372397e-01
7.873648320893487096e-01
1.195301374416650297e+00
1.081974360898328325e+00
9.962723629442228335e-01
1.079036623671589146e+00
9.421172948827974958e-01
1.119263202552168490e+00
9.303591709033531831e-01
9.738754268636041767e-01
8.137000573439905349e-01
9.356273388361046051e-01
8.574533186611503766e-01
1.027429354461685707e+00
1.110982042956533578e+00
1.031877228084196796e+00
1.050191082800317588e+00
9.854090650181073219e-01
1.179371508645212785e+00
1.018083154832494230e+00
9.648151741136484771e-01
8.033449176739839714e-01
1.096656816843810889e+00
1.092468880635084183e+00
8.271200997496945817e-01
9.027109350296605994e-01
1.206028694630963738e+00
9.956688715502649556e-01
8.883175161303442646e-01
1.182195112704762963e+00
9.186758677947540752e-01
1.038122132724689450e+00
9.646861403837351245e-01
9.206142169464540670e-01
8.931746733449810183e-01
9.146236797030494747e-01
9.300419026549113788e-01
1.006010621760107693e+00
9.377612051857838749e-01
1.132654008717659089e+00
8.501113860073586936e-01
1.101920389273294276e+00
1.100638727389152027e+00
1.108080558238689228e+00
9.151695478197046096e-01
1.089372016474680960e+00
1.100283775180594947e+00
1.079999709549950282e+00
1.031023801217112457e+00
9.965469193153053684e-01
7.994234706033901405e-01
1.034572246181538091e+00
1.044663690615540874e+00
1.011214561027397263e+00
1.068008314015676197e+00
9.616379599424615954e-01
1.030620580680223108e+00
9.660514095433996307e-01
9.728185740375140389e-01
1.113166852486008107e+00
1.150115416191456186e+00
8.379479940642114988e-01
1.052386227530868634e+00
1.108003218912621435e+00
1.092103473657773272e+00
1.155001097765714357e+00
1.149878316985472715e+00
9.727555812101614796e-01
8.845175278912609240e-01
1.087401289912586000e+00
1.019033516604510359e+00
1.073961235910516399e+00
1.085605121236089765e+00
9.460254321505201514e-01
8.020772318560550618e-01
1.054267879288969034e+00
1.109696979924216453e+00
9.581598935617761104e-01
9.595736493614895890e-01
1.216513090954003173e+00
8.864266949235983795e-01
8.890635892515516003e-01
9.764813556155224061e-01
1.095137608689662478e+00
9.403349125319763191e-01
7.799006332611181369e-01
9.160982532470685058e-01
1.005212988119703610e+00
1.011493407329649097e+00
1.202949221609101560e+00
1.013683610748920438e+00
1.131043727237936780e+00
1.168530935467525955e+00
1.118834688612832862e+00
9.157682205560376820e-01
1.199630646412472190e+00
1.189281289295709199e+00
1.072771927404282621e+00
1.139494463375044120e+00
9.335827194933756790e-01
9.972065071844131712e-01
7.633990004438355736e-01
1.102812478682822617e+00
9.461446980190080236e-01
9.185474438888912019e-01
1.000219032792847074e+00
1.018205262166201441e+00
9.551734065565772314e-01
9.481785895304516432e-01
1.186454080109980991e+00
8.631379421899644244e-01
1.220774133378818016e+00
1.132205803717154291e+00
9.450656033879075713e-01
8.442272929115625102e-01
1.031994814698546259e+00
1.215858394302783418e+00
1.063957219883691296e+00
8.383065499496793471e-01
1.041594440421526935e+00
9.666774366923657213e-01
9.032695732871582894e-01
1.013421656985425301e+00
9.306189174630101757e-01
8.678327261448868235e-01
9.946336998410428842e-01
1.066681402956094260e+00
9.529420656571800929e-01
1.024247650730104597e+00
9.246859655113276455e-01
8.442146996573348661e-01
1.106908340211892883e+00
1.181816967308588762e+00
9.933051985209396806e-01
8.125284619249596441e-01
1.064901736988340231e+00
1.072610087434219706e+00
1.016750627925358641e+00
9.326835673378663927e-01
1.178304092141619686e+00
9.647570659196853526e-01
8.449830953467245553e-01
9.929641550656156390e-01
1.007598343582275291e+00
8.431058981471800662e-01
8.620259854640981434e-01
9.840479688053856977e-01
9.730921831329688576e-01
1.007488456987166492e+00
9.876889289218478973e-01
1.054516287344424486e+00
1.023911679423813448e+00
7.799139146340354767e-01
1.030898965160743419e+00
9.997499239736541421e-01
1.017665088539333906e+00
8.377531002498348478e-01
1.100910410519337468e+00
1.041164717758196856e+00
8.309028344149409495e-01
9.523260064697857130e-01
9.748820459916968106e-01
1.159198704960556103e+00
9.285322903655444104e-01
9.705663223526460603e-01
1.138257657214144736e+00
1.221240423301089617e+00
9.698277184078423208e-01
1.096101816397333506e+00
8.983454786675251214e-01
7.951840781115271373e-01
1.035423087462606695e+00
1.070664737209881645e+00
1.103904608305362078e+00
8.640724311746832420e-01
1.021945720507989153e+00
9.826499324904289789e-01
1.005271592116716128e+00
9.553127554072191607e-01
1.093503659163755248e+00
1.024617306380193771e+00
9.609585365100593579e-01
9.518353846126932361e-01
1.058577447266743743e+00
1.092923172199189663e+00
8.879096600429582375e-01
1.014465275039188263e+00
9.149376387833690893e-01
1.160364326678572588e+00
9.916868319833038736e-01
7.777323959947332055e-01
9.527064113270702350e-01
1.047645506584083730e+00
8.004303473237202038e-01
9.884998308878704121e-01
1.199567088699120099e+00
9.172396936283205848e-01
1.036471903197844879e+00
9.025372175462917923e-01
1.162651729380921761e+00
1.052926279414061250e+00
7.940845469285542357e-01
1.002572635763945286e+00
1.076709331123600677e+00
1.231743041355413126e+00
1.019374687412796465e+00
1.120962665132848368e+00
1.121232563373643076e+00
9.080434036004094711e-01
9.457831218199382883e-01
1.034798124600971647e+00
7.982572002257337651e-01
1.122985785159801964e+00
1.044663574555459551e+00
9.018842641983895181e-01
9.220036661384726218e-01
8.587289753850655405e-01
9.228799732403820677e-01
9.705054552403510337e-01
8.267758228604101811e-01
1.051122485316537292e+00
9.593706839277390541e-01
1.048082785149609064e+00
1.131209459808037998e+00
8.235894896562357959e-01
1.005766140045980084e+00
1.030076267371742738e+00
1.045755513414245774e+00
8.879534063964910073e-01
1.049900017745670322e+00
9.485826760213924569e-01
7.960958434339328038e-01
9.379267823450072594e-01
1.023828063742067140e+00
1.158616513163152728e+00
1.019491935014045669e+00
1.115594734469513405e+00
1.029384662883997770e+00
1.092588425084862314e+00
8.772708996261372461e-01
1.008489396250479730e+00
9.609581748513031929e-01
1.099366431644922759e+00
8.798519520102799918e-01
7.776168051913148194e-01
8.444077475161818613e-01
9.782105407355514703e-01
9.847656530934022490e-01
1.200904075194140885e+00
1.028482330134492528e+00
9.996708602251329623e-01
8.735207285194073190e-01
1.021896365669539675e+00
8.394844561355669921e-01
1.097136168314199356e+00
9.885893052869375586e-01
8.754234396940893115e-01
8.424899859054127971e-01
1.126204588734387002e+00
1.062185771770854048e+00
1.066764062213175546e+00
8.084095433034478306e-01
8.238952422779663998e-01
9.083252308125531194e-01
9.092664100757977819e-01
7.885189668658906248e-01
1.136151154276447750e+00
1.145735512162171510e+00
7.998509969253022600e-01
1.075829261560690364e+00
9.377379229817347506e-01
