# data in one-minute intervals
9.841260284172944628e-01
1.065207005846557475e+00
1.063615898470121834e+00
1.062802411231120736e+00
1.216182403285832825e+00
1.014909370929425680e+00
9.871997744422079668e-01
1.172254389432586086e+00
8.965957331239055028e-01
9.345783441633808142e-01
9.348404909963619058e-01
1.074724091703562756e+00
7.758194329390862842e-01
9.163868860191777266e-01
9.955525373735848449e-01
1.158274047730689871e+00
1.113797823590328750e+00
1.022334143539281204e+00
1.162881704725023058e+00
1.092671252429691320e+00
9.685900584121662771e-01
9.522281307815380069e-01
1.148982567102266206e+00
1.020284206439585839e+00
1.080143710531376033e+00
1.049053849359037560e+00
9.313430944113407772e-01
1.069633303262137236e+00
1.054418418055897533e+00
9.023926832445409163e-01
1.132722208991243651e+00
9.634697525385018668e-01
8.301164750731754305e-01
1.137815519816471221e+00
1.047473238147835772e+00
9.358805052248538869e-01
9.131362825170552533e-01
9.506193702563369152e-01
1.226355138456537652e+00
9.558115338928222515e-01
1.088605363260202408e+00
7.780233790514088366e-01
9.191900852656208487e-01
9.619755681587169871e-01
9.514279483714647156e-01
1.189545703961555567e+00
1.012242166870503945e+00
1.103241529406057575e+00
1.083620068089086175e+00
1.257945541751178675e+00
9.193300053537060146e-01
1.032753317350080691e+00
1.148064355423942251e+00
9.987080313425993339e-01
9.454777135296206225e-01
9.119325017794106536e-01
1.070707054133181568e+00
1.067610226321082045e+00
1.176988567199171998e+00
9.368993340950759752e-01
9.887905749008025769e-01
1.059049426051626552e+00
1.035351702993539513e+00
1.097625115324183387e+00
1.046248897405034795e+00
9.306309068134324125e-01
7.843052495996301055e-01
9.518077772918408508e-01
9.779639172353915555e-01
8.776719246112744122e-01
9.837603983462102075e-01
9.429923065785629221e-01
9.545345016053752296e-01
9.755357232125331235e-01
7.562235668935380906e-01
1.056354371087838251e+00
8.947837868394601379e-01
8.071646711784661310e-01
1.081038981571664115e+00
9.736641503480401028e-01
9.800663591216997039e-01
9.375157674253562501e-01
1.143182658112611438e+00
1.069628845454976940e+00
8.962704609692596636e-01
1.029799214429134135e+00
1.119912724373501423e+00
1.099129744338644521e+00
8.693611259228273269e-01
1.004065641685852217e+00
9.547224641125392486e-01
9.171874428643603805e-01
9.508965279913677016e-01
9.916284416715678285e-01
8.471899304511107953e-01
1.002914645574604302e+00
9.776214124022971630e-01
1.009016720683849400e+00
1.228323888218525450e+00
9.266851696435476349e-01
9.147667781107520213e-01
1.032117963809393579e+00
9.837801946976035827e-01
1.006535710438170028e+00
8.540030898946906479e-01
8.394028148869483452e-01
9.764026188884993296e-01
8.612925061469839383e-01
9.806170371024706123e-01
9.292899858682117653e-01
1.214534728799585572e+00
9.242203226040106578e-01
9.850428479228672263e-01
9.043432518993007596e-01
9.956625476590834634e-01
1.028896063244499448e+00
1.118989575240961321e+00
9.156553865219569932e-01
1.220635770274408172e+00
8.666756623455975639e-01
1.025428768888156927e+00
1.004227880009612939e+00
1.108659635235750729e+00
8.717539339115835118e-01
9.360046336402311207e-01
1.104677434811036862e+00
1.062547203717811639e+00
9.534954064672817031e-01
9.494054729367696899e-01
1.133049031887734870e+00
1.010063922124249114e+00
9.942286416854063669e-01
1.116019979199665890e+00
1.097708060345291781e+00
1.098784099493488764e+00
1.357271061412966162e+00
1.182948352404574077e+00
9.981425035728316297e-01
1.018627566443085275e+00
9.687070144082676748e-01
9.051773771308494476e-01
8.224891760700629995e-01
1.190235634648772356e+00
9.768857507740470458e-01
9.787563725085713928e-01
1.124015452857457298e+00
1.274383536119813254e+00
1.019512424571709985e+00
9.927218916309789032e-01
1.188558704304123914e+00
1.014923843737971509e+00
1.030469945216327066e+00
1.064301645974000454e+00
8.665324433899538326e-01
8.698298701575976066e-01
9.873524310260198833e-01
1.021396934552953217e+00
9.457695482857304548e-01
1.086942095167118261e+00
1.039213890497002746e+00
1.074085631435928834e+00
9.171462133227238356e-01
9.410611465949213494e-01
1.051855507010094781e+00
1.082455097094878971e+00
9.448278469329461915e-01
1.121526472130273122e+00
9.898073706426364637e-01
9.730341829310296120e-01
1.046198036833739131e+00
1.036560438093526049e+00
9.003572940894293275e-01
9.532415149722828218e-01
1.037279292562866218e+00
9.428118822049587067e-01
1.109954161331642153e+00
9.785299530670149570e-01
1.165980749835139774e+00
9.670876778189265721e-01
9.110697593869330202e-01
8.668863694312451962e-01
1.095972588133268477e+00
9.356853580035257023e-01
8.744037806189721707e-01
9.359791618362626187e-01
1.027344829151026762e+00
8.667814445158201764e-01
1.167946084195379264e+00
1.018386175175379105e+00
9.809281591252468901e-01
1.010927534910356140e+00
9.848340408987497074e-01
8.868120847853241395e-01
9.439597151860625868e-01
9.880379670091050670e-01
9.348075859073667893e-01
9.767864324814892196e-01
1.050512813291021530e+00
1.041161341335667956e+00
9.418519824241702310e-01
1.056433175040125239e+00
8.755996881789289699e-01
1.096719687491269690e+00
1.037838076396086606e+00
8.431392148009875243e-01
1.147658556935744922e+00
1.038805746315218936e+00
1.026832357565531595e+00
9.968077046069581115e-01
7.874676810439860120e-01
1.045862827340544587e+00
1.018881220636753238e+00
9.830249641614001721e-01
1.198064137271888763e+00
8.587979294090348770e-01
1.108770470933014840e+00
1.204357894972056364e+00
1.130684293519416350e+00
1.022858250224896182e+00
9.376660964347692806e-01
1.051514156771268471e+00
8.327196085940712367e-01
8.819831626351671838e-01
9.724773116080819291e-01
1.022396275327431381e+00
9.563378705869838292e-01
1.007006394002774918e+00
1.161902248208640076e+00
1.029164651970431832e+00
1.048658040359004451e+00
9.572183196342410882e-01
1.088730414098905586e+00
9.725661243950469714e-01
8.049477308823707045e-01
9.059127862034206391e-01
1.068945351954873280e+00
1.024175153871262456e+00
9.194807081056289855e-01
8.122474329739445276e-01
8.273014133660255842e-01
8.833839873427786760e-01
9.373057998597470464e-01
1.019157392976398846e+00
9.974322812512935732e-01
9.818699900003868830e-01
1.018224674206423153e+00
9.113911884555007115e-01
9.221326039153272536e-01
9.549001229847478012e-01
7.718200348895276619e-01
9.995033232528689471e-01
1.087384166655810613e+00
1.151848495343683165e+00
9.405073162945019050e-01
1.096349262127158886e+00
9.102570279337326431e-01
1.051793219857333650e+00
1.069814820346205231e+00
1.106436446667487861e+00
9.520373212812791586e-01
9.489941784306531458e-01
9.511388628307815285e-01
9.693341245556978958e-01
9.809706814523296847e-01
8.846717560904999722e-01
1.069112543094378864e+00
9.362194355587470929e-01
1.094314051411048316e+00
9.999747428792851167e-01
9.295870410951183604e-01
8.261203088455809640e-01
1.027353983856822639e+00
1.214167330667403899e+00
9.331298012572930567e-01
9.251971564360980116e-01
1.011249722554583563e+00
9.625913536471686349e-01
1.120226620333924172e+00
1.001360841797096946e+00
1.151920201115611331e+00
8.855958665063784485e-01
1.008014169556356476e+00
9.592377915153215140e-01
1.074368893242885203e+00
1.070488935282102982e+00
1.138875453991319064e+00
1.078520562561404716e+00
1.039376244941134564e+00
7.386455701277383490e-01
9.093653822162003353e-01
9.378051453473380539e-01
9.795123954921651777e-01
1.007769085509542917e+00
9.414065840203047486e-01
8.921372092770436524e-01
9.757496998381796072e-01
1.014478777238577267e+00
9.037733789905135762e-01
9.404576973090491565e-01
1.060895651801526673e+00
1.053915157145006276e+00
9.446731557224430365e-01
1.050636008548599287e+00
8.761481300578375375e-01
9.418624396032219126e-01
1.016613448983747725e+00
8.542841653011461478e-01
1.014551926698049833e+00
1.047394672722662623e+00
9.337850060578455347e-01
8.748813025910110452e-01
9.165914446039471475e-01
9.442267764605319913e-01
1.093762286831330588e+00
1.055156183023464589e+00
1.063734885377444206e+00
1.067790857257670867e+00
1.091600073491773903e+00
9.381216886635780350e-01
9.919180043535411606e-01
9.527893594347683903e-01
1.100405587049392064e+00
9.183929874183972553e-01
9.784569687806285998e-01
8.462596328986347061e-01
1.096557929493552352e+00
1.159311116794679020e+00
1.083852236273966207e+00
6.709368327247671182e-01
8.974260435243862633e-01
1.080114445278382851e+00
8.272738314214598265e-01
1.022576472748399468e+00
1.164595299232570991e+00
1.092399136820224381e+00
1.011680270702828510e+00
1.026559515378542731e+00
9.437309758636144297e-01
9.451298911256069690e-01
1.075559560719170804e+00
9.888774037288343699e-01
8.937297170175209082e-01
8.376249556931274487e-01
1.079301253287951345e+00
7.923221456419339281e-01
1.036552938016549019e+00
1.120357816938821971e+00
1.109621157174653483e+00
9.599533193861489178e-01
1.054045671319394639e+00
1.001579675706253392e+00
1.043973749802724615e+00
9.200832150224647066e-01
9.341149146558082039e-01
9.216165111777339103e-01
1.012066475713926605e+00
9.636452455146035101e-01
1.029596641215236641e+00
9.900131052591795155e-01
1.061050958673542821e+00
9.441717811055128085e-01
1.080103098190160260e+00
8.949455730119120211e-01
1.077457686463450637e+00
9.451007819340740967e-01
9.456814798247185072e-01
1.184810428939140792e+00
9.035438346776519802e-01
1.143592940540956171e+00
1.041472834821375537e+00
9.036336288175328413e-01
9.811131501511304309e-01
9.258522230133279241e-01
8.524628533753544346e-01
9.017921366890295776e-01
9.250915574218031567e-01
9.937684603985859066e-01
9.958000638455093423e-01
8.473634788656655425e-01
9.611385339200388955e-01
1.071114566807871871e+00
1.063476307914945629e+00
9.875855345673062446e-01
9.982506807265282278e-01
9.943397773822421071e-01
1.019299455819181688e+00
7.818435126354534859e-01
1.131624520839773940e+00
9.338857584912005905e-01
9.896616416577932451e-01
1.081981951718824497e+00
8.416637200796621698e-01
9.986477644524820452e-01
9.677282758449764488e-01
1.049089363105095041e+00
9.305965218815214213e-01
1.034296869791484497e+00
1.017748487962689019e+00
9.346364404211860988e-01
1.041690234581523100e+00
1.000103936634094470e+00
9.845538178051348455e-01
1.090848133322873892e+00
9.981254757787048071e-01
1.200508158388052582e+00
8.110061196992599530e-01
8.271705518091695408e-01
1.126511160343583784e+00
1.037766012548188010e+00
1.062205956041549548e+00
1.113886628397857015e+00
9.600787538754217421e-01
9.786184442596517208e-01
9.732603726140000022e-01
1.026445049588441849e+00
1.082283598933431845e+00
9.618633472728594924e-01
9.162389516137954271e-01
9.227000500715415443e-01
9.357477145935498841e-01
9.575108803159309012e-01
9.848922378579262338e-01
8.892782122959033142e-01
1.148850708543012633e+00
1.037830044747845459e+00
9.454326817051872389e-01
9.408733876370001248e-01
1.021221851780444778e+00
1.107784098450120380e+00
1.197548973760260038e+00
9.142567321978394279e-01
1.066478923661576150e+00
1.031271048687597336e+00
1.203608819898261961e+00
8.724832499485953852e-01
9.460865538880749437e-01
9.383201824586213657e-01
1.159415512621674305e+00
9.487756098230490931e-01
9.213256422603519624e-01
9.855252818055540986e-01
1.096207452838114937e+00
1.038762696872306712e+00
1.001185141267780132e+00
9.279722256653910595e-01
8.900070614526579549e-01
1.057435449875639089e+00
1.025944349286638468e+00
1.042454885331438152e+00
1.029025228363158240e+00
1.141263486488820034e+00
9.918131802439833500e-01
1.087702343285508411e+00
9.430681649122002463e-01
1.087843312397576367e+00
1.221448577487956655e+00
1.020652287277810544e+00
9.673968121943142817e-01
8.649151840627631316e-01
1.076256063375302885e+00
1.012108513338271898e+00
9.332736683011009227e-01
1.045860162669673743e+00
1.155421981573823142e+00
9.514104756212640179e-01
8.507384216234367136e-01
1.119039238683612547e+00
1.083222375314704333e+00
9.928278924701403607e-01
8.585122757854295461e-01
9.340460193756504603e-01
1.091386472960784726e+00
9.826641916390487230e-01
9.724858713371994368e-01
1.067250377037848530e+00
1.029912733370025757e+00
8.505437164779575676e-01
9.411297777558873534e-01
8.938699673261321088e-01
9.408920158740017303e-01
1.053131063008902357e+00
1.011460664957390065e+00
7.816648103936791880e-01
8.958577142988281006e-01
9.581148908461983860e-01
9.845649960137875523e-01
8.773567505914253717e-01
9.748481735761910238e-01
1.049444104708302294e+00
9.038918363086234642e-01
1.128355121450216325e+00
9.730135962407304717e-01
1.157406223549238389e+00
9.463917250768397738e-01
1.011768999028029858e+00
9.716940320882568871e-01
8.236933884450658994e-01
9.576997521019792181e-01
1.142033898856585905e+00
8.481343884208777384e-01
1.007828878787504934e+00
1.113777279743475290e+00
9.483010844384966997e-01
1.047402461129324891e+00
9.639466249704167211e-01
9.345865316744756957e-01
1.019588831258648964e+00
1.226811797901069756e+00
1.053287415153414175e+00
9.458761851957168121e-01
1.057207502235044450e+00
1.033228578780493789e+00
1.142248118161690806e+00
9.096492037781875872e-01
1.005105570354633659e+00
9.644532286260626419e-01
9.414021599373273430e-01
8.987426925254842214e-01
8.308274400145874150e-01
1.062426205399113144e+00
1.067157688745860478e+00
9.248726370237668748e-01
1.032954492691245285e+00
1.022361219804128529e+00
9.947314533615185805e-01
1.035859758974027045e+00
8.326115879872888481e-01
1.085823623256808590e+00
1.055464020935081848e+00
1.074697413946112956e+00
1.010457448060646524e+00
7.610998859140587491e-01
1.098562930471361332e+00
1.126978636260182798e+00
1.194160633464247390e+00
1.017038249782797443e+00
1.138229584544177442e+00
9.990440558962585538e-01
1.070532661672320751e+00
1.090167362944064022e+00
1.123322994570459699e+00
9.006662244945028428e-01
1.087362940090849106e+00
1.020550614907544285e+00
1.025652272806139020e+00
9.964107228877401301e-01
9.122749895787493069e-01
1.170988394191445403e+00
1.124195167046388111e+00
1.018445452969417575e+00
1.053986991513983007e+00
9.777164956015865771e-01
9.420382295217548663e-01
1.069296628641442704e+00
9.208757700749099495e-01
9.307398008052218952e-01
8.296253206606550856e-01
1.190715895741439656e+00
1.022509423500574055e+00
1.086192208575003981e+00
9.794530862394633663e-01
1.026541621403727511e+00
9.424210164864763595e-01
8.570785951743944420e-01
9.652142969061973110e-01
9.455100303858674504e-01
1.151649594218412620e+00
7.982238637095701028e-01
9.315092865271500377e-01
9.130836030425875105e-01
8.068731868177624333e-01
9.822104705963112803e-01
9.627326209557869330e-01
1.120938736041200645e+00
9.273070894378931950e-01
1.021753933893271959e+00
9.818794721825334637e-01
1.044799576034602939e+00
1.057390455469140900e+00
8.948186112780617263e-01
9.455468641342468228e-01
9.366101940447869589e-01
1.045456298838198794e+00
8.986826065841616584e-01
9.805150637870945207e-01
8.653945626862489249e-01
1.147418969811997203e+00
9.058422683866724778e-01
1.173943381075655434e+00
9.623529346951574803e-01
9.923848816253875160e-01
1.017257890919047281e+00
1.094020014910049632e+00
9.563021262988128379e-01
1.039409960993199267e+00
1.088110438131095759e+00
7.847995829726358563e-01
9.744553041373672508e-01
8.651725560887773003e-01
1.087016768363655794e+00
1.042649502567012831e+00
1.045910739399632305e+00
1.123424457650734620e+00
9.785461977848676218e-01
1.001828804670964024e+00
9.803967339778478784e-01
9.640892052909948440e-01
1.053208904154753656e+00
1.085858537282091030e+00
1.059097478251882052e+00
1.216597286417893109e+00
9.408110779705463056e-01
1.000247571908716493e+00
9.824060778957536266e-01
1.125720478138909630e+00
9.531016880495274401e-01
7.893683675624703078e-01
1.122897508918676124e+00
9.443733511169888351e-01
9.141540028929390216e-01
1.051873065016186048e+00
1.117848973299384818e+00
1.155901714643255307e+00
9.825834051393697033e-01
1.077075510349663645e+00
1.083660018728293650e+00
1.029667844285435008e+00
1.052448814359560725e+00
1.026048965613458597e+00
8.073303411967477361e-01
1.091860511690962987e+00
9.810507418517089295e-01
8.794066215768026051e-01
9.672892594545825506e-01
8.582962856344206193e-01
9.630734469953948773e-01
8.908216407317730567e-01
1.069936536554975781e+00
1.058675001914732405e+00
1.026171979378854848e+00
9.899441435071792972e-01
1.143737112444244364e+00
8.783014801594941634e-01
1.012455950646975689e+00
1.231405164152141740e+00
9.577211201647608529e-01
9.077425809590765615e-01
1.192022774295627974e+00
9.035394494860574666e-01
9.733267491229329327e-01
1.035304083426231481e+00
8.491073795067671792e-01
1.092995724142554970e+00
9.348326048946258293e-01
1.251699318561347862e+00
9.348381934180205466e-01
1.176207319983513688e+00
8.697454104577334588e-01
1.011656590368534392e+00
1.168382141146696140e+00
7.563000348254166338e-01
9.315814349111888326e-01
1.032689460447677954e+00
8.926831371797934178e-01
1.139338965616369048e+00
1.141191046267664655e+00
9.624169166234854966e-01
1.000135755225318723e+00
8.558438283736093943e-01
1.121346326773219548e+00
8.738101089704259916e-01
9.580061966917318150e-01
1.020879481811082901e+00
9.734428921438105231e-01
9.139186214588662649e-01
1.003196015757205295e+00
9.738548845317597236e-01
8.598149465498973187e-01
1.035545260386249833e+00
9.740334446603565732e-01
1.110248853609168584e+00
1.097698510027506069e+00
8.535260376144357952e-01
1.025875279537332707e+00
1.092812810257268952e+00
8.922907513571700644e-01
1.298788734530304412e+00
1.090925994570524304e+00
9.412941135887351596e-01
9.227226917173257936e-01
9.277305573124112748e-01
1.046813874588242488e+00
9.874052958921443190e-01
9.818613363239673264e-01
8.989093982034133123e-01
8.662605133396908963e-01
1.036960419632088737e+00
9.847138142972247099e-01
9.826434321036368047e-01
1.074114625711352522e+00
9.681785689328531452e-01
7.975639228105375622e-01
1.068817486558741425e+00
7.592738432917713887e-01
8.274976292664137922e-01
8.500053649506245090e-01
7.834036853356411978e-01
9.443595901107645352e-01
1.070541585770830917e+00
8.387535902338949523e-01
1.213049556521813122e+00
9.587739801825772012e-01
7.679944293775575748e-01
1.154179968580816951e+00
1.033406743979323750e+00
1.109250020938098658e+00
1.054120592337779438e+00
1.108142389555533347e+00
9.345324230409514099e-01
8.875637188765299612e-01
1.022285031786631881e+00
1.163801575544310962e+00
1.123330937589095413e+00
9.575998908215740402e-01
9.950080872688520373e-01
1.004327445959982468e+00
1.042638744736328338e+00
1.022531611195760970e+00
9.313332251609024448e-01
1.043353971663524282e+00
9.432410186468849211e-01
1.121491757068191930e+00
8.604111724212387680e-01
1.128453748998004214e+00
1.031950944670823489e+00
9.212895856897138636e-01
9.607118875218200182e-01
1.009623213080165449e+00
9.150985603694384851e-01
9.809170269306396461e-01
1.149584897444557496e+00
1.102762835614845338e+00
1.073639472651468196e+00
1.023717018683389934e+00
8.177467989760173195e-01
1.013994051069102342e+00
8.432673397751357935e-01
8.784322463718786667e-01
1.038942348548445693e+00
9.484068766508345627e-01
9.491669655209538092e-01
1.109998646455643723e+00
1.059336452135021700e+00
1.134379475259918335e+00
9.709299913234855639e-01
1.158469657819640064e+00
9.368338933876959596e-01
9.857341795467124967e-01
1.125824746868427262e+00
1.045211928799167245e+00
1.142587771478420500e+00
9.621381600506135889e-01
9.573303475324217438e-01
1.088832177686896996e+00
9.931656528289043440e-01
1.018533904778199828e+00
1.005621303372753683e+00
1.093231428241830505e+00
1.034656693379072623e+00
9.272306557263633175e-01
1.127736140914887830e+00
9.415320371276389988e-01
1.016826466967355680e+00
9.715205195640631564e-01
1.034734973339729303e+00
9.315981054678272866e-01
1.017930932088747964e+00
9.930872565908414051e-01
9.606210846067947395e-01
1.072657484379483162e+00
1.100714303365242230e+00
8.839095730483758073e-01
1.140920591625631531e+00
1.060013973456510161e+00
9.603165382121466864e-01
9.959415323503744144e-01
1.034483251293376593e+00
1.019219704111888003e+00
9.351758319863664459e-01
1.028531909573237257e+00
1.024600297896008261e+00
1.071794194649327903e+00
9.867969907623358461e-01
1.030610757400463706e+00
1.135119096688576024e+00
1.023424600467351731e+00
1.177785181378718349e+00
1.010050820516552816e+00
1.158930910919299340e+00
1.039799956995583363e+00
1.094733013595964088e+00
1.046189586613297751e+00
9.576955245764563474e-01
9.507844913311065405e-01
9.475594273331884310e-01
1.061197361050160604e+00
1.054325561091050911e+00
8.523303904631148731e-01
1.127556837770075093e+00
1.162632662105024695e+00
8.825165422259551029e-01
1.003780534845427397e+00
1.127795438647849036e+00
1.322066904064685300e+00
8.766706603205868253e-01
1.081236595149987378e+00
8.555789468369665585e-01
9.483444332423935919e-01
9.600181070972158004e-01
9.864769586267564394e-01
1.009743942606792011e+00
9.521248035118834441e-01
1.154944981870068776e+00
1.204536672228492478e+00
9.294740916246603257e-01
1.027360867718402293e+00
8.724673751517482145e-01
1.009381997097287265e+00
1.031048679035890148e+00
8.169000054132476984e-01
9.981775050068211197e-01
1.057906354234994906e+00
1.001220561851662971e+00
1.043054936201154304e+00
1.097965085267990082e+00
8.311025886318985645e-01
1.080294585815344766e+00
1.049045010406634670e+00
1.044877296697670932e+00
9.178059737938281115e-01
1.102986205247841855e+00
9.136813489091857310e-01
1.071452040784079740e+00
9.735261570923423591e-01
1.023596680259131642e+00
1.071141905338376166e+00
9.713295115920794753e-01
9.861112034359876821e-01
1.007804315325755873e+00
9.184913765023356991e-01
1.124108351602222999e+00
9.385140694718550058e-01
1.085930336080638270e+00
1.037923754407537924e+00
1.165374104949485679e+00
1.176168934256734078e+00
9.933364535182975796e-01
7.318512439041193751e-01
1.075014369888190435e+00
1.014852703021250413e+00
9.855295731717886865e-01
1.220371649668808622e+00
8.850737591271207183e-01
1.089723746406796367e+00
1.031721751966232947e+00
1.065591633632795743e+00
9.562678751970465907e-01
9.294136423676983005e-01
9.718790572932005656e-01
9.949110179709134139e-01
1.006979563073665096e+00
1.074297294682004633e+00
9.526428112516618363e-01
1.242432417415092916e+00
8.649627101672550111e-01
1.075408715947648419e+00
8.546247021173912772e-01
8.673830844839310883e-01
9.926163424324536688e-01
1.088280875730666786e+00
9.749305306296477402e-01
9.895631323613940378e-01
1.044960292899925980e+00
1.095425941832839367e+00
1.030816327470160720e+00
9.526551142766047642e-01
9.845149514312248051e-01
1.030948471455588544e+00
9.879335158903765901e-01
9.218028551865178333e-01
1.033480117902826567e+00
9.813862929415617664e-01
9.595789567831661815e-01
1.153150050068288301e+00
1.041776364806021649e+00
9.075145147946162005e-01
8.865475374352467242e-01
9.236362720114461577e-01
8.890132418191419861e-01
1.213308995671574575e+00
8.893890636724517407e-01
9.571136641205114648e-01
1.065749754603556809e+00
9.928105343493771606e-01
1.045018721942102546e+00
8.333561445243333754e-01
9.985207319946833859e-01
9.066176634428785297e-01
9.413644285862380334e-01
9.999537110384103533e-01
1.034487286662337358e+00
9.137972286998096161e-01
1.170045626955905416e+00
8.880873760943936990e-01
1.011063956180823453e+00
9.218321351179226131e-01
8.960364471214413706e-01
1.003662288890659449e+00
1.006284268193061937e+00
1.005691625695428471e+00
9.541085514255902567e-01
1.040061900553291174e+00
1.000524837418077073e+00
8.629643482380499053e-01
1.052058014351630488e+00
1.015888898251100736e+00
9.175455931887593897e-01
1.124380305143427350e+00
1.048601577333592383e+00
9.909045581958301208e-01
1.206703059781171206e+00
1.002876002177154557e+00
9.742416893299135072e-01
9.965483276576801996e-01
1.006955707876838524e+00
1.018405308983769020e+00
1.057526598141208751e+00
1.161713095152919761e+00
1.040982213774048981e+00
1.054703092525171249e+00
1.070133848762027995e+00
1.057373433383665740e+00
1.119508680668117595e+00
1.056476580486503281e+00
1.048167455636495715e+00
9.748011531489058079e-01
1.131121700812037112e+00
8.623920306547862014e-01
9.852335985230308291e-01
8.706470322760250236e-01
9.375765453298487984e-01
1.031318814494651681e+00
9.801968313653051101e-01
9.203441725062524448e-01
1.001890157340577403e+00
1.058269886101813384e+00
1.024778729225009677e+00
9.113307442022227089e-01
9.688582546893419467e-01
9.396510154223818301e-01
9.216101138591580311e-01
9.134083521201197264e-01
1.077638967400062819e+00
1.143689105728382227e+00
1.009926049500267098e+00
1.161408728454101258e+00
9.601057719637989818e-01
9.996815633719247085e-01
1.110720229154889882e+00
9.632089250346648202e-01
1.006881192734720765e+00
9.358975107703060292e-01
1.044748141842824385e+00
1.009667372271498609e+00
9.762130571069204121e-01
1.059691710808978282e+00
9.797993108281577435e-01
9.030880470171638308e-01
1.057152740658499956e+00
9.380449670764138270e-01
1.066033703536331867e+00
1.014357071592045134e+00
1.016499141844356746e+00
1.038513407839245284e+00
9.848167630181208221e-01
1.019013737654839824e+00
1.092713763868595978e+00
1.045258598788865623e+00
8.311130025338654415e-01
1.139720160091289181e+00
8.524611670509192329e-01
9.821568834471829934e-01
1.194537212326965081e+00
1.067656962658662723e+00
1.164362669320846866e+00
1.001197027420995367e+00
9.614258598611524764e-01
1.002637520809316340e+00
1.051600231805023045e+00
1.071625998166895410e+00
1.031530786914771625e+00
9.042232061953598965e-01
9.104571826933594014e-01
8.791174673031839637e-01
1.021944465875019636e+00
8.825085191840437160e-01
1.054423381851931296e+00
9.840539470443627756e-01
1.029768547607023299e+00
1.019725603229122424e+00
1.098674236689732853e+00
8.716907942646527907e-01
1.021454987354939004e+00
8.802444358865422203e-01
1.138885466797367130e+00
8.638813629981891840e-01
1.090248446111002245e+00
1.031915595762242122e+00
9.997687506049582895e-01
1.021698655402675460e+00
1.051470770316865533e+00
9.761422793665948117e-01
8.294549735174632232e-01
1.018817153501921924e+00
1.003129331755099329e+00
9.283024235127167456e-01
1.150108570328106428e+00
9.141563657088979111e-01
1.100280043068069480e+00
9.752895505308185609e-01
5.891882624115043487e-01
1.067505571354959937e+00
1.135827151052846595e+00
1.026964140356567246e+00
1.009965780405645885e+00
1.057364666222762262e+00
1.022802574613938642e+00
9.355392909954488578e-01
1.156166476525175790e+00
1.004180728781429943e+00
9.430375007876270477e-01
9.512552279267807442e-01
1.007629900852209826e+00
1.056170594221848225e+00
8.275898421756370249e-01
7.869617637635182295e-01
1.047408322057920227e+00
1.142577794656632006e+00
1.051665012827950996e+00
1.155154000535647985e+00
9.391130436821524263e-01
1.077605516107708494e+00
9.848762514923345979e-01
9.965640425600671426e-01
1.079645086784568608e+00
9.836739174330789703e-01
1.047942262172337102e+00
1.263521400626177904e+00
1.133285945662573235e+00
9.410963963678508071e-01
1.037175723923770887e+00
9.642655137770194118e-01
8.507365924826685299e-01
1.063742620353102186e+00
9.538518105139250913e-01
9.813411561767922953e-01
8.746542504672013552e-01
8.960560478352295188e-01
1.060178060053784899e+00
1.016809905921397528e+00
8.160574019810018509e-01
1.108594108400213551e+00
9.156586398063430998e-01
9.268664827822984398e-01
1.099094824641740908e+00
9.392743120760251863e-01
1.039868520244410899e+00
1.078315740635653608e+00
1.053082229509729517e+00
1.117069690860069020e+00
9.412065659142526686e-01
1.058900812853541318e+00
9.571430196381264244e-01
1.152713413564888434e+00
1.017995006570486138e+00
8.020952823132014853e-01
9.245483955075088911e-01
9.759644717073203690e-01
8.952664010924475946e-01
9.490214216361176902e-01
1.121573436670334711e+00
1.032443145138956409e+00
9.640073412186778157e-01
9.123024661529384183e-01
1.151202917198422382e+00
1.012291328322771911e+00
9.354329858208568771e-01
9.869891996812351076e-01
9.510584122785322725e-01
8.323773393615168104e-01
1.005752340113353460e+00
8.803306702742352829e-01
1.052367060013699174e+00
9.327854669537870569e-01
7.890753387419928711e-01
1.063980237970610032e+00
1.000794715500602727e+00
8.941042444192849326e-01
8.835844308103545375e-01
1.117121153134885247e+00
9.519210024669916281e-01
8.631859597198964229e-01
9.536270946697853468e-01
1.138335649706639696e+00
8.971948037890152827e-01
9.926552572239878414e-01
9.591575764153270622e-01
9.553555880024050539e-01
9.754633226533167001e-01
1.044827751551528960e+00
1.071060467183196474e+00
1.084309342456513559e+00
8.850320745019095714e-01
9.971299549798332551e-01
1.002406012369944310e+00
1.085825036062531890e+00
1.175695863165466815e+00
1.110847322901121981e+00
1.012472514900680354e+00
9.502091296278537547e-01
1.052434767304498697e+00
9.779520805261354699e-01
9.282291670111632031e-01
1.043312802498094882e+00
1.149530845202136664e+00
9.586794192715326623e-01
1.030743836874290054e+00
9.935385011008779355e-01
9.089712305741601828e-01
9.274092024302407200e-01
1.022486286720042159e+00
1.077486746742675416e+00
8.619879764989535342e-01
9.216624998536766533e-01
8.525076901400696627e-01
1.048735481054577923e+00
1.009284181182764417e+00
9.751770257820340237e-01
1.127165500202407911e+00
1.237324390453095280e+00
1.247064283847867827e+00
9.870200909438382464e-01
1.112686453321549696e+00
9.989675919605947030e-01
8.649621777740512663e-01
1.008017389651668871e+00
9.331971348793656196e-01
1.031293664734924675e+00
1.007798119906215151e+00
9.879949850782518972e-01
1.117090078804117592e+00
1.211869743649050424e+00
8.713283787639544142e-01
1.030496616099639606e+00
1.077913902919237721e+00
1.026652301653024679e+00
9.487623612966846753e-01
1.035979790674289358e+00
1.054367286877062160e+00
1.050865324183124505e+00
1.030360417142252905e+00
9.954222939094050648e-01
9.932835490076656892e-01
9.208949658081150291e-01
1.124864486822628962e+00
8.987921078058884738e-01
1.042456704986163052e+00
9.244351262526349089e-01
9.403169535117353872e-01
9.856640199634784105e-01
9.563690626173120268e-01
9.817289948429060997e-01
9.847483614612683178e-01
1.033561382592110167e+00
9.654857815929174247e-01
9.485008513947946751e-01
1.031032778332937161e+00
1.064305829991778696e+00
8.806822446747920585e-01
9.597004543859440906e-01
9.380130874076817449e-01
1.128469338292501289e+00
9.293691065944131857e-01
1.050584395604885257e+00
1.009045786833141500e+00
1.060107276700406276e+00
9.851205746312221567e-01
1.048226156262997533e+00
9.520995495392761132e-01
9.791012380165026174e-01
9.468666694931759942e-01
8.599211045187845626e-01
8.368745395894690020e-01
9.803208678518414709e-01
1.007588539620455359e+00
9.689524613706266276e-01
1.006689689051710745e+00
1.102687732445208013e+00
1.022097330303973539e+00
1.018683983645974234e+00
1.050820975655822220e+00
1.061050212746826649e+00
8.284360957285789029e-01
1.095043616013474885e+00
9.403923525338413469e-01
9.146936719141429695e-01
9.118729769452387224e-01
1.078689218309554665e+00
1.044549883231690401e+00
9.424935198178704399e-01
1.028429876992534409e+00
8.300293825770550526e-01
1.057312783659887678e+00
9.667921659586189431e-01
1.129050681759210972e+00
9.536874705091173965e-01
1.060641832865472534e+00
1.031561252225913217e+00
1.034919712689494897e+00
9.452877825590819683e-01
1.050988096490904633e+00
1.137863762543288804e+00
1.125027337153229778e+00
1.140080845776649809e+00
7.710617679380737943e-01
1.063364783384540102e+00
1.058519367564348501e+00
1.036399351699838878e+00
9.435620047331259030e-01
1.190626026048995589e+00
1.000606379517647193e+00
1.057472619717983120e+00
1.116693059408118582e+00
1.138160544089377391e+00
1.026157057603814593e+00
1.080299889690732984e+00
1.100464732017576663e+00
1.026424073273382476e+00
1.004650553238114030e+00
1.145022072343491404e+00
1.061679588318861445e+00
1.079664956355838701e+00
8.572031902709869033e-01
1.044590185214393951e+00
9.064570295215488294e-01
9.732347352303497567e-01
1.064120905275005136e+00
9.398082557563149919e-01
1.049437267090298276e+00
1.015543546212990256e+00
9.805916000563670298e-01
1.114340777893953138e+00
9.979882507796701274e-01
1.039400040564359085e+00
8.883099089603372356e-01
8.686193898856376938e-01
1.059358596362551586e+00
1.097224506760742901e+00
1.136594881367143373e+00
1.037102252950986347e+00
9.760562570551263306e-01
1.053351685727541120e+00
1.050367992632023295e+00
9.706807063800940716e-01
9.488721143835673333e-01
1.000863296469358454e+00
1.210790866138312660e+00
1.070610418887836035e+00
8.656087484835599533e-01
9.750181907789828850e-01
9.992362561068391935e-01
1.075674250361721596e+00
9.808730539132264337e-01
9.931780864819459431e-01
1.004365007475599203e+00
1.115380802835056251e+00
9.100337010416945649e-01
1.032741243861714953e+00
1.113041423842485500e+00
9.580934461533648916e-01
8.156104765045469884e-01
9.362769197908856755e-01
1.065895472143247646e+00
1.010924422838577641e+00
1.081387363152686465e+00
8.061609842280466065e-01
9.790606617844498372e-01
1.068050612079924244e+00
8.569662975247358538e-01
1.036110733250440674e+00
1.112211201916903036e+00
1.152585842860621934e+00
1.045093592330860410e+00
9.745295315887456677e-01
1.055312864299373654e+00
1.001394334406764175e+00
9.644411832410932917e-01
1.024985000240682398e+00
8.692931968970423195e-01
1.084224115205649763e+00
8.769830616072267215e-01
1.020109860530606483e+00
1.079622529008744003e+00
1.020500378983392409e+00
9.892181782294684478e-01
1.010417151364198407e+00
1.031779092723164482e+00
8.868901598561855781e-01
1.103383683139799176e+00
1.053451869147096209e+00
1.281848499936868002e+00
8.616900147521362463e-01
1.123904593144644304e+00
1.166873731021233151e+00
9.244570126661664222e-01
9.982078394493035800e-01
1.097415632984845457e+00
9.966003890653055697e-01
1.047924304433420550e+00
9.945226173986552176e-01
9.206396843508326544e-01
9.730696967604096637e-01
8.872735237778899275e-01
1.098971645396963792e+00
1.009501214510619249e+00
8.741683256436421079e-01
8.021534352069725760e-01
1.152327896237939520e+00
8.989813759850645569e-01
9.634538922318653942e-01
1.017152717764847614e+00
1.050758643989791352e+00
1.061834114212459879e+00
1.054052346895822279e+00
9.520321659989009477e-01
1.002538171739402850e+00
1.082309392958631822e+00
1.160702462528298451e+00
1.114802741489813398e+00
1.092478467075915338e+00
8.976425487456439756e-01
8.973502607267943576e-01
1.048867244404623866e+00
1.105113908148560808e+00
9.419102288523445443e-01
1.084619527783645010e+00
8.203617218777341513e-01
9.214323552493373093e-01
1.004700059425180259e+00
9.235232251141504145e-01
9.916407081543050506e-01
8.971581327700854924e-01
1.132626043855752496e+00
9.978573182696569566e-01
6.304946537875599777e-01
1.093157019127887430e+00
9.517178322788336642e-01
1.048700624260816117e+00
1.074818101945605342e+00
1.303448191285975000e+00
1.073189077449793860e+00
1.000567033055210997e+00
1.087443695725887061e+00
1.024258330755684288e+00
1.042514777761909928e+00
9.121934555067009454e-01
1.082898923535056790e+00
1.272586234897361557e+00
8.750191188637499451e-01
1.106032743032677290e+00
9.949116360382292967e-01
1.048631850593578774e+00
9.443454854786855757e-01
1.056066427982874645e+00
1.094907992791084750e+00
1.039703556305559662e+00
1.011758082764635747e+00
9.504394257556210146e-01
1.110905046106948291e+00
1.105095511641589701e+00
9.581191292689743566e-01
8.798795651177570010e-01
1.008109352721184404e+00
1.092060125434910933e+00
1.138980188305033225e+00
8.336822718802996413e-01
1.069774303235856205e+00
1.020461382182712873e+00
8.994367888584743342e-01
1.147454828735755328e+00
1.058097919841950674e+00
1.085657663191866629e+00
9.978216084082045523e-01
1.070547927517978337e+00
1.157836922349070763e+00
1.025522406708483381e+00
1.152549455822164504e+00
1.035542573532869381e+00
1.028222603527688239e+00
1.001257446727240819e+00
1.071837121014610483e+00
9.275859433774701346e-01
1.023291687752380996e+00
9.767476583431073944e-01
9.193786259345639866e-01
9.022074659218328740e-01
1.137916537600764499e+00
1.090004906080674241e+00
1.003920598123464014e+00
1.002453564256614804e+00
1.061776971678360493e+00
9.935981982263452084e-01
1.027423289489245661e+00
9.368782976487564085e-01
1.031057442601989838e+00
8.874612334343024989e-01
9.588335401556620230e-01
9.617309346255580316e-01
8.814729775038072646e-01
9.391161952288243908e-01
1.042473379783183551e+00
1.149997331940291412e+00
9.721509431419391722e-01
1.109916701673166584e+00
9.978356361300722011e-01
1.001088843975230347e+00
1.124610848400365404e+00
1.170005811128785655e+00
1.100727399623217195e+00
1.012121790144096645e+00
8.910424902058768915e-01
8.785953526367180633e-01
1.080813182922909510e+00
9.589084626024048097e-01
9.738748701266919383e-01
9.718058116620501563e-01
9.750614881773708165e-01
1.222384169847073876e+00
9.690930617989861329e-01
1.001000820122510904e+00
1.104258881609481602e+00
1.049147896621035025e+00
1.025858690909579263e+00
1.146954199445364697e+00
1.092782751942732888e+00
1.062879325430247546e+00
1.146499016645367908e+00
1.011092799878920312e+00
1.155293508456289642e+00
9.546008193675926679e-01
8.123865398986590547e-01
8.521491059216054209e-01
1.063040692362540396e+00
1.078615039868406233e+00
8.707008830783666831e-01
8.977271922030194418e-01
1.011101750434252322e+00
9.719077253883857681e-01
1.141661871624624736e+00
1.036814533795195947e+00
1.017086581786667221e+00
9.904380970136064111e-01
1.005611496313671749e+00
9.207707502326558657e-01
1.102543190286867869e+00
9.049224756862217500e-01
9.422105733450898413e-01
1.069293055368880863e+00
9.874513957376683804e-01
1.280973173865967984e+00
1.002465665051914145e+00
1.075329390875339852e+00
1.179463091237118677e+00
1.024829102000074599e+00
1.053736781721646976e+00
1.103615413128835820e+00
1.073458807521309843e+00
1.162618416416979050e+00
9.725326189743768168e-01
7.779586065923965732e-01
1.028735889897730571e+00
8.994026999751476570e-01
1.092148133697946832e+00
1.023310492981198250e+00
9.228311761642539190e-01
8.925045344818179904e-01
8.818129664455716110e-01
1.250777444461262267e+00
9.936400491642389809e-01
1.049900351986057467e+00
1.016998137609654407e+00
1.192013804125553245e+00
9.468909040618431749e-01
1.015545149662731683e+00
1.214114249062424822e+00
1.017458492153190397e+00
1.094169015689074431e+00
1.098247703556638033e+00
1.025774560171282213e+00
9.526068159631801979e-01
1.017312189410079837e+00
8.502995245658386825e-01
8.170747488816838544e-01
8.606500784619589561e-01
1.184232821981404893e+00
8.765242789028323545e-01
1.120526694390185485e+00
9.581237261045633113e-01
1.175831699148775389e+00
1.002398540403831362e+00
9.511093832905764822e-01
1.035342251654758128e+00
1.232480093909842811e+00
9.602214049904986837e-01
1.008320003455855263e+00
9.319853731034791755e-01
9.618033934484360170e-01
7.822273689613699066e-01
1.021937018197834890e+00
1.000470110968472159e+00
8.701409004845889195e-01
9.671634970225796435e-01
1.053782502812209865e+00
1.097530249676044622e+00
9.575284372607472116e-01
1.088523784169555420e+00
1.015148966599953129e+00
1.061898064611605186e+00
9.436429556612025982e-01
1.128596800623649310e+00
8.941250739467994091e-01
8.876439410903742555e-01
1.055958036691156066e+00
1.016455069305561398e+00
1.017621638590115118e+00
1.141107640924490907e+00
9.437808547059676201e-01
9.305530187520345553e-01
1.014932659710227059e+00
8.796674191165960721e-01
1.091157522569760285e+00
9.365942629753742921e-01
1.015558189165334912e+00
1.130344463036562663e+00
9.651542921501180539e-01
8.442846834310080428e-01
7.847663578155810171e-01
1.155692089023048208e+00
9.900777691286191118e-01
9.272496822245303028e-01
8.679669076498245373e-01
1.054175594623656620e+00
9.708149266461306715e-01
9.757326868650295637e-01
9.848436026351915507e-01
1.088055955259407570e+00
1.014387903091152232e+00
1.076035807814866851e+00
1.045785328609769804e+00
9.902054841284354536e-01
9.901464255129921455e-01
1.033666273182971995e+00
1.146534472686986383e+00
1.026042456176694539e+00
9.625135117357837000e-01
1.101529717120538931e+00
1.110157715639276788e+00
1.078875502517651741e+00
1.008150038538334403e+00
1.116640888645945129e+00
9.842942200042940071e-01
1.149452563720672504e+00
1.130908067491396052e+00
8.514825006241002470e-01
8.930857304161852195e-01
1.020560718888269491e+00
8.930999116281558292e-01
9.528259529152643958e-01
1.034040833785967894e+00
9.804397721230236895e-01
9.600550583336862065e-01
9.278466789835057016e-01
8.150541103705586377e-01
9.202325206420052250e-01
9.936609744811357725e-01
1.029140047967921134e+00
9.553610059425379220e-01
8.845502582594345631e-01
9.556280162738555184e-01
1.033811186761897982e+00
8.762352305268868990e-01
9.124405683748335605e-01
1.093577510964741872e+00
1.026039906560482162e+00
8.078584338352682304e-01
9.101039706557926268e-01
1.031191943469302208e+00
1.067440622132323380e+00
8.005536373375075065e-01
9.654532595913450921e-01
9.540260818395318587e-01
8.456913251439672763e-01
8.890132099258027942e-01
1.117309584832007596e+00
9.974185923468714687e-01
9.560637544539275501e-01
1.120715120331978731e+00
1.108755915580485585e+00
9.507699079135301101e-01
8.472322576586747145e-01
9.997745884512885262e-01
1.061933521298962013e+00
9.219622574567607476e-01
8.994021928090221163e-01
8.909201538508282336e-01
9.254461093750980805e-01
1.016854462066373088e+00
9.089345638921102477e-01
9.096877458634353708e-01
9.643895032327606254e-01
1.019780089539050305e+00
1.059787260654690089e+00
1.054631332181147130e+00
1.230788374132998131e+00
1.054576613228387805e+00
1.003036936776847243e+00
1.018969602068356961e+00
9.170153842668735678e-01
9.080048497062537249e-01
9.047185477825612221e-01
1.058848455310078540e+00
1.126957025677481905e+00
1.114165934999263863e+00
1.039240884396050557e+00
1.054468242739262207e+00
1.104720933091888124e+00
1.157648297188375031e+00
9.302884677740139718e-01
9.139791297880643928e-01
1.127316073877468350e+00
9.796176662897326803e-01
9.581316130899658612e-01
1.149379303521729456e+00
8.806162074765331305e-01
1.037333849083707848e+00
1.124152074118132116e+00
8.477815047439716256e-01
9.805986323974178465e-01
7.810891604764862439e-01
9.335267679754341019e-01
9.935787300354832485e-01
1.035181434773134068e+00
9.051829572154418413e-01
8.717362433722743997e-01
1.219095230649499095e+00
1.066865383143943191e+00
9.250779236013367823e-01
9.413841205981700044e-01
9.358174646145074327e-01
9.801065942412372500e-01
1.001436367400544203e+00
1.072218014959720911e+00
1.016509734449716706e+00
8.638484829513648489e-01
1.032367213928586658e+00
9.902981714925555012e-01
1.018854547746930628e+00
7.970716031757953957e-01
1.057260860826388704e+00
8.409265782100223685e-01
9.153009365113521367e-01
9.183360477917669185e-01
9.511905262081833401e-01
1.112572287055219045e+00
8.934672720304794868e-01
9.868982656276540366e-01
1.079929500786898089e+00
1.060605915314948522e+00
1.087412209207462288e+00
9.833652844406225446e-01
9.204569086633248576e-01
9.809238456485648294e-01
1.071724835018085242e+00
8.938273198038677592e-01
1.054408188591518192e+00
8.061687801801106223e-01
9.547737114419836413e-01
1.149902001374742966e+00
8.940059432987401689e-01
8.985015929467438101e-01
8.811243231740852888e-01
9.914235395005258633e-01
1.156075637966023084e+00
1.023467328970761425e+00
1.007971750663692045e+00
1.074563199885275599e+00
9.533649658684744121e-01
1.103201765549274516e+00
1.032526402064418480e+00
9.119698034668120012e-01
9.460745118052575897e-01
1.050067206235861583e+00
9.046309840090369647e-01
1.067205140588156631e+00
1.117196812505890868e+00
8.878539663888074251e-01
1.067181624749322211e+00
9.602116986558758560e-01
8.391191835737871196e-01
9.996983152333690503e-01
1.154105994907784538e+00
1.060936926382927803e+00
9.868354676027899508e-01
1.053965282987087138e+00
1.150519145984464142e+00
9.908636309091881644e-01
9.251322613662328331e-01
1.168986121259903754e+00
1.189502947269155841e+00
8.811322700889846482e-01
9.634891442977121523e-01
8.950778530479468476e-01
9.367844602339416848e-01
1.105243277241786837e+00
9.742225711859142656e-01
9.072263674628681107e-01
1.018937107965199429e+00
9.839026817101064193e-01
9.293847485186312873e-01
1.107631684966834618e+00
1.127763804159843009e+00
9.476470304104570586e-01
1.065757129945057669e+00
1.033364088244434820e+00
1.016254673616254545e+00
9.775420177154653389e-01
9.768693612624195222e-01
1.056685852989388996e+00
9.629915591332243174e-01
9.568034133178764389e-01
9.194029855291536713e-01
1.061634045089034695e+00
1.044358999428563362e+00
1.000996511235171083e+00
1.090939321028231657e+00
1.080216262618237444e+00
1.009325558868143569e+00
1.127362007006811551e+00
8.637283346790215477e-01
8.689816777286624161e-01
1.067131081548867488e+00
1.169576723946027297e+00
9.388441958799068621e-01
9.101098361894931488e-01
9.747628991963876999e-01
8.745017009315705359e-01
1.175328945825484084e+00
9.802995426150313829e-01
9.820386593751323501e-01
9.316731739762371678e-01
9.392264689601591554e-01
8.787382186340367829e-01
9.642106765129145884e-01
9.680507855077598034e-01
1.184734051136675292e+00
1.050931845457288905e+00
8.674518613870709771e-01
9.337947267042876476e-01
9.891802913991807333e-01
1.007867270616063626e+00
9.970134386158800988e-01
9.663637617325078200e-01
9.116068244080250960e-01
1.215457507677128346e+00
1.027822395098918262e+00
9.891089130042107769e-01
6.964440091098119678e-01
9.179239575621802594e-01
9.703933615704664062e-01
7.865547349523355214e-01
5.903902754358349991e-01
1.215095636763205311e+00
9.787682219076085932e-01
1.151316092291528204e+00
1.190042859466028391e+00
1.086048744130104771e+00
1.041291777380474626e+00
9.812134173738399356e-01
8.326586272245325437e-01
1.146360097932624944e+00
