# data in one-minute intervals
1.010430728496510167e+00
9.898293387654347741e-01
9.818482621072722738e-01
9.905459010619488414e-01
1.005453231164830097e+00
9.833802447085681075e-01
1.000024398690240401e+00
1.022011522095423786e+00
9.968613937111702183e-01
1.004664564619020206e+00
1.013444908279145684e+00
1.000607711296057190e+00
9.954730383134228200e-01
1.013890438629965196e+00
9.891393233661981421e-01
9.957871024691762329e-01
1.004495202870918424e+00
9.985204297355704250e-01
9.966568821281226453e-01
1.026843828652103996e+00
1.021465902179099494e+00
1.005477084939677246e+00
1.009670246751132927e+00
9.943288753188456175e-01
1.005746416868922077e+00
1.009838903551864453e+00
1.003954515455016239e+00
1.003038659526101162e+00
1.014722186269440440e+00
9.993739040168221344e-01
1.004084761457394004e+00
9.886065496622782334e-01
1.004572122236613962e+00
1.005901240674129449e+00
1.003790006309240201e+00
9.900997578819195066e-01
1.011884778981080535e+00
9.893029652890087400e-01
1.012376474255938019e+00
9.848640679798669195e-01
1.012618546858639057e+00
9.989806735550107453e-01
1.010849316014116095e+00
1.012703980542546178e+00
9.888912788494316208e-01
9.961417708798454562e-01
1.003726216074825928e+00
9.982551615479988705e-01
9.920882136792582573e-01
9.919149750635517515e-01
1.002162717324607932e+00
1.005547466920773791e+00
1.015114896126623867e+00
9.871127687944321050e-01
1.009211649739886640e+00
1.012022010349513002e+00
1.008353311759341508e+00
9.883513143124920131e-01
9.967137845483738934e-01
9.957531766609930557e-01
9.967670606837304437e-01
1.005308270170687468e+00
1.003487506521150152e+00
1.008214937895220098e+00
1.013452320642439064e+00
9.869543809182070859e-01
9.931630165111978714e-01
9.998989153853120593e-01
9.931167837690216826e-01
1.014103589606435207e+00
1.009977147806112141e+00
1.030481643238409184e+00
1.006131112272034445e+00
9.957608647341704700e-01
9.830715498539766006e-01
9.992261826959657478e-01
1.018454941623814891e+00
9.924432377416737561e-01
9.987264671026577778e-01
9.981737952872310471e-01
9.898933894488921581e-01
1.008246043844850171e+00
9.933644389044974377e-01
9.750086172302289134e-01
1.014973436973407583e+00
1.009486925513828126e+00
9.969745106043891303e-01
1.004503386659938213e+00
9.855741480087792938e-01
1.002095898594092205e+00
9.907589801126590601e-01
9.871830447095452099e-01
1.002313119827440868e+00
9.959991801872505324e-01
9.965201880809778645e-01
1.008259884372005200e+00
1.000922322126126529e+00
9.997388257572855652e-01
9.957037479127515134e-01
9.952668167355188666e-01
9.938130242312327445e-01
1.007388759814237256e+00
9.873709875194883745e-01
1.007228941082753071e+00
9.988915932364795802e-01
1.002763356904172287e+00
1.017782560180651830e+00
1.006136740665532159e+00
1.004108486491401830e+00
1.012501159196323330e+00
1.004189210800733978e+00
9.924539356884098940e-01
9.852237457731826131e-01
9.828748063121647283e-01
9.963945496733186413e-01
9.857232469332807279e-01
1.001873742562374936e+00
1.003527740867447005e+00
1.006387188899423801e+00
9.994839788792404534e-01
9.870028941100049691e-01
9.900910799874084178e-01
1.006123661163971894e+00
1.003098892303508238e+00
1.011016418009419882e+00
9.973497740669539091e-01
1.000366124027079362e+00
9.967756978419479719e-01
9.902971875374629862e-01
9.993606991362501413e-01
9.981597158417302440e-01
1.000123789526185414e+00
9.993352041239018657e-01
9.827023250184834247e-01
9.829708557860332707e-01
1.015015698681963174e+00
9.985765086513317401e-01
9.810277917125885816e-01
9.927536706217696683e-01
1.012543582854668944e+00
1.015517178339980120e+00
9.918889081087467474e-01
9.929146923707689032e-01
9.903535563128434971e-01
1.001412865138205266e+00
1.002254143094004180e+00
1.001585703265125415e+00
1.016394400622701033e+00
1.002867812533181802e+00
1.002515829474659670e+00
1.003024077402093983e+00
9.937396631829298332e-01
1.016259369546060887e+00
1.012190911357594647e+00
1.004944588718662324e+00
9.894153166457972937e-01
9.953685876708502356e-01
1.018867988475442132e+00
1.000498713284311503e+00
1.004154907806370511e+00
9.886562646523952003e-01
9.939176307510448893e-01
1.007409444723033731e+00
1.005258769596857782e+00
1.011440709981470842e+00
9.946035309776757316e-01
9.916380600073299023e-01
9.887042242983344886e-01
1.002621713217857424e+00
9.934400364703321884e-01
9.958871638961650508e-01
9.995674694087069989e-01
1.006530587291323497e+00
1.003984495818425193e+00
1.005330148802720203e+00
9.971791892162793491e-01
9.895511483017905840e-01
1.002304681717441692e+00
9.930410324528538002e-01
9.911632807778660847e-01
1.027709529756181128e+00
1.001049646115715230e+00
1.011681246463362216e+00
1.002362208185006542e+00
9.867739516361011543e-01
1.002384363863893624e+00
9.996340287099140243e-01
9.947664690472678428e-01
1.003870229673302195e+00
1.004580939284166918e+00
1.001843874303964599e+00
9.849296954913502322e-01
9.927871511326092913e-01
1.004576608916270208e+00
9.936219597153924665e-01
1.004122675305833878e+00
9.978488663657287816e-01
9.961647327313710720e-01
9.893725561821151704e-01
9.961827704891467183e-01
9.921024363529941104e-01
9.964301369297405842e-01
9.866305474171808143e-01
1.004771293646070873e+00
1.000512479746638261e+00
9.936676687398877661e-01
9.990557219670940237e-01
9.958627401649055022e-01
9.944422663197828305e-01
9.897846975337794007e-01
1.009725196785447476e+00
9.828609071178900924e-01
1.005736676324405998e+00
9.884993939859447742e-01
1.008902468999797852e+00
9.958198415216381605e-01
9.997963405750478483e-01
9.835625255687644453e-01
1.002808911954164106e+00
9.736543157336764454e-01
1.006538677485793620e+00
1.011282694142701333e+00
9.933818277877450864e-01
9.989219949712049296e-01
1.011186596765168755e+00
9.879111319145597037e-01
1.003657462880933826e+00
9.864427003926808935e-01
1.019863606247511489e+00
9.978505353017539381e-01
9.897798831303969980e-01
1.002770087477322880e+00
1.001099949330482630e+00
9.924661383286217387e-01
9.979250495411088329e-01
1.000155231662981814e+00
1.003111451383529973e+00
9.853103726679369734e-01
9.932098130023653271e-01
9.962908399102533563e-01
9.966897039515443257e-01
1.011142822419687670e+00
9.981336452777149759e-01
1.006295050329698126e+00
1.009627119190740441e+00
1.003212329503956335e+00
9.966171879169467562e-01
1.012318852328703445e+00
9.874070709435277537e-01
9.843150495515767817e-01
9.973126468214446039e-01
1.000770599628579394e+00
9.997233926408038984e-01
1.009605995829145897e+00
1.009135261492577040e+00
1.003856274907868551e+00
1.008738261576417772e+00
9.981262669467853010e-01
1.002458046071736275e+00
1.005109661274274702e+00
9.884434796622818542e-01
1.016864547640591532e+00
1.004254416600547151e+00
1.002256877010968994e+00
9.890646612108664470e-01
1.001870907492689478e+00
1.008765120389058856e+00
1.005848064651052143e+00
9.884761285775192086e-01
9.817629606880614590e-01
1.001732956550456466e+00
1.004491397651584128e+00
1.012163061543064346e+00
9.960070185980650637e-01
1.007273324288989302e+00
9.991441328203278793e-01
9.930602448859083831e-01
1.006096826173263237e+00
1.001057076983617122e+00
1.012882715050726468e+00
1.015254850481892346e+00
9.936794078397401808e-01
1.010577071173211161e+00
9.925088878259263891e-01
9.950095435793961940e-01
1.002705763215872015e+00
1.002316573347095563e+00
1.017136095321170330e+00
9.970943737132739182e-01
9.836657428031475581e-01
9.950943133403320484e-01
9.988149451918176824e-01
1.003833903327767230e+00
9.862681172834701915e-01
1.012263069183875652e+00
9.786602063762943615e-01
1.012012365254133517e+00
9.946143122004669213e-01
1.004421400010378385e+00
1.004881011309011862e+00
1.004973830136435708e+00
9.881425339144788156e-01
9.942579723570377226e-01
1.008473741897796705e+00
9.895201908782084166e-01
1.006430143508620478e+00
1.004393097632001686e+00
9.918753708530346769e-01
9.901003067597475837e-01
1.009077157565332783e+00
9.933071531854993363e-01
1.016376600693181143e+00
1.010933575061690126e+00
9.820160259455532614e-01
9.908132589532717693e-01
9.793359977086462109e-01
1.002377368743373687e+00
9.962355042648900483e-01
9.949746326539201657e-01
9.892286802564628223e-01
9.972288987877380162e-01
1.011268489151636141e+00
1.014781890453007485e+00
9.974675011595413032e-01
9.932499034697488405e-01
9.884172207784392983e-01
9.848342514223663580e-01
1.004373844583210884e+00
1.001202578685030486e+00
9.904057102012558955e-01
1.001407259757859602e+00
1.015388926625097943e+00
1.001886934013600072e+00
9.826692017436775561e-01
9.971156035811963303e-01
9.852210413529000066e-01
9.889452511724816652e-01
1.002620400920517518e+00
1.017073094397651145e+00
9.882859971680132416e-01
1.004991902772935708e+00
1.003098810596545931e+00
1.000097687477599973e+00
9.907948228722825990e-01
1.017283533748119417e+00
9.866701573071645637e-01
1.001477846282692985e+00
9.999968622304138410e-01
1.010452951019949586e+00
1.000309802994968633e+00
1.007151179301215782e+00
9.959878668617155872e-01
9.992057189615192181e-01
9.828306784324047918e-01
9.955572341148513082e-01
9.978485367551374052e-01
1.004916932505985461e+00
9.874073637842147866e-01
9.893289208858835337e-01
9.941379589454475418e-01
1.015615017005555787e+00
9.989906988271951560e-01
9.899724801397272733e-01
1.005786060723649511e+00
1.019163587040641250e+00
1.012673995885879918e+00
1.001454114905613313e+00
9.979240179478818806e-01
1.004815121011015888e+00
1.009910575482328987e+00
1.002563045311258616e+00
1.013811737287006132e+00
9.976074999685429212e-01
1.007512481326502618e+00
1.001743273653868727e+00
9.990600932038133930e-01
1.003882274885081083e+00
9.966844760251203361e-01
1.008028514811727838e+00
1.007367904349251386e+00
9.945984614131511137e-01
9.968325312639338964e-01
9.964078682394601483e-01
9.938119770004418818e-01
9.966966742032602466e-01
9.871037455494178214e-01
9.929117748435456470e-01
9.985169141958681882e-01
9.979910668963024589e-01
1.017547531110664316e+00
1.008327824859774680e+00
9.923681889506300591e-01
9.888463545077695871e-01
1.001972816084826023e+00
1.016402048178677520e+00
9.905253273594011310e-01
9.863555343333414438e-01
9.983521323691885163e-01
1.003003968153511671e+00
1.000223740661423166e+00
1.004506466935462639e+00
1.011036934650418218e+00
9.886853440121817771e-01
1.005823509600280996e+00
9.894120659190350775e-01
9.927728487131645130e-01
9.979992469284337808e-01
1.000624453843082406e+00
1.008362359400153174e+00
1.011221448860820882e+00
1.024976925351815726e+00
9.985458007440665140e-01
1.020747828122846590e+00
1.009934181809351239e+00
9.972148473227737675e-01
1.012101369836757359e+00
1.003935306229814639e+00
1.004817921281805582e+00
9.926778523383780195e-01
9.808835824557526895e-01
1.011150090453349248e+00
9.977539595618655222e-01
1.006611402792209065e+00
9.967856509609378524e-01
9.898746271703550148e-01
9.989211706609488761e-01
9.754909369678071984e-01
1.025200011369814757e+00
9.889896982040103923e-01
1.003589202142874059e+00
9.956199980427288265e-01
1.006999280158991983e+00
1.002664055317329828e+00
9.933892763722746988e-01
9.926299673905037979e-01
1.000670529722492041e+00
1.010221557584362495e+00
1.005040823731085942e+00
1.001602399052206493e+00
9.931379666687923935e-01
1.003394852178708607e+00
1.001872595644883734e+00
9.983878558803408465e-01
9.973627056436138449e-01
1.004186645910026821e+00
9.906400627780984625e-01
1.012584837805909910e+00
9.990131070625143384e-01
1.002151346400090182e+00
9.981226606481594654e-01
1.008736588415962254e+00
9.951487333901513077e-01
9.990812172785136225e-01
9.984374915272427042e-01
9.978316095175391309e-01
9.934735204495253047e-01
9.877755603953862762e-01
9.839504591666654587e-01
1.001988321690296280e+00
1.003726342493109103e+00
1.006767509819779693e+00
9.998650141906659794e-01
1.001543730413995359e+00
9.874997532355697105e-01
1.014696388925997894e+00
1.002413102814158963e+00
9.989415251391522421e-01
1.000152793573380272e+00
1.002356965099872488e+00
9.968937799639147057e-01
9.935900933629897569e-01
1.005964739803395069e+00
9.952925423757822410e-01
1.012825453630785022e+00
9.997190109802842617e-01
9.847067050512091635e-01
9.953240516256069981e-01
9.960366803597290319e-01
9.896749530939218387e-01
1.000771561561473177e+00
9.836963277155036378e-01
1.014022854164183807e+00
1.010578273224313151e+00
1.001204731570330964e+00
9.973673772845057517e-01
1.002249573430104901e+00
1.023587215421537522e+00
1.004518036499244538e+00
9.903365236639450897e-01
9.987458751908068200e-01
1.005504244521790325e+00
9.852512210915459478e-01
9.965752980104053416e-01
9.983211743834994323e-01
1.006186184260250638e+00
9.883843986289569949e-01
1.003537383198991106e+00
1.012261559841919567e+00
1.011176127201179886e+00
1.001023134632049283e+00
9.941707550712386432e-01
1.000924431149697202e+00
1.000543552740431608e+00
9.888079542747212347e-01
1.007625188682139683e+00
9.940011127942317559e-01
9.996109306333894606e-01
9.906394782657267362e-01
1.001536446486166465e+00
1.003281505222202608e+00
1.002214188261999928e+00
9.952329388459492110e-01
9.881120011016034654e-01
1.020567948220088894e+00
1.002468694298182417e+00
1.009417046826060815e+00
9.958847509155297484e-01
1.002736808641723210e+00
9.933524886335001192e-01
1.005468621651780969e+00
1.023880160425590491e+00
9.998621638776822307e-01
9.943395461233646149e-01
1.002101834173885875e+00
1.003837618472340765e+00
1.007800667690838869e+00
9.775857175152814493e-01
1.003401259721460326e+00
1.006924629551370520e+00
1.014107461776670993e+00
9.996548154976442335e-01
9.927312339712871525e-01
1.006186062377776080e+00
1.007987313195560786e+00
9.873351286676187444e-01
1.000439850640126416e+00
1.002060307274691420e+00
9.925089464764225156e-01
9.971076365167287348e-01
9.978733262255023995e-01
1.005926206051183991e+00
9.963267731751624945e-01
9.962905106370084640e-01
9.898258901049766800e-01
9.932642439037306925e-01
9.844980845652012702e-01
9.973650256439834383e-01
9.890233776731933713e-01
9.851872113040462953e-01
9.883243892304778289e-01
1.010436454221458114e+00
1.011039175295480819e+00
1.003375733019478133e+00
1.001448753840776584e+00
9.965451645553954352e-01
9.893495635716299530e-01
9.918251608448884760e-01
9.814485262283014766e-01
9.932085265108333560e-01
1.011721075292140171e+00
9.929728043168526419e-01
9.884143747357007070e-01
1.000175767383617575e+00
9.953617567045547343e-01
9.895250320026881541e-01
1.006638776596350038e+00
9.821776915648146034e-01
9.785201665684616357e-01
1.012753627779645615e+00
1.017530635630667035e+00
1.001529910852253735e+00
1.006278550778353376e+00
1.020201880682939599e+00
1.019509982973938467e+00
9.873668989056387790e-01
1.011211364751578135e+00
9.719339991308147964e-01
1.005359710627153680e+00
1.007597765309054871e+00
1.003261660523571130e+00
9.919441701736050332e-01
9.965942766611151082e-01
9.807843941957820055e-01
1.005871046285917281e+00
1.000066651962416397e+00
1.002318135181609948e+00
1.017009333554143469e+00
9.952720387067368613e-01
9.969108628565688246e-01
1.015035327595563253e+00
9.982968868021401265e-01
1.021215562608281946e+00
9.901423625531247108e-01
9.829214786734606912e-01
1.016682042936133845e+00
9.822154960156881387e-01
1.012841764476576589e+00
9.843400745848206457e-01
9.954482478678686741e-01
9.962926539591911990e-01
1.000154044398117836e+00
1.011271933806714873e+00
1.016496883942471952e+00
9.956073838101453521e-01
9.970415670918255646e-01
1.003873917480689881e+00
1.001822152190033455e+00
9.887525793102253102e-01
1.000486971278007342e+00
1.009714163859240843e+00
9.832574765863631994e-01
1.013817230995574858e+00
9.979094854770778067e-01
9.999874016393219822e-01
1.005323039076849501e+00
9.932275583775170835e-01
1.003557225749203363e+00
9.911591747750051473e-01
1.000069412459879015e+00
9.902059723175425932e-01
1.002750715854930030e+00
1.004069958095857862e+00
9.760335090415440673e-01
9.924685703872205833e-01
1.015651932717669848e+00
9.764416430683828807e-01
1.009590051728792348e+00
1.023841524868814856e+00
1.001860345600595226e+00
9.957899707144561852e-01
1.010424908745542361e+00
9.982484632184471796e-01
1.011834888965238655e+00
9.806006850842937661e-01
1.002949427720317255e+00
9.802573531270245555e-01
1.014251625353555397e+00
9.811248210317209395e-01
1.007235256438152815e+00
1.001905460367613632e+00
9.996615214524674498e-01
1.009095084386569807e+00
1.006278101012733073e+00
1.008772666372248938e+00
1.000118796758883821e+00
1.017849000749923016e+00
9.995308507181750457e-01
1.001896468193740120e+00
9.874781608483262918e-01
9.921934869091215692e-01
9.940088448755035611e-01
9.985774811457839295e-01
1.005611694325110106e+00
9.906299769987239046e-01
1.017119192603040956e+00
1.017649476513242002e+00
1.008052270592576516e+00
9.986947946482601646e-01
1.012018838875317961e+00
9.986277825236795636e-01
9.857386260191327576e-01
9.911287653722995472e-01
1.003274479269142816e+00
1.007384756002646986e+00
1.016529501959706927e+00
1.019584675514879413e+00
9.930159513990933773e-01
1.001286036569430493e+00
9.908700625778928961e-01
9.976361336308169347e-01
1.009484414065478397e+00
1.002307990925251913e+00
1.008672598972853773e+00
9.938615545582732969e-01
1.009969897799155358e+00
1.002151515645694158e+00
9.989538500857133574e-01
9.900715489852578433e-01
1.003371146834651784e+00
9.996234466282891695e-01
1.005079438971304695e+00
9.981422577067636803e-01
9.848641467049619180e-01
9.849617270293359317e-01
1.015552276742912818e+00
1.031577355800613160e+00
1.005865089896426534e+00
1.009428393939013180e+00
9.832455960703825326e-01
9.813763120578895549e-01
9.833719001729714915e-01
9.950594012006338529e-01
1.016091795131648823e+00
9.842906001746255518e-01
9.980548492264050831e-01
9.963454972863610148e-01
9.946180401727192644e-01
1.000716281513480688e+00
1.010473119404668774e+00
9.991987636266013162e-01
9.963444981049166538e-01
9.936081322956005213e-01
1.013962187252996028e+00
1.004799031494088224e+00
9.925965768580700122e-01
9.946340747500522772e-01
9.957729165147344297e-01
9.959581182262228216e-01
9.997957187774566545e-01
9.851175658924559153e-01
1.000004000721773201e+00
1.038619617189158850e+00
9.918311943786335405e-01
1.007740270774958313e+00
9.864100754440894292e-01
9.918828441428020337e-01
1.009929223395472420e+00
1.006034698141665018e+00
1.017244517558585581e+00
1.001038053934037997e+00
9.957262359198504331e-01
1.007717124328227465e+00
1.004499960024475502e+00
1.008617638109494674e+00
9.910910824224097304e-01
1.006222271135059909e+00
1.017916215965235960e+00
1.004602086018418383e+00
1.017577343103289511e+00
1.001027142628349020e+00
9.730228861787764139e-01
9.898741059749108784e-01
1.001293274985813664e+00
9.897489407480675183e-01
9.896999053634834009e-01
1.002881337521930094e+00
9.806261343330601177e-01
9.971635649563027615e-01
1.010839034494493749e+00
9.945785667724509338e-01
1.011444013690172339e+00
1.008527080931615583e+00
9.963215014546756843e-01
1.008352577554912477e+00
1.018827965656101453e+00
9.781931942889883214e-01
9.988269938343278254e-01
9.924239491829474069e-01
9.847476499534048022e-01
1.009717238599346478e+00
9.962754395303775601e-01
9.817191603356408836e-01
9.999839846719060787e-01
9.924405903805189055e-01
9.931058786607115385e-01
1.004553387140971088e+00
1.003894749835885669e+00
9.962587085296414902e-01
9.996047690806530994e-01
9.983356501550674222e-01
1.015234051046789210e+00
9.852125162893210497e-01
9.821522247713242448e-01
9.903440540833021721e-01
9.881295032662059663e-01
9.989851600064914017e-01
1.006470718133441800e+00
9.993263896405869540e-01
1.013507866905949628e+00
9.964745438983532155e-01
1.006976367697545394e+00
9.929708826377928732e-01
1.016702761289591139e+00
1.000455915351433411e+00
1.004938410061142262e+00
1.011588319995787355e+00
1.002140588010494548e+00
9.962354702340356916e-01
1.000503621216434658e+00
1.000821590971300523e+00
1.002339551848610455e+00
9.970990125933993919e-01
9.896594604550060792e-01
9.951310780511527510e-01
9.927631717740880157e-01
1.002165737556931280e+00
9.664597149207632132e-01
9.963906675283090708e-01
1.002990795110996203e+00
9.890116471252600183e-01
1.009242133108125161e+00
9.966552123756141635e-01
9.933936599172479287e-01
1.004612088784548218e+00
9.999477169912799335e-01
9.930697631578510043e-01
1.002867237595703953e+00
9.953269626257387204e-01
1.022210122249823439e+00
9.956440009987436168e-01
1.003184190369356577e+00
9.871121291425439814e-01
9.948531290133235672e-01
9.778227982519419603e-01
1.002422415318009241e+00
9.808508202375685325e-01
1.000159968124778365e+00
1.000230501725343446e+00
9.887143808718471538e-01
9.998744488929867114e-01
9.849259179941335374e-01
9.831269581473808250e-01
1.007518376405559524e+00
1.004437258453015236e+00
1.010376146410776110e+00
1.001704733713128626e+00
9.992388114169181712e-01
1.002919799178659588e+00
9.944872827290334172e-01
9.910789645154843841e-01
1.002225414124852998e+00
9.921851173563139836e-01
9.855706937713625271e-01
9.995089022111534049e-01
9.880141467564843571e-01
9.782041350514677491e-01
1.004675265119144623e+00
1.008532150792606386e+00
1.007597276457175672e+00
1.003592710276119737e+00
9.986994362886560950e-01
9.954440035702261103e-01
9.902168422115966706e-01
1.011543595595394418e+00
9.928935536784397886e-01
1.003458110049634699e+00
1.009727240608060628e+00
9.989087402459740916e-01
1.004780367353038661e+00
1.006556774658488695e+00
9.836289693968804926e-01
9.854082670101250718e-01
9.803629157001965133e-01
9.907740999792454817e-01
9.967228539463972581e-01
1.002286479594028723e+00
1.004277341728292638e+00
1.002177272785312434e+00
9.903634828624076070e-01
1.009382235132279426e+00
1.010726078063120204e+00
1.003097628998910640e+00
9.922882114806543807e-01
1.012615748316751940e+00
1.007151124711960000e+00
9.905374155343689146e-01
9.923762628268649744e-01
1.009738282393137343e+00
1.007939210436141542e+00
9.965055958290813809e-01
9.948057125083918928e-01
9.985178422841688439e-01
9.953180224546576138e-01
9.982640241235305467e-01
1.001671220566010989e+00
9.992399475363838990e-01
1.001447787979964366e+00
9.960154354331340887e-01
9.910164675015785685e-01
9.913457933392169075e-01
1.010734311946943853e+00
1.008110580807519918e+00
1.004535880334313180e+00
1.005604740557841659e+00
9.998208158143443436e-01
9.814186623707035206e-01
9.981263465292553594e-01
9.896892407871500374e-01
1.014633159091594683e+00
9.959670681172145823e-01
1.010175773603292138e+00
9.805446530342554201e-01
1.009077361703608178e+00
1.014264359734041054e+00
1.012976488658358099e+00
1.008553841429433273e+00
1.000348207297204972e+00
9.951085725522236247e-01
1.008408956425541403e+00
1.014770202011433531e+00
1.001141887235177386e+00
1.004821952020945375e+00
1.010579262100113729e+00
9.844246973543163692e-01
9.957553159886143312e-01
1.006489876043953569e+00
1.005866838915882244e+00
9.936961958843895104e-01
1.004976090943201950e+00
1.009926749665565282e+00
9.880481469443798126e-01
1.005434857123050696e+00
9.868606423440164921e-01
1.011790374103111345e+00
1.002106830574835739e+00
1.002401154607611033e+00
1.002492120994484814e+00
1.008680300644511973e+00
1.015143598985450257e+00
9.943035362948480227e-01
1.002063691033638904e+00
1.008424416852715888e+00
9.947430129780664432e-01
1.011492375350166117e+00
9.944552878877538360e-01
1.006964685719700547e+00
9.888941906096697654e-01
9.995102342754684788e-01
1.001312646405318585e+00
9.958262094668016706e-01
9.921510693333138731e-01
1.015953758355391923e+00
1.010791472923690648e+00
9.963132316698922741e-01
9.999019981604705398e-01
1.007984167425692634e+00
1.009144248309870040e+00
9.837886898015993919e-01
1.000659163109296257e+00
9.986995055159942902e-01
1.000122958220214020e+00
1.016562878817123927e+00
1.004495851883191015e+00
1.003245330332845686e+00
1.014338771972956188e+00
9.942332678743784902e-01
9.950134558201629842e-01
1.013443335423117375e+00
1.019433388683874231e+00
1.000777274817916673e+00
9.988502783375876604e-01
9.982448660613323366e-01
9.952660826320123277e-01
1.005297021482097097e+00
9.877585394811548847e-01
1.004486612715404403e+00
1.002069899729250979e+00
9.956149296102823065e-01
9.946840324053928262e-01
1.001542279920572209e+00
9.966329432793544774e-01
9.956904708258789150e-01
9.958807218302107023e-01
9.923481854564969451e-01
9.994679321724339038e-01
9.922713737337921502e-01
9.818825017319409154e-01
1.011068632506292753e+00
9.963350774969200740e-01
1.010286558754484032e+00
1.010146798779046895e+00
9.980317405032419487e-01
9.862186809947143251e-01
9.989025248091868425e-01
1.007922394816002765e+00
1.000129598586237067e+00
1.008433535189916519e+00
1.009180287576679769e+00
1.019016310005552706e+00
1.009485877952843058e+00
1.015315287396815869e+00
1.015910070116895936e+00
1.000777406037525630e+00
9.742191279159079231e-01
1.010784386735704921e+00
9.949775509641179960e-01
1.005494852809582618e+00
1.004408147592051215e+00
1.001404900069625237e+00
1.012996019150744553e+00
9.902632745601295250e-01
9.963739625734845395e-01
1.010296517266406013e+00
9.951000583509610475e-01
1.001597939577820506e+00
1.002136465824135847e+00
9.943138511171653038e-01
1.011605200060444520e+00
1.008658464823389833e+00
1.011134916866198052e+00
1.018911466343028760e+00
1.002354041726006395e+00
9.967444381250474272e-01
1.000482884120917682e+00
1.009463846976453416e+00
9.994383508614119727e-01
1.006157875322788664e+00
9.986733940594511028e-01
9.966118170383312380e-01
1.006933395117373120e+00
1.003978565979504411e+00
9.918674359673314012e-01
9.929639690546552266e-01
9.961082704613374306e-01
9.943043349263769315e-01
1.005071577766867286e+00
1.000779491807264776e+00
1.008259663332965461e+00
9.916982791482965576e-01
1.014729658869287343e+00
1.016711541436800204e+00
9.931321685044912639e-01
1.009145770947368126e+00
9.867165840018107259e-01
9.958884085238874917e-01
1.001005639676796344e+00
9.891715978474172610e-01
1.003659347934476420e+00
1.003128106449007406e+00
1.014613833499833584e+00
1.006150075679862921e+00
9.976696580760231470e-01
1.002425987572608479e+00
1.023611341838176703e+00
1.005468665587617272e+00
1.016324844114580683e+00
1.002125189431996466e+00
1.002038309244016601e+00
9.893347047740246314e-01
1.002973686062978542e+00
1.001016789064437917e+00
9.965328292956809886e-01
1.005644023255378494e+00
1.009511101627011076e+00
9.943755279633554878e-01
9.979419799732297536e-01
9.914024365023750285e-01
1.002559332969164663e+00
9.969931916612657652e-01
1.011827524657985089e+00
9.647775015504189700e-01
1.010849069588129145e+00
9.916684966054929440e-01
9.937833384882100995e-01
9.963769302499934089e-01
1.017675807297045099e+00
1.005479340695148993e+00
1.002858498041023561e+00
9.975965693008805868e-01
9.827539439491946860e-01
1.001918493555177481e+00
1.018942705579659602e+00
9.954940408416040887e-01
9.867009455928315020e-01
9.974524593707325693e-01
1.011359270623947371e+00
1.010887387261989012e+00
9.811057048014713011e-01
1.005294759224567569e+00
1.003751798604165524e+00
1.015479853498775453e+00
9.905465903194937693e-01
1.002498491743980535e+00
1.001946570183639196e+00
1.006523859348862127e+00
1.005208560440784549e+00
9.967541944083018191e-01
1.005621719447963969e+00
1.002369575094667509e+00
9.953001176342813894e-01
9.944412943885386769e-01
9.969088278884368215e-01
1.003324373006986736e+00
1.010650186727970468e+00
9.953422186898872592e-01
1.003545111014263247e+00
9.933301431700980455e-01
1.008099420998469720e+00
1.003290642834057778e+00
1.009580879542305576e+00
9.947949808435193608e-01
9.841801362801129160e-01
1.016135849070511021e+00
9.899207760372192855e-01
9.927457978001380523e-01
1.005795180101167308e+00
1.024467776540272768e+00
1.009549461547179394e+00
1.010187612213761632e+00
1.005337053021954308e+00
1.001844153985685715e+00
1.001594349472369139e+00
1.003800498433747634e+00
9.986301890931780223e-01
1.004473913356636938e+00
9.926226885694855451e-01
1.001537898539251570e+00
9.973752499623941281e-01
1.001487896582186954e+00
9.939883014925856575e-01
1.008424472866221722e+00
9.916693674184114959e-01
9.950431514372765074e-01
1.008803268895951621e+00
9.878722310543339713e-01
9.846355556435120171e-01
1.015669884493537456e+00
1.012054892832793485e+00
1.000188230907225195e+00
1.014019311062809070e+00
9.816898245501307629e-01
9.974163578113391937e-01
1.011385194141024790e+00
1.002463067236940786e+00
1.001923844137484920e+00
9.766477221340781334e-01
9.905364248619317191e-01
9.910437482003996434e-01
9.910060592091303189e-01
9.918736045595457629e-01
9.823878632248601583e-01
1.003371440054083630e+00
1.009656023013127069e+00
9.962962548279149511e-01
1.001139411954150571e+00
1.018503146758761746e+00
9.853513231672667017e-01
9.832452453188884611e-01
1.013746191494482529e+00
9.865460205283965722e-01
9.821742467580263369e-01
1.015324232221313405e+00
9.797884080673615603e-01
9.974403863821411642e-01
9.905109497163723242e-01
1.003323971962764904e+00
1.009019270220180564e+00
1.026538498425327628e+00
1.015847571278992278e+00
9.924992543895364561e-01
1.009559560442200077e+00
1.014099927638431042e+00
1.015736675432907132e+00
9.979017919793189417e-01
1.007303335534817101e+00
1.005602024033199315e+00
9.943952962729224465e-01
9.987672421864177696e-01
9.881982136722756715e-01
1.001862866148890641e+00
9.976670798403516338e-01
9.971467999265705151e-01
1.005223503512302274e+00
1.006366409420758501e+00
1.005692061972088158e+00
1.007588675229430519e+00
9.856828369073358243e-01
9.804481216101728069e-01
1.001152816971587312e+00
9.933427028414416604e-01
9.886180661279019288e-01
1.002812366347004325e+00
9.883538661869541997e-01
1.004505731533542390e+00
1.006751502457526870e+00
1.002931962530377419e+00
9.985890100675097747e-01
1.012131625035902927e+00
1.001079607316667452e+00
9.990581934277397158e-01
9.928191038024885007e-01
9.794369799486974948e-01
1.001508664199992626e+00
9.963260577170718335e-01
1.005064961146300284e+00
1.003922316382283908e+00
1.017949006873419604e+00
1.008107676154646137e+00
9.959278596225791258e-01
1.001752523635621950e+00
9.980362690503428169e-01
9.812871887072478483e-01
9.912170724205602301e-01
9.993273943441154383e-01
9.984278021612015275e-01
9.982581529089007422e-01
9.916778504176040343e-01
1.002063880338651902e+00
1.004607610099654158e+00
1.011259726009437809e+00
1.010784582735599679e+00
9.984354223137467121e-01
9.994342890168111948e-01
9.930642196750393280e-01
9.892655738608194804e-01
1.006192013554057629e+00
1.009307057052695189e+00
9.928995784843966943e-01
1.004785037501884526e+00
1.003894924577378278e+00
1.032172426231848794e+00
9.874795672166207794e-01
1.008535395221104025e+00
1.009617233500349487e+00
9.848273716979197845e-01
9.982862641785780200e-01
1.009940520839655687e+00
9.993170697900848332e-01
1.001667965435420360e+00
1.013151232669816659e+00
9.858139234814889962e-01
9.924452306707701732e-01
1.004481341593336019e+00
1.000228299996062553e+00
9.744546051485567517e-01
1.016407299404062270e+00
9.996977778072693166e-01
1.008823485882579085e+00
9.872699666343558444e-01
9.844639898237976805e-01
9.955918061315393031e-01
9.980974573884621170e-01
1.003746038453724232e+00
1.009568450942331275e+00
9.825801836634235897e-01
9.826942382870214043e-01
9.857825592525810698e-01
1.010299999671683491e+00
1.004588124240705982e+00
1.006453286739926511e+00
9.999477820894414615e-01
1.001195621638471867e+00
1.007328152916784569e+00
1.001149560493763024e+00
9.929672725295678459e-01
1.010443864331582731e+00
1.002999728114422728e+00
1.007394822138729884e+00
9.982098636369552969e-01
1.022426685426175430e+00
1.003710199479245224e+00
1.004307519466567600e+00
9.976889116645099032e-01
1.005471805934373686e+00
9.963984039124694769e-01
9.876175160593050339e-01
9.968758211543383707e-01
9.963795533802490834e-01
1.009959658100527014e+00
9.978235490284093068e-01
9.785017649980423116e-01
1.003013606386584655e+00
1.000528441910910837e+00
1.016133067736250783e+00
1.001144169420884689e+00
9.895755569878755820e-01
9.968134738399443417e-01
9.918289186039001004e-01
1.005396597723977603e+00
1.003047186998577756e+00
1.001057100796252319e+00
1.002156613884575442e+00
9.987007290716799490e-01
1.000513118445896188e+00
1.000192395489180042e+00
1.004486129042879261e+00
9.962553598803745025e-01
1.005405437754330444e+00
9.925854696667524291e-01
9.885874513263278596e-01
9.969036681574922065e-01
9.774242035121526451e-01
1.011053917800685653e+00
1.004485728160905644e+00
9.883326628281927650e-01
1.007062007840319406e+00
1.008204137504575382e+00
9.997065457902605257e-01
1.012931183136909219e+00
1.002016077857538434e+00
1.011877108853898255e+00
9.946389251082724536e-01
9.912655443185393045e-01
1.015627522773344227e+00
1.005732682806715239e+00
1.001319256020605453e+00
1.000813155788844888e+00
1.000726700540594871e+00
9.904693213817056252e-01
9.875911951844374981e-01
9.885598520279172963e-01
1.011445237789106111e+00
1.020364873355535051e+00
9.830741574725399001e-01
1.015142092233196403e+00
1.004825489119617332e+00
1.000964994180141732e+00
1.013280688952425956e+00
1.018473248031770861e+00
9.992191259892080346e-01
9.990060827798629139e-01
9.940801677454026430e-01
9.934158001350206213e-01
9.907157705379876500e-01
1.020923319186361145e+00
1.017240365115257061e+00
1.001269698679675635e+00
1.008158459438733834e+00
1.002395041927087282e+00
1.001589366178091245e+00
9.977956573722016609e-01
1.005190755657184409e+00
1.011527705496602092e+00
9.960316920155575238e-01
1.006175917213733673e+00
1.000222784334762860e+00
9.894241278505218062e-01
9.959514229338939373e-01
1.005177774194755180e+00
1.020631133143759639e+00
1.010788277069995189e+00
9.869519428243828107e-01
1.003150726510319668e+00
1.006145547906249105e+00
1.022644456528606582e+00
9.956195320721523689e-01
1.008490058554092128e+00
9.927836087530198528e-01
9.984269730026520406e-01
9.977206329421555164e-01
9.986326091065230726e-01
1.008031943089114701e+00
9.974826043856401814e-01
1.009025630612454538e+00
9.877602944037341404e-01
9.957810555826681620e-01
1.022882781345130665e+00
1.025015870922934669e+00
9.975129764769076202e-01
1.012787271672173084e+00
9.965895444501881029e-01
1.008937289356606870e+00
1.002004660602572317e+00
1.006161756972460353e+00
1.008050882154331473e+00
9.916660129831903481e-01
9.914327802981484083e-01
9.937887288278807185e-01
9.867276425592543809e-01
1.011671680248986238e+00
1.020789506598831942e+00
1.002178427743716460e+00
1.005135850631146965e+00
9.965493327095542586e-01
1.000521142777397454e+00
1.002274917031727108e+00
1.004459941449545868e+00
1.009531092037686761e+00
9.967987534364081137e-01
9.915834067837570043e-01
9.958726305047811422e-01
1.004559416673639793e+00
9.960613579170642939e-01
1.013701083599000352e+00
1.002321009192513657e+00
9.987692203526159496e-01
1.006759626163501897e+00
9.992435355280764320e-01
9.813480979271925753e-01
1.020717601532427077e+00
1.004280795138647209e+00
9.995461257517584963e-01
1.000785081732599613e+00
1.000225639529974675e+00
9.984254646978786285e-01
1.007886588936313998e+00
1.006418852204829850e+00
9.919621900699012729e-01
1.011279103859977990e+00
9.779798427734963662e-01
9.903804065706138804e-01
1.004994722794324336e+00
9.857729007585378511e-01
9.990578263086966615e-01
1.017061167465636906e+00
1.001769673487778567e+00
1.001430595294156012e+00
1.017719287657338212e+00
9.874205210163690127e-01
1.006795031067148960e+00
9.938341113347802791e-01
1.007486629167651193e+00
1.005069315597768353e+00
9.941164662659969231e-01
1.005477031366332152e+00
1.003473263969158813e+00
1.009768639706382753e+00
1.000081412235126255e+00
9.980637191604299074e-01
9.873053688593318444e-01
9.966832926184984176e-01
9.971934017019171703e-01
1.006419094750371501e+00
9.977747497789298814e-01
9.982969368448835201e-01
1.024334202366339763e+00
9.857971774403512244e-01
1.014877697802170964e+00
9.928926915932778652e-01
1.007902632804874354e+00
9.977708903619230130e-01
9.861015712453424786e-01
9.976483387433763284e-01
9.989696946974171432e-01
9.918213767942553050e-01
1.003287552566257457e+00
9.916146960913984065e-01
1.012144807201866614e+00
9.956856538141355406e-01
9.992669210581009986e-01
9.750593095839467095e-01
9.985806075854150032e-01
9.982655722195666881e-01
1.002703289431885469e+00
9.996100795134733596e-01
1.000678889374270852e+00
9.980726804690013276e-01
1.007046456753414088e+00
9.827733231182921303e-01
1.000697078899720038e+00
1.005341073748687641e+00
9.965060960722897931e-01
1.011358236713965297e+00
9.917844940837937662e-01
9.933028355471470450e-01
1.002261434863828349e+00
1.015868199987387088e+00
9.930708265768576348e-01
9.851959257086813082e-01
9.941345315471624700e-01
1.001965728621802443e+00
9.960018022315856312e-01
9.962992452476475691e-01
9.983235835570712924e-01
1.014354716823480995e+00
1.010713449943555942e+00
1.006578803401716904e+00
9.864421990752441083e-01
9.954768747916813432e-01
9.952912845654722229e-01
9.994964424067023234e-01
1.000309664936468890e+00
1.021052572753170518e+00
1.007078110349744371e+00
9.983812910383733641e-01
1.013243572804103154e+00
1.010513157559973507e+00
1.004168829396451912e+00
9.908178990197441527e-01
9.925616274936949202e-01
1.000717846767294139e+00
9.962108390880068942e-01
9.854850341072061148e-01
9.922940767926397010e-01
9.950411519757990098e-01
1.011183386460030365e+00
9.987054369913426211e-01
9.758480748664356552e-01
1.005111418323389794e+00
9.989466451792486934e-01
1.002497058628447624e+00
1.006824027977615499e+00
1.010439811829811019e+00
9.907493138911992459e-01
1.016016229573564633e+00
1.001730461938507233e+00
9.931287353563755804e-01
1.005973959046773114e+00
1.008408499392563273e+00
1.008007929991898033e+00
9.956652485640808958e-01
1.001617250160674377e+00
9.941551242122443899e-01
9.996915983187236732e-01
9.795029813709398292e-01
1.010300141232191251e+00
9.961521056488265025e-01
1.007496020013549431e+00
1.004765765706628899e+00
9.742751722166054229e-01
9.904173215759279891e-01
9.863724699955926933e-01
1.007729775716271980e+00
1.005721985805150931e+00
9.978361046566558423e-01
1.009409168337048746e+00
1.008952682058145811e+00
1.008869041920415821e+00
1.008678278591969679e+00
1.004077243185561130e+00
1.007445509149323293e+00
1.005053116688964021e+00
9.939246830510465314e-01
1.021514740839366775e+00
9.937465048044772375e-01
1.003390702738808482e+00
9.938024432238979911e-01
9.995461726955422455e-01
1.002834448681834134e+00
1.001161422069410500e+00
1.007341126076531923e+00
1.002785593124975838e+00
1.012432503146843965e+00
1.006492205740099788e+00
1.014199914078005804e+00
9.942414108566905995e-01
1.016013557520906829e+00
9.979679673533238260e-01
1.008945503767487040e+00
1.008334937239550699e+00
1.017203046682960910e+00
1.004319248629051087e+00
1.004472489628912113e+00
1.000320046161800702e+00
9.936693021986755525e-01
1.001503554765373005e+00
1.013260160295290868e+00
1.002290873665590443e+00
1.004841047429297030e+00
9.996567671102639663e-01
9.879502363404769616e-01
9.947477253328927960e-01
1.005814688879642871e+00
1.011288522735102280e+00
9.750560516916599862e-01
9.987711135511830873e-01
9.958340030477829119e-01
9.980385131422310208e-01
1.021482524841164086e+00
1.015044881325842807e+00
1.008318218544578926e+00
9.901562203826793640e-01
9.963033266280144629e-01
1.009028015048235360e+00
9.976088817309834988e-01
9.881530874520416674e-01
9.856707660979219243e-01
1.001419629247234599e+00
9.998518701020525645e-01
1.001444701620900712e+00
9.882137813295470696e-01
1.010479978322278649e+00
1.003352287436493739e+00
1.005007972760821211e+00
9.921070024490560302e-01
1.001283460869585085e+00
1.005863532840244101e+00
9.984548741659424742e-01
9.905545400058509697e-01
1.003666614267766599e+00
1.003081805942960036e+00
9.946800352258977629e-01
9.768284845362404933e-01
1.007099336509214682e+00
1.011849270408979207e+00
1.018141273556728121e+00
9.972492324221349236e-01
9.962024137147917902e-01
9.986432267386823325e-01
9.975170775438758630e-01
1.005409353419523866e+00
1.000828051979189448e+00
1.013283403334266142e+00
9.991068248485673875e-01
9.978803292211186893e-01
1.017156636935097502e+00
9.756691156667791631e-01
9.912541981330106333e-01
1.000524288142879081e+00
9.979882226013869762e-01
1.003897083525275846e+00
1.003274188915724396e+00
9.984372207099044827e-01
1.001205788640981309e+00
9.770897221422877310e-01
9.941115698064119099e-01
9.884675211860668442e-01
9.996854100533507648e-01
9.973904828538366907e-01
1.004998555316474640e+00
1.020954003708175684e+00
1.011769327291860865e+00
1.006967616963595047e+00
1.001649353123731157e+00
9.950408087824362813e-01
9.916450565084167224e-01
9.845520307277576544e-01
1.008985522204006946e+00
1.007350865797383532e+00
1.006285327368361626e+00
1.001024556973929336e+00
9.990044416093409874e-01
1.013753352602803748e+00
9.983593553370221363e-01
1.010338850412535461e+00
9.924521077062812280e-01
1.000786064784950691e+00
1.009168709580343437e+00
9.800626180463605230e-01
9.911711833088363566e-01
9.926641067460224566e-01
1.000721092138371571e+00
9.928983308578397393e-01
9.966475386058833985e-01
1.007330136349013028e+00
1.000548664022076872e+00
1.006326413627820937e+00
1.011083627494430592e+00
9.987455790030150826e-01
1.011041741405406480e+00
9.925545015842316410e-01
1.001094960786743870e+00
1.001936457955426629e+00
1.010904649521485066e+00
9.738236462322015230e-01
9.829753183198601807e-01
1.012131506357797583e+00
9.947823868807879055e-01
1.008841415581047674e+00
9.790898673484208503e-01
9.971377147244652184e-01
1.000681850446404342e+00
9.921851284430119877e-01
9.984367644654009721e-01
9.915203583456050351e-01
1.006039678311926533e+00
1.007719866819364318e+00
1.000031830695809809e+00
1.006806642187793921e+00
9.960584688607849735e-01
9.860351232781370268e-01
1.002673967710245639e+00
1.004311995966876481e+00
9.976808917918397190e-01
9.989451180602503255e-01
9.900079748734843532e-01
9.978700352139320273e-01
1.013279149149817870e+00
9.979546132377432599e-01
9.837378930174347502e-01
9.818218442290015391e-01
9.961728920077423943e-01
1.007913042357121203e+00
1.000675469202375600e+00
9.977140315170619500e-01
9.885553771117144839e-01
1.003104420257175944e+00
9.950464486030501376e-01
1.004411547817467110e+00
9.878987647748571632e-01
9.756787618767985837e-01
1.000299499055334440e+00
1.008030161575887762e+00
9.902379194992435574e-01
9.966753666374711385e-01
9.811839888046274272e-01
9.869622874902101994e-01
1.000091467588624772e+00
1.001720610188389093e+00
9.866783574044240002e-01
1.002727313546119214e+00
9.822152893515031513e-01
9.787181638622901581e-01
9.942323954824916488e-01
1.009601621099145641e+00
1.014596698662388663e+00
9.920168823057103902e-01
9.980834553720774327e-01
9.808227367757947901e-01
9.882158656582314959e-01
1.009138305205974584e+00
9.958710645580589604e-01
1.000466623204837147e+00
1.002423665682629750e+00
9.854208415188997483e-01
9.862920720998983315e-01
9.930525827181443388e-01
1.005478445639643503e+00
9.945751347948232901e-01
9.795008939122843428e-01
9.700425888231403171e-01
9.863061039636967786e-01
1.001508173970555582e+00
9.936642875581968015e-01
9.733283266395107436e-01
9.869097753752967828e-01
9.753166177037662088e-01
9.940190547288276779e-01
9.945968458566051273e-01
9.810093206874380689e-01
9.885411203568423844e-01
9.821752260585342453e-01
9.930747404252685540e-01
9.771831938505924908e-01
9.772763132301234279e-01
9.844798464172951347e-01
9.837738280158121462e-01
9.916399212248998563e-01
1.001342207252332805e+00
1.004306961011695254e+00
9.860863564869830622e-01
9.837099516927146903e-01
9.842668784057970743e-01
9.940905689255273847e-01
9.774348752005856955e-01
9.935193030567298633e-01
9.829384333136281793e-01
1.008215914991148709e+00
9.877483129299263753e-01
9.750753717476676741e-01
9.907656507674550417e-01
9.718408724387096465e-01
9.773879656691468742e-01
9.943393534793469879e-01
9.760506166148676943e-01
9.899874797131608117e-01
9.841754954274035683e-01
9.916472422844401224e-01
9.861229867499766710e-01
9.844473899966629249e-01
9.914268068113974985e-01
9.861699727752598621e-01
1.000569241078488103e+00
9.899245204400455300e-01
9.723982296767228473e-01
9.786274169155253499e-01
9.847381702447555174e-01
9.845477583450433778e-01
9.681798545144358892e-01
9.846801443931820774e-01
9.895869559568742924e-01
9.794650149328114619e-01
1.007581977691837327e+00
9.977231936912058785e-01
1.000477875415634932e+00
9.630848016190085570e-01
9.893629522770345242e-01
9.796928104555987504e-01
1.002442698340240357e+00
1.007539525770753563e+00
9.919607098010441160e-01
9.845742991104518005e-01
9.945790347921710239e-01
9.896532327253858563e-01
9.980005741152505605e-01
9.956394592399198107e-01
9.655818078421917194e-01
9.948125869859111292e-01
9.873276030947861770e-01
9.866857861597917445e-01
9.792635283009508695e-01
9.548226553767023006e-01
9.863821516588608951e-01
9.922084098350968384e-01
9.861638800011669481e-01
9.848414347571148308e-01
1.002862313311185583e+00
9.736694225465459818e-01
9.794193888111409896e-01
9.810209431568828187e-01
9.857678223051313804e-01
9.946925620013792324e-01
9.815792883277287828e-01
9.750059041660648074e-01
9.942480107084797902e-01
9.874122911612697173e-01
1.002350258755581036e+00
9.748223511221443260e-01
1.010745816286764409e+00
9.880569278493821495e-01
9.943095906499611614e-01
9.840702740586779740e-01
9.830596252048460215e-01
9.965815217203776166e-01
9.798038277029654797e-01
9.860536658176363156e-01
9.984671174747683509e-01
9.716911437877709945e-01
9.748448684879716941e-01
9.995127403507769737e-01
9.873929824413029133e-01
9.823615482519193476e-01
9.919875489391877244e-01
9.965672875029188971e-01
9.900493259351492714e-01
9.842013821573537546e-01
9.813688215199273257e-01
9.808092170661256715e-01
9.781330595670428840e-01
9.871807630947652124e-01
