# data in one-minute intervals
9.807206156279969500e-01
1.002061709893698804e+00
1.025895648420953821e+00
1.009563479080983761e+00
9.888736427450255384e-01
1.006576852327465188e+00
1.005340199976554327e+00
9.537388674447011550e-01
1.004827994289924753e+00
1.026275130529887836e+00
9.871639631028530371e-01
1.010665954603916727e+00
9.992637150365071275e-01
9.890866520896474112e-01
1.014841508313109708e+00
1.010835572266616245e+00
1.025839153485821109e+00
1.023278349032143320e+00
9.706655580948294615e-01
1.033041376751573592e+00
9.853302691173339012e-01
1.015452996636311722e+00
9.981191333261915100e-01
1.029943689639842841e+00
1.012176695960127049e+00
9.932392467051753826e-01
1.014414798038162591e+00
1.032089232360287490e+00
1.001273932184808313e+00
1.016234609678831502e+00
1.002027661383634749e+00
1.007000602143970358e+00
1.015490913767014503e+00
1.025499173068319392e+00
1.001097661959420071e+00
1.022166113030300139e+00
1.043668421597588214e+00
9.792996013912071973e-01
1.004308555083522236e+00
1.009453592989839166e+00
1.013773699803756978e+00
1.009593978922254998e+00
1.017375044579825305e+00
9.808601391136386738e-01
1.014469003664166813e+00
9.985562931467920622e-01
9.996586297363021512e-01
9.904358512492273947e-01
1.010905465090760513e+00
1.018608050357594275e+00
1.023878408633943859e+00
1.004210592743669306e+00
9.992708663343490283e-01
1.018700393742754340e+00
1.004207754632084448e+00
1.022769699365285723e+00
1.015174671249892357e+00
1.016634774944785269e+00
1.003888250612965383e+00
1.014131941683372951e+00
1.020749189752429897e+00
9.619087053559700617e-01
9.908693254866254296e-01
1.028929643074910194e+00
1.019226563118368567e+00
9.909581438186686464e-01
9.980224637387173914e-01
9.877931725546889030e-01
9.575237893020289714e-01
9.819604643728128135e-01
9.877835519984727863e-01
1.013710850688283038e+00
9.872366475135605501e-01
1.001675792923346631e+00
1.022497425703246865e+00
1.001442029928975908e+00
9.858937221222023872e-01
9.902647062899505581e-01
9.868108615205385403e-01
1.012780351510091936e+00
9.991615456581487420e-01
9.781663176768420342e-01
1.019812405540295730e+00
9.981545371445573744e-01
1.025747557485179096e+00
1.022180169419147244e+00
9.948055364683725532e-01
9.915657329071082549e-01
9.884773899067588188e-01
1.043903254333339747e+00
9.746127732481875139e-01
9.937674557461644298e-01
9.965188648387234283e-01
9.901749226230133205e-01
9.950942425586377649e-01
9.830355865489823763e-01
1.023659605862629274e+00
9.689283693689479948e-01
9.689972914130755566e-01
1.037096081779401935e+00
9.908937866725755494e-01
9.842639525994111294e-01
9.967948324303368413e-01
9.593019689718750298e-01
9.927984199643231644e-01
1.010492186440468343e+00
1.023675901681555533e+00
9.907466776101613304e-01
1.004920876110787731e+00
1.017997070397747450e+00
1.006301258968184120e+00
1.023066536013107264e+00
9.781003050174452707e-01
9.911674743707544755e-01
1.015497043139068634e+00
9.883123504773023704e-01
1.038170653482530792e+00
9.987194207710398119e-01
1.017655736674915934e+00
1.009250636491307418e+00
9.840847765341957931e-01
1.007463612965564526e+00
1.023127535515902187e+00
1.012950935018343879e+00
9.782762946296195139e-01
9.760032955474311489e-01
9.929035400908710063e-01
9.744795112453394914e-01
1.012223521249923763e+00
1.012997194921998689e+00
1.022692657687905626e+00
9.831587657258581414e-01
9.631514062819379607e-01
1.000946076129718643e+00
1.019180282937895754e+00
1.018209841675470351e+00
1.004304575430071234e+00
9.660934097465273540e-01
1.029814343662465825e+00
1.005304465383437762e+00
1.004857465745288003e+00
9.819355419066285728e-01
9.854523663055084759e-01
9.945307194066989043e-01
9.792953843415449500e-01
1.011999768345248407e+00
9.657673146710089584e-01
1.017007021641730624e+00
1.014418816530929579e+00
1.006983562922221243e+00
9.860752728769976994e-01
1.014441657975662769e+00
1.044689757599102098e+00
1.026433394381985220e+00
9.920135744614039242e-01
9.826644236277825017e-01
9.662807674655580215e-01
1.020200653508559929e+00
9.976787006717705575e-01
9.874191109683393419e-01
1.005017184622011284e+00
9.881399269290030984e-01
9.994310056635230533e-01
9.823065768532647235e-01
9.927111198740219411e-01
9.652660393024441454e-01
1.012444829040661576e+00
1.001711962044728566e+00
9.854357206678044934e-01
1.030119186554343313e+00
9.570357680876773188e-01
1.020689799327158198e+00
9.888500430645141837e-01
1.019957825226304182e+00
1.007298876426454992e+00
1.025094774512477880e+00
1.009176598283175741e+00
1.002688287222914809e+00
1.001270220880768669e+00
1.001791993817283899e+00
9.923049779525522363e-01
9.837534311891651395e-01
1.008104316078468843e+00
1.002402800342963030e+00
1.000642474583408603e+00
9.946844797040985675e-01
1.005335358298457216e+00
9.854287025050285642e-01
1.015485375371930843e+00
1.017267931936868486e+00
1.013366953073657983e+00
9.945168436243243537e-01
1.020689875443827388e+00
9.760860930350572229e-01
1.003441407256893347e+00
9.999620043549339865e-01
1.024547390828207671e+00
1.020834539427226018e+00
9.777494662082594212e-01
9.746831299436791163e-01
9.849795026910503903e-01
1.054372808416169205e+00
9.667356162017990417e-01
9.710312526741132766e-01
9.852659374296940387e-01
1.000438250583287392e+00
9.952541124274557616e-01
1.041584262728919352e+00
9.923948910257115452e-01
1.033748361864139209e+00
9.966853609270824865e-01
1.006554284480084549e+00
9.903637221316367034e-01
1.021160949285477626e+00
9.829596473838942972e-01
1.027986791133391975e+00
1.007746604816144753e+00
9.887729370797965212e-01
9.907949246247028663e-01
1.014298092790208772e+00
9.865176926755510056e-01
1.011325780373749428e+00
9.957823850029314805e-01
1.003885114919624844e+00
1.019769548322716046e+00
1.017175568442821421e+00
9.907563533706196246e-01
1.018646566799333630e+00
9.739027191006870421e-01
1.001592937687480367e+00
9.894674981658562185e-01
9.980128532350561743e-01
9.916806165225099390e-01
9.807590813053840284e-01
1.003704228217097150e+00
9.997433738162916361e-01
1.051372349271043394e+00
9.754029703500752824e-01
1.008651853554642708e+00
9.964552315078571976e-01
1.019928919690435531e+00
9.762995062536112822e-01
1.005959112502482489e+00
9.847187066140877798e-01
9.995781815353310673e-01
1.008870816516730162e+00
9.977534877866272023e-01
1.053140731446708944e+00
1.014923526996273528e+00
1.004312747899197333e+00
9.878832722048551673e-01
9.667097379582472172e-01
1.006843765720422557e+00
1.004497677033771019e+00
1.025454422877493998e+00
9.955112510585509833e-01
1.002062269009261097e+00
9.816487208207796966e-01
9.811734964807983239e-01
1.025188835147674560e+00
1.006390753146987782e+00
9.835186232184073285e-01
1.018823014312155273e+00
1.013339730060505817e+00
9.999158138450919830e-01
1.011488547381411918e+00
1.013524198781073693e+00
9.999044664147457295e-01
9.933129299946510393e-01
9.613620755004671503e-01
9.720879947937240972e-01
1.015916239616690531e+00
1.020056557740299574e+00
1.007191086390967882e+00
1.008205143975750229e+00
9.928522549134549680e-01
9.816010006748190353e-01
1.005426970119206453e+00
9.916690728552302048e-01
9.895071565135893366e-01
9.808455763014242157e-01
9.969525248162829367e-01
9.903013923496365445e-01
9.872306206424055208e-01
9.732744728676460122e-01
1.031352887245692296e+00
1.011386194189635157e+00
1.003117062253871428e+00
1.001350613552462798e+00
9.944070437529239914e-01
9.979873523063470531e-01
1.013591404756075232e+00
9.721190169057362107e-01
1.048882737567511381e+00
9.867791424992153893e-01
1.005822530917417579e+00
1.016217093827693985e+00
9.799940694547926157e-01
1.010319538023569219e+00
9.646321657213292600e-01
1.030104007257067744e+00
1.019205102903488314e+00
1.026710895248554856e+00
1.003798634668360057e+00
9.917170264075625408e-01
1.024404241178625607e+00
9.754339343988172040e-01
1.023023341529068153e+00
9.880765692283611790e-01
9.723723028901481991e-01
9.703468266567443212e-01
9.876946994980698724e-01
1.006501625842337155e+00
9.906035456212296531e-01
9.619253996609544721e-01
9.888038444886636524e-01
9.843514154306091113e-01
9.752756475637878175e-01
1.011584815135254889e+00
1.017061518874543768e+00
1.020545257885869805e+00
9.934333211256137774e-01
1.011093467781267519e+00
1.028639532686361768e+00
9.962574124774843387e-01
9.773623173534325970e-01
1.033445423496352822e+00
9.862665748096901552e-01
1.018037691226614250e+00
9.950296627648073100e-01
9.691919868656413417e-01
1.014357825279651903e+00
9.743218964948641148e-01
1.021520932772695067e+00
9.825175421928333819e-01
1.016300556840500802e+00
9.843679759098381554e-01
1.019603661027177255e+00
1.008029252501301043e+00
9.993760869740807573e-01
9.937831455020259552e-01
1.001616589534088053e+00
1.000158195427310881e+00
1.021305430682655446e+00
9.897922539242060003e-01
9.854891243331516115e-01
1.007182106418957224e+00
1.036113738947276097e+00
1.011483516235340385e+00
9.968931849091896558e-01
9.814545927013249571e-01
9.856385146019832622e-01
9.843542435068144414e-01
9.624354616521633154e-01
1.013982547907761989e+00
1.004475643413719865e+00
9.550815764099273020e-01
9.944636984166264071e-01
1.009717356755438500e+00
9.710859138758948239e-01
9.906499093152856261e-01
1.018763139045576693e+00
1.022969697218202745e+00
9.845797026675137120e-01
1.003456986753786140e+00
1.004929582936385568e+00
9.748217177203808426e-01
9.819281014842674571e-01
1.003020922682288152e+00
9.713937042601131777e-01
1.008658993269764270e+00
1.004620007155293981e+00
1.008048557781460408e+00
1.014752486312024971e+00
9.633936187466896062e-01
9.925579319578468063e-01
9.753421893436633461e-01
9.796827510156607133e-01
1.019101407554332317e+00
9.790290201530006398e-01
9.977074977373981968e-01
9.713144257454457975e-01
9.917362417789137297e-01
1.017709394583441673e+00
1.035121860666541771e+00
9.991176261592182861e-01
1.003761007981017972e+00
9.901956516177379264e-01
1.021005830817507398e+00
1.003862761294025852e+00
9.799912932055098169e-01
9.850831610521973980e-01
9.803585196112371003e-01
1.002581104590158478e+00
1.012899536320854832e+00
1.003818137571698355e+00
9.578283567828284051e-01
1.033898511171375656e+00
1.012346450213567950e+00
9.956658274818281917e-01
1.007863466205475511e+00
1.003790292305653420e+00
1.042140207416380804e+00
1.009720757436012084e+00
9.975107244511924875e-01
1.022503877853877308e+00
9.950805315377843074e-01
1.012764099283205210e+00
1.024843805712083444e+00
1.024180942460129584e+00
9.967901613537784034e-01
1.006389350596111676e+00
9.879646010690136260e-01
9.831382091952381996e-01
1.004384729260521025e+00
9.791671216462567440e-01
1.018738153422835246e+00
1.028280460869577917e+00
9.830443650714973947e-01
9.894838499433323831e-01
9.842906675238991543e-01
9.722439604811793368e-01
9.828068386109903853e-01
1.007188352951480903e+00
9.998635858927031883e-01
9.679392553803851662e-01
1.037149671791943506e+00
1.000598274988283576e+00
9.827177448930537462e-01
1.010335251809785673e+00
9.883529796791683530e-01
1.014923456423646009e+00
9.852837318118766730e-01
9.793398013471730224e-01
1.027824464823883233e+00
9.991422128118123691e-01
1.037570870775720966e+00
1.006608746791522790e+00
9.728101075691073518e-01
9.729763556536222824e-01
9.712260456596134572e-01
9.907723468340280393e-01
9.864061069783005564e-01
9.888440533182524250e-01
9.592970365422978096e-01
1.032952351462227636e+00
1.003554029653488833e+00
1.021128855600336838e+00
1.018338078972708116e+00
9.818102153101405660e-01
1.010225806662832682e+00
9.593675966415137202e-01
1.007531078615849562e+00
1.049292955623155388e+00
1.013269083090225342e+00
1.008841032134070170e+00
9.729174598439229715e-01
9.907953523287831299e-01
9.932386547414301381e-01
9.929792325824544630e-01
9.885566654379313034e-01
1.015610907602738644e+00
9.772022164355862461e-01
1.019381587610714623e+00
9.636415164239755526e-01
1.000970783962590760e+00
1.009853796914049529e+00
1.007153358447887115e+00
9.949171993041701079e-01
1.000946623248290202e+00
9.955001404808890841e-01
1.010287265578162952e+00
1.001252926711031721e+00
9.870502691935982842e-01
1.022026581267723166e+00
1.020222648082304673e+00
9.912076521674247909e-01
9.836505218514847160e-01
1.021551899552095133e+00
1.010988773336810587e+00
1.026521143708840178e+00
1.022602356867671425e+00
9.944317494006303937e-01
1.003305433344329423e+00
9.992825608777559099e-01
9.934588122457075343e-01
1.013937859265551911e+00
1.004790015874974518e+00
9.676520155417654978e-01
9.869198434278801946e-01
1.010539950616474281e+00
1.001965515701459974e+00
1.011449665484467797e+00
1.011441719501846137e+00
1.016536285636997716e+00
9.914873479941734846e-01
1.005648252562571843e+00
9.899515991255397607e-01
9.958608940102675611e-01
9.915453895948409535e-01
9.875069679952281909e-01
9.963363909115404704e-01
1.019757058454729970e+00
1.012572500656235164e+00
1.000641479668073819e+00
9.811791544846676372e-01
9.875851930736454509e-01
1.004235201956132029e+00
1.027156916486836824e+00
9.955976574712585014e-01
9.969157327348173725e-01
9.878389970102977591e-01
1.015602593237784124e+00
1.006827276212171496e+00
1.040758108148516214e+00
9.893290973008924682e-01
1.021500369603258518e+00
9.854481548587638029e-01
9.956490530443777853e-01
1.015736576386928380e+00
1.027280524242530246e+00
9.514469426279914543e-01
1.046641109157601779e+00
1.003980010510995058e+00
9.812750973040639257e-01
1.020732608628982074e+00
9.717321902030349179e-01
9.944692798560424984e-01
9.978287360186315347e-01
9.953590510795657931e-01
9.915796012482386290e-01
1.003773253179386815e+00
1.015176284853053668e+00
1.002385243234360068e+00
1.013342993718203688e+00
1.019680678818627673e+00
1.025929454343954772e+00
9.903227170718500449e-01
9.961187941304880944e-01
9.651989002307498344e-01
9.669961182879326378e-01
9.937284796730997405e-01
1.015851617425831632e+00
1.008669330565122868e+00
9.973807208907174982e-01
1.026096479096752390e+00
9.796715570401385298e-01
1.001636139205633880e+00
1.009553282151588460e+00
9.628067515896525652e-01
1.010904957955397476e+00
9.924456692593005558e-01
1.034133038342747835e+00
1.024391327568499710e+00
1.024782055264738867e+00
1.013873717933657437e+00
1.025298406802222839e+00
1.011871802014221000e+00
9.763910909437060193e-01
9.974313300892226897e-01
1.003863545844678962e+00
1.004091639059835117e+00
9.983375270087214703e-01
9.893458907814748349e-01
9.638963429698701457e-01
1.017093128222740894e+00
1.001251682636201679e+00
1.002753518119273046e+00
9.856688548333937261e-01
1.003345252836398416e+00
1.028811719034124605e+00
9.807711984128750782e-01
9.614602192824770466e-01
1.022619441129035245e+00
1.041987027375664399e+00
1.010724549357957525e+00
9.532144797491843846e-01
1.025899316558169350e+00
1.006435412331551760e+00
1.017439447846224088e+00
1.015433467847395077e+00
9.843777600140370954e-01
9.966803122944055682e-01
9.749814190874045439e-01
9.657149902133290720e-01
1.018986702162366642e+00
9.776270585047549533e-01
1.003911056565633064e+00
9.960172799461924908e-01
1.001600061589583479e+00
9.887269030469452158e-01
9.830628465090130996e-01
1.017787918714611051e+00
9.459309871437676653e-01
9.894959101174447547e-01
9.960621459712935000e-01
1.011248644173102562e+00
1.004867954423259047e+00
9.869162492929609565e-01
1.031847157064661680e+00
1.042874132220052985e+00
9.830339865162265323e-01
9.874868610784133249e-01
9.598586593590647809e-01
9.715069625917857055e-01
1.022420754515935171e+00
1.049390487836608488e+00
9.724443127010845567e-01
1.035956424997640068e+00
1.009365223316371241e+00
9.936669809979211676e-01
9.944516865487662560e-01
1.010023286063908010e+00
1.019656582387827859e+00
1.001447609367936975e+00
1.016355325166836243e+00
9.936347519233664771e-01
9.904408504056967377e-01
9.894245204773857161e-01
1.010482936988181146e+00
1.014705928864551243e+00
9.981061610792681948e-01
9.714022546652302248e-01
9.829739186620913838e-01
9.962234832956812225e-01
9.937458423983283051e-01
1.035948036712579734e+00
1.013256812721911482e+00
1.007387839225715842e+00
9.685942408362678835e-01
1.006844225400859161e+00
1.018641293270002857e+00
9.664597894617353857e-01
9.649464204598593442e-01
9.885044077861813161e-01
1.025484682359088406e+00
9.854080900120232300e-01
1.005525776654175862e+00
9.988069664359323641e-01
1.026576118837376095e+00
1.007833381991508404e+00
9.977431567522864198e-01
9.994524929152950321e-01
9.789821424855025267e-01
9.743065402456688728e-01
1.021192353405768527e+00
1.001700446759258734e+00
9.891174727208642548e-01
9.673636913830278017e-01
9.795044014084060002e-01
1.014645498959412695e+00
1.012898134963856389e+00
1.033413788045962178e+00
9.790635433331236204e-01
9.658348961683262957e-01
9.825111158955381896e-01
1.003831393795686422e+00
1.009569059676848735e+00
9.868631279075160689e-01
9.825304800086512858e-01
1.042899158483997057e+00
9.627821025577516512e-01
1.000941682541132804e+00
9.684386550507039226e-01
1.003925068150711031e+00
9.878943436511269383e-01
1.013616329434482211e+00
9.832399675401857220e-01
1.034187869311065544e+00
1.002500573486674540e+00
1.001997016537896190e+00
9.940156557148389638e-01
1.012032336168518620e+00
9.854899402495561622e-01
1.011376964778472942e+00
9.896025102927017425e-01
9.928813801865384869e-01
1.008304284244789573e+00
1.004371870663053556e+00
1.027970170529661775e+00
1.022584880554635811e+00
1.005711154990944989e+00
1.035144333695135366e+00
9.567414636705517950e-01
1.010799724213915507e+00
9.595041846150020870e-01
1.015521020150544240e+00
9.948891088589516540e-01
9.706061286341892691e-01
9.721058354276613800e-01
9.790514056036023760e-01
1.005719846587593391e+00
1.014912730967893140e+00
9.851239851513331480e-01
9.810647217993623270e-01
9.861558250499031786e-01
9.781901385859150810e-01
1.013978082569913841e+00
1.009372480209469458e+00
9.964001757975341489e-01
9.727188772427627361e-01
1.009011329030449433e+00
1.007459148240475111e+00
1.023907251066622504e+00
9.990354068341370519e-01
9.826564398895718533e-01
1.000807861428082868e+00
1.005333310847535744e+00
1.022381978780229517e+00
9.937833122623825899e-01
1.014615646411702876e+00
9.674985256725517901e-01
1.001697537011082773e+00
1.029032228404379579e+00
1.036545237356420124e+00
1.001162528732466361e+00
9.957311786404883236e-01
9.624962633922339306e-01
1.002519335775972076e+00
1.033087095593926419e+00
1.022842152212572353e+00
9.758628827262940675e-01
1.014241829964725561e+00
9.907576178179703374e-01
1.036200701073702879e+00
1.013398919826230760e+00
1.006249764528106105e+00
1.000477126263184413e+00
1.022069602895558482e+00
1.039676160099485713e+00
1.016701033426247625e+00
1.036116143691294234e+00
1.030325066279307977e+00
9.757556095637112126e-01
1.017033290220329400e+00
9.877006954039773134e-01
1.019329450707990858e+00
9.960682201565370653e-01
1.005908892135302102e+00
9.971487327499078956e-01
1.012641689014871726e+00
9.834691139545078675e-01
1.012077275752486738e+00
1.005888918422305878e+00
1.017399994843506628e+00
9.854024222188723092e-01
9.742154828450481086e-01
1.015605185910973374e+00
1.013011611673434009e+00
9.917926899316699130e-01
9.965814628614291237e-01
9.995018971547581232e-01
9.967275398201792536e-01
1.034489395948675838e+00
9.632543510763873496e-01
1.026758215099492499e+00
9.741458393712582042e-01
9.831674238303128588e-01
9.993163230327225532e-01
1.051884826958577879e+00
1.012000261414600200e+00
1.015231014871256665e+00
1.017172307858852598e+00
9.866685997818491760e-01
1.004869503887031446e+00
1.001110440812869262e+00
9.355930375379688524e-01
1.014737943438763113e+00
9.971328589195304071e-01
1.018011267279639531e+00
9.626330167656957926e-01
9.983967812531475694e-01
1.007452692819735374e+00
9.982001582574947518e-01
9.754435202157195617e-01
9.672980170059395366e-01
1.015961174527323596e+00
9.980502478807001809e-01
9.936449401388859348e-01
9.992550933057147144e-01
1.008101204534065820e+00
9.661047333608070442e-01
1.032406553015029482e+00
1.022533134054658177e+00
9.975720749006871113e-01
9.538669846799956442e-01
1.008764451222997405e+00
1.030227392808649611e+00
9.888293378337664752e-01
9.516592539838836240e-01
9.534406255929973595e-01
9.886311694572644804e-01
9.914990811031424434e-01
9.723808024449985821e-01
1.011731741650796268e+00
1.008177951514412252e+00
1.010574142375138207e+00
9.947713808974215643e-01
9.902048040414279662e-01
9.720765230601732254e-01
9.995108509869857771e-01
9.936627089333893714e-01
9.916546429343985336e-01
9.549925678621443703e-01
9.757406396097447754e-01
9.875698334686662250e-01
9.751456678481690288e-01
9.758227886436058318e-01
9.711488644189154584e-01
9.919812195586987791e-01
9.787944590004882262e-01
9.617990382295401597e-01
9.813145506043159383e-01
9.768511860792814527e-01
9.520733979749194109e-01
9.574307571652016513e-01
9.713704999601403545e-01
9.317076387589284803e-01
1.005971874043310565e+00
9.878872255343749131e-01
9.958016878280407935e-01
9.941473383642402961e-01
1.008990078836228266e+00
9.840096823718766927e-01
9.994600416938977938e-01
9.894672157179976724e-01
9.891482507780070543e-01
1.016451246579473056e+00
9.958598016230691963e-01
9.781932790075449358e-01
1.004465125045375995e+00
9.795734992719513645e-01
9.830128410594376476e-01
1.005240630529064871e+00
1.013445594320722787e+00
1.020083824376557757e+00
9.799797990240475265e-01
9.909206832571966217e-01
9.875300562194230247e-01
9.669738753749745896e-01
9.854568196325401708e-01
9.970703810833350111e-01
9.760242186681751253e-01
1.012890344193892789e+00
9.875156709326173843e-01
9.620279423796290752e-01
9.888429326276511055e-01
9.703986573385953163e-01
1.032859702335852115e+00
9.518151075685388207e-01
1.011471859869813583e+00
1.003110729540731993e+00
1.010324507968855423e+00
1.020655978272457576e+00
9.722692570091525655e-01
9.913944969826924414e-01
9.838952343091369457e-01
9.609124536491360224e-01
9.967244608166742070e-01
1.035824685951501012e+00
9.880366406988584371e-01
9.934085738810902733e-01
1.011147853433499666e+00
9.906601709690026070e-01
1.017817768543781032e+00
9.802751856491013216e-01
9.654104119161773800e-01
9.551938755242004309e-01
1.026033931217454453e+00
9.545876852112701316e-01
1.005283821351071749e+00
9.882409016031333815e-01
1.007966752834369872e+00
9.999074091115524032e-01
1.020621925349085135e+00
9.917990037211433796e-01
9.512160472074973061e-01
9.767828825537245852e-01
9.723501775517426893e-01
9.467302395172995100e-01
9.630933292366952170e-01
9.945546252580732549e-01
9.971387989040352284e-01
9.790975763358057415e-01
9.670855443747439217e-01
9.892415898324257162e-01
1.000420369219816585e+00
9.914171586121408586e-01
9.895557896054276714e-01
1.011744589381138537e+00
1.012973937763405052e+00
9.716273274353962597e-01
9.752827923860754034e-01
9.437490849051657360e-01
9.567642694937232850e-01
1.015349418851801744e+00
9.844667026209045213e-01
9.780684342964773847e-01
1.004129112879930341e+00
9.961761889860748509e-01
9.942990463255477751e-01
9.843669772513861105e-01
1.003178235563158882e+00
1.001289420348983938e+00
9.898381262049776863e-01
9.962288459438024546e-01
9.996234912659192062e-01
9.845159793921016700e-01
1.025520565479879576e+00
9.954145036786375966e-01
1.001557441398368331e+00
9.813219211134154296e-01
9.943314194103664017e-01
1.017238342160991849e+00
9.826969036768815613e-01
9.584302363758704368e-01
9.712593390223211998e-01
9.970334064817438779e-01
9.708076046314525476e-01
9.597559651538309922e-01
9.524969250228951800e-01
9.913788437918503726e-01
9.829660539492431903e-01
9.935857529418343770e-01
1.044325861887472673e+00
9.964266461451296575e-01
9.649064662039071871e-01
1.023282225382166732e+00
1.004671564217235469e+00
9.824565566760798951e-01
9.967814730074671115e-01
9.423171068799790495e-01
9.924936965092051588e-01
9.772837140323680227e-01
9.801230028579568376e-01
9.669703241433229568e-01
9.624366237752947084e-01
9.795609009305005221e-01
1.010276792992482742e+00
1.011500824452810976e+00
1.013536928979650753e+00
9.819677072977931465e-01
1.004475582334853234e+00
1.007990332631290675e+00
9.844860011793505894e-01
9.739809978657593126e-01
1.018585714822292987e+00
9.915268747737956412e-01
1.036360093059615961e+00
9.656392127522702706e-01
1.011835151560411816e+00
9.561844465302941076e-01
9.746331861982948652e-01
9.671962367504082225e-01
1.019820153323246492e+00
9.808796450015588864e-01
9.753780179083614277e-01
9.889734468542251689e-01
9.485419067115122838e-01
9.775563119930595901e-01
9.779830558604483137e-01
9.735682843392969854e-01
9.904827665093673961e-01
9.996360401781450022e-01
9.982000147472023244e-01
9.821049156746527453e-01
9.946286069819777476e-01
9.639848717885640683e-01
9.749712463834930842e-01
9.678014921409582305e-01
9.936627433620511818e-01
9.981582048695263332e-01
9.902402159187890796e-01
9.879302264294355096e-01
9.942437742804108858e-01
9.602549105613449321e-01
9.775295984149331430e-01
1.000731504959984530e+00
9.950370481372375897e-01
9.511397865900759196e-01
9.942030555670994252e-01
9.894407428328765297e-01
9.768118334267931191e-01
1.023844757195433219e+00
9.902563228077494450e-01
9.959567636386880141e-01
9.833744621012955323e-01
1.004804675516014267e+00
1.004742497434589987e+00
9.746598265875884293e-01
9.984542813745840295e-01
1.003746749300264307e+00
9.862450060683856101e-01
9.778299727504071726e-01
1.006666124751713909e+00
9.849217403201091514e-01
1.008033825821623486e+00
9.478345806978186738e-01
1.023865113899974366e+00
9.809498643729434031e-01
9.941774501367897088e-01
9.646938806257974175e-01
1.001447213702368888e+00
9.910765358385704715e-01
9.981851030454239604e-01
1.025095125876879898e+00
9.915973858003919172e-01
1.009383383701617287e+00
9.855351368096004760e-01
9.640373595793719774e-01
9.943892296167963218e-01
9.993192248988653770e-01
9.818082773849985401e-01
1.001237903558797271e+00
1.003301544934064982e+00
9.481648809089652241e-01
9.925766844400006894e-01
1.006541595046928528e+00
9.877157703881954687e-01
9.661887545392267018e-01
9.655639649340458375e-01
1.035187991467218849e+00
9.871114211155124218e-01
9.808251818253623799e-01
1.008287230194500061e+00
9.947647868476974242e-01
9.582799827947776627e-01
9.928621281713949642e-01
9.943838313166268872e-01
1.014400501639471930e+00
9.798434634048565073e-01
1.003811274233896045e+00
9.890011190441418965e-01
9.986464531160453850e-01
9.882006691259505038e-01
9.904493386398861565e-01
1.031183767170722909e+00
9.497857176663307976e-01
1.002881280421018984e+00
1.004320222229575954e+00
9.706495865147515278e-01
9.863648334305596954e-01
9.442517010220552454e-01
9.751854549917245985e-01
9.970723041129896380e-01
1.018641807468784188e+00
9.828164115979296511e-01
9.910540837319371521e-01
9.729245090485076908e-01
1.019520409780032333e+00
1.022378716898739492e+00
9.648159030510907730e-01
9.650080760541943636e-01
1.007955021964284104e+00
9.860143463066394220e-01
9.924085971675052908e-01
1.003417936371178820e+00
1.000691566714360770e+00
9.441449524457552478e-01
9.675489314245030448e-01
9.970762705716279539e-01
9.851270230127102678e-01
9.708752626586044654e-01
1.005101744323742663e+00
9.783950771384887224e-01
9.875437874355363910e-01
9.924710357040822384e-01
9.854008661706167294e-01
9.540538228962401890e-01
9.633487686783872572e-01
1.023512348654448179e+00
1.012479330191439431e+00
9.636433062711603492e-01
9.695579224588227740e-01
9.853442114111474748e-01
9.847806782169173934e-01
9.862518716174175637e-01
9.572034973822732828e-01
9.527409687403831651e-01
9.776973253164371602e-01
9.849723209812922819e-01
1.017425159576401450e+00
9.911548329569194182e-01
9.898904780360500144e-01
9.829967689789426144e-01
1.011628653911407216e+00
9.873343009569990336e-01
9.814080870806169976e-01
9.866149499528041877e-01
9.852835979555815138e-01
9.938346060834204465e-01
9.813160150517727942e-01
9.868410694195938193e-01
9.643513919026661663e-01
1.020381521376933831e+00
9.754407353702720940e-01
9.954049666756915604e-01
1.009391826577852314e+00
9.998278297450127194e-01
1.010473663164628944e+00
9.932921850500299188e-01
9.936349069143680657e-01
1.026389076846389692e+00
9.726097123129212596e-01
1.000204210001862881e+00
9.901913418495126296e-01
1.043940356755793886e+00
1.003775934017684834e+00
9.755378736142422680e-01
1.003361605743405605e+00
9.772224328837328944e-01
1.021710111135381016e+00
1.015638910489046864e+00
1.001850966184271163e+00
9.894891073232454648e-01
1.010716604321824530e+00
9.716253693669911762e-01
1.020930447892222537e+00
1.032777209541984931e+00
9.880402884738107572e-01
9.941505200834068745e-01
9.945458741163234473e-01
1.000365305186361908e+00
9.673242584184164050e-01
1.003772067080243247e+00
9.985404031304645489e-01
1.001974184361577702e+00
9.532159382725380325e-01
9.624793226088127485e-01
1.003755355122299076e+00
9.614237217901452359e-01
9.822175809163733451e-01
1.006905467188120795e+00
1.034910983930932504e+00
1.026536504593750010e+00
1.006406178459529288e+00
1.003803481491018168e+00
9.836559681620484774e-01
1.035079625267413039e+00
9.993411624795194292e-01
1.017335168757267372e+00
1.020367309387419708e+00
9.943672314810138024e-01
9.889279000135505759e-01
9.887867392660284471e-01
9.873970323610855582e-01
1.022678989264213190e+00
1.012112279199005593e+00
1.018916621305110848e+00
9.781432725261899330e-01
9.707920677513759422e-01
1.015872284219495159e+00
9.571563197338472939e-01
1.002704015550590633e+00
9.635038867127955209e-01
1.006330973086023928e+00
9.988554692711487659e-01
9.865356916938410325e-01
1.020013521129263800e+00
1.003828084569985180e+00
1.031766065647954145e+00
1.040604305655880024e+00
9.972757337470141703e-01
9.799176928271098319e-01
1.001632192784698949e+00
9.996042096934932841e-01
1.046844883840243545e+00
9.930996415883451833e-01
1.035478320101601124e+00
1.002254626241876112e+00
1.005687886844861101e+00
9.976086834620868649e-01
9.945455265563067915e-01
9.708420309701191186e-01
9.774675277564730536e-01
9.999289284218118024e-01
1.011994039682586610e+00
9.991778879762011067e-01
9.996720055859817933e-01
9.729703707740499086e-01
1.003112827097451865e+00
9.833272552119088905e-01
1.029757338123771682e+00
9.754647239849280060e-01
9.678584446185776180e-01
9.987413086018712693e-01
1.003865392455025374e+00
1.026470513204906787e+00
9.878936669495077538e-01
9.963972515582021350e-01
1.000225413192976642e+00
1.016274278321958935e+00
1.003162113200258387e+00
9.987702250538812443e-01
9.902284820023786738e-01
1.002611260180139352e+00
1.008081557263267536e+00
1.013853230407216532e+00
9.918978906153668174e-01
1.004758414971115510e+00
1.033597392237163071e+00
1.027390192271719238e+00
9.759181444238980152e-01
9.729190541499990186e-01
1.005636869950490730e+00
1.003373939514237145e+00
1.012907241914059231e+00
1.005451549241489939e+00
1.018796340925233412e+00
1.053578484666257253e+00
1.010846178988735744e+00
1.001222304984804579e+00
9.697444166877245975e-01
1.010821851695756557e+00
1.012823450268904635e+00
9.897749431670126441e-01
9.547658769066016404e-01
1.026309364385685985e+00
1.003760950112880357e+00
1.007534577663817377e+00
1.009104607587983038e+00
1.018645804623516060e+00
9.803724344102363597e-01
1.001909222490324103e+00
9.678283287287299252e-01
1.018552323807269344e+00
1.010718858407538390e+00
9.857403156897736052e-01
9.871305281506819185e-01
1.031393507241982865e+00
1.014367631848490214e+00
1.009227598164696316e+00
1.016302407166976618e+00
1.000641553742090739e+00
1.006624223757897729e+00
9.873620429811637011e-01
1.005144959640564828e+00
9.918706807367203560e-01
9.772613314753187952e-01
1.041613962089159129e+00
9.941894782019318200e-01
9.847667339672708797e-01
1.036564765114224906e+00
9.677468361296605037e-01
9.663889755487583555e-01
9.816757434421938822e-01
9.947196354923130146e-01
1.028725660492185057e+00
9.849835745618263916e-01
9.867100487414550702e-01
9.930756194827242700e-01
9.758828137553628990e-01
9.906128809839318539e-01
9.936817826728380210e-01
1.000039736295630144e+00
1.014052798368384689e+00
1.004345854021538198e+00
9.665105121232760998e-01
1.039890667770445587e+00
1.000074743940308375e+00
9.899495601716934434e-01
9.937107739197185152e-01
1.047716973647047745e+00
1.024053883242640905e+00
1.009168705385706355e+00
1.046696726754436924e+00
9.835640792736164428e-01
1.034658895786294108e+00
1.011721450201650940e+00
1.024826429446378473e+00
1.002747156629208103e+00
1.003400779328880388e+00
9.714651909237229654e-01
1.010953820815762461e+00
9.680819269267831872e-01
1.016781829695771355e+00
9.878810042989398799e-01
1.011599546456617871e+00
9.902999839696839945e-01
1.011651735461996493e+00
9.892116042741003756e-01
1.007119020048111491e+00
9.812548391319294572e-01
9.957105220582184169e-01
9.702014412865349602e-01
1.018810760309177610e+00
9.626094862369162231e-01
9.739806795488720192e-01
1.023547885766078913e+00
9.829834650377098360e-01
9.942904355452708565e-01
1.006453753434020992e+00
1.009967455224087374e+00
1.005049697362322414e+00
9.898538790514787022e-01
1.024719734773195556e+00
9.941192668927516518e-01
9.825025914068348243e-01
9.954183081853408277e-01
1.008605421545469838e+00
1.041247291288852184e+00
9.841267163236893101e-01
9.797920561246344917e-01
1.041126932031802843e+00
1.034512686558684891e+00
9.954137630249744184e-01
9.989610283953026526e-01
1.000551285480793418e+00
9.866008611328825895e-01
1.003041537602166189e+00
1.007351841303574469e+00
9.725914193823465004e-01
1.004919711059836906e+00
9.960282254440572247e-01
1.000512474726461098e+00
9.704040365975564741e-01
1.040338224935649647e+00
1.016284188122782206e+00
1.017586835061318640e+00
1.018702337053140061e+00
1.028245633823200222e+00
1.000103347643613860e+00
1.036053705789723001e+00
1.008053361527622593e+00
1.037767837653474912e+00
1.019021264191612985e+00
9.793058573081450113e-01
1.004960415916544614e+00
1.010577529470097380e+00
1.009148946109200251e+00
9.722605203907976890e-01
1.005626955385046095e+00
1.004366209288988232e+00
1.017518741549195083e+00
1.002233536169789829e+00
9.949779602820159052e-01
1.015381305841113857e+00
9.641784541003119990e-01
1.033840784550838610e+00
1.001653412649667452e+00
9.935941404793010578e-01
1.009549162832294567e+00
9.867969869852517562e-01
1.002508775124111962e+00
9.997216585430969138e-01
9.997434560002875781e-01
1.026802523583165483e+00
1.055633806048044354e+00
9.974418091690164800e-01
9.853549558971970157e-01
9.827218791674492415e-01
1.001164486404293896e+00
1.013718105672631209e+00
9.763565058515745188e-01
1.013054239134179024e+00
1.027534086365978094e+00
9.712710852822477037e-01
9.800051307340743589e-01
1.003463902684210041e+00
9.955282178762197010e-01
9.941081251923782336e-01
1.020750596731557991e+00
9.718189507028234253e-01
1.002856472302050550e+00
9.939053195577026711e-01
9.912507844156576153e-01
1.002569544127075440e+00
1.001906669731635002e+00
9.683288154647057278e-01
9.917522876008155741e-01
1.000751306888773895e+00
1.030610163150343705e+00
9.938385802758022969e-01
9.600798170367549345e-01
1.008280841384324278e+00
1.014840439220401347e+00
1.011807865065336154e+00
9.917818094270577367e-01
9.837918898341491136e-01
9.940793495402779900e-01
9.927050515324775670e-01
1.027693343575822649e+00
9.737580307377612376e-01
9.713031497402538905e-01
9.867471373999466833e-01
1.034199926924173285e+00
1.038019555989012854e+00
9.949675978985744740e-01
9.764456907275269604e-01
1.023424283607897944e+00
9.820301673252304075e-01
9.884832960754722508e-01
9.971376895983004029e-01
1.023544458314039618e+00
9.957371261772901549e-01
1.013735745791527476e+00
1.003864502377566748e+00
9.585849070039774711e-01
1.012752795203933021e+00
9.930970733680876128e-01
9.861683717802758320e-01
1.010126033906999288e+00
1.016973687998472098e+00
9.924663101751499683e-01
9.915643755655295655e-01
1.027716637441156378e+00
1.013868859218493013e+00
1.009022162902754927e+00
9.863415705061837624e-01
9.765182645748613499e-01
1.005680473814049236e+00
9.867827733181445682e-01
9.742451637693818611e-01
1.004496441811173923e+00
9.983783101671468430e-01
1.003935221944494804e+00
1.024385561801642419e+00
9.847107633408306304e-01
9.997613383564908363e-01
9.905596503982767587e-01
1.019125287070947294e+00
1.010183719789160994e+00
9.721514510223074890e-01
9.977039491677847094e-01
9.949236343070678723e-01
9.810252461901498577e-01
9.810946363512992319e-01
9.983359753485560040e-01
1.009036805849607532e+00
9.889694777579646212e-01
1.001552441230401547e+00
9.997903064633233416e-01
1.019240138828295006e+00
9.976354062641574760e-01
9.947319792124402760e-01
1.023552272225587423e+00
1.021922292808340904e+00
9.960677274442367723e-01
1.000391380647967177e+00
1.007128806225290774e+00
9.971122802563412435e-01
9.974185321535383730e-01
1.002841989027616565e+00
1.038215391283726863e+00
9.904438502213512852e-01
1.010220951605546924e+00
9.768431703420461520e-01
1.039485545488786800e+00
1.017342868064305073e+00
9.623366841650231596e-01
1.004923213984604713e+00
9.611750304159861757e-01
9.887377937847446896e-01
1.007128787517975299e+00
9.509107253747148825e-01
1.008353932422382027e+00
9.956512858801984667e-01
9.820445264581220135e-01
1.021990622115073188e+00
1.042539948850314868e+00
1.035991977511420581e+00
1.016987616045166520e+00
9.764685043607261861e-01
9.816865704685716620e-01
9.923770064748591579e-01
9.567463101297393191e-01
9.961639380760303197e-01
1.031881127726911318e+00
9.989307426525217970e-01
9.986501695313968474e-01
9.510887171887220104e-01
1.021508899981559360e+00
1.009586868631775047e+00
9.759236686881228584e-01
1.014985718513917279e+00
9.815064980607128842e-01
1.027634348172471457e+00
9.833533922761288348e-01
9.747406051187634812e-01
9.415885339776043361e-01
1.004923698584492264e+00
1.025893482990378303e+00
9.708336589491066704e-01
9.969517621835660703e-01
9.972538010213264359e-01
1.018377499076899895e+00
9.900827067498433331e-01
1.017369793696462299e+00
1.026826240640558163e+00
9.995459384280086512e-01
9.819210855325216647e-01
1.040362634996724545e+00
9.782874753573166382e-01
9.689437149217858813e-01
1.010805493491205853e+00
9.942561133364380410e-01
1.005230108096955233e+00
9.983886183870948061e-01
9.950570536078819917e-01
1.006041220982585083e+00
9.741383258102114251e-01
1.002040111575202674e+00
1.016954802453027273e+00
9.870761738646005590e-01
1.024759348274997262e+00
1.034352999908592974e+00
1.009911607913195786e+00
9.919162690397949067e-01
1.023927273153007134e+00
9.700941737218318206e-01
9.707298173236383887e-01
1.021207407144234081e+00
9.822563814558465944e-01
9.819281846899887700e-01
1.002783798056547493e+00
1.004042131098735746e+00
9.913560777331277274e-01
1.014614563183439788e+00
9.911362508210815880e-01
1.015182087295010582e+00
1.008314073871727556e+00
1.031424471174835045e+00
1.013328864282097452e+00
1.029127317023647237e+00
9.918712873370651995e-01
1.010801990352576896e+00
1.015949219424487016e+00
1.007696359730988478e+00
1.046540166462084587e+00
9.961395552000266163e-01
9.875959833914010888e-01
9.951252795266622986e-01
9.655689721865740038e-01
9.966376596844592761e-01
9.933694182935420836e-01
1.032273119662661776e+00
9.918414312612721107e-01
9.970218998638067376e-01
1.010174870689568349e+00
1.010682154772038377e+00
9.936406346353742203e-01
9.977645733977832387e-01
9.961438648336002899e-01
1.002287232426165575e+00
9.942388299671900409e-01
1.015652091147789093e+00
9.641569450458881141e-01
9.754902308809032530e-01
9.777123820734442416e-01
9.779199606726739491e-01
9.946658827593087837e-01
9.936904163237523235e-01
9.939803208262413259e-01
9.866113501482822734e-01
1.013879699574769644e+00
9.919978782584016885e-01
9.689505562974913833e-01
9.758623126520141744e-01
1.008781976585541473e+00
9.863865252273951167e-01
9.471702865131303994e-01
1.001844131773355295e+00
1.022313061122205546e+00
1.014093249314781842e+00
9.743875488465510992e-01
1.030371607479331431e+00
9.899992850910153130e-01
1.023241110118627395e+00
1.003254245452936066e+00
9.778062299502611188e-01
1.008500167816754667e+00
9.962106040728813117e-01
9.882653296741397142e-01
9.818149248604781665e-01
9.883691563528089752e-01
1.010869366194185215e+00
1.002997520289281796e+00
9.769740364087935447e-01
9.855466402000301329e-01
9.967452547508761640e-01
1.001452138043694484e+00
9.946970371660726062e-01
9.757637165276699109e-01
1.022457600808229783e+00
9.732620847767438077e-01
9.930287297568706206e-01
9.984569182132521092e-01
1.002954395709038549e+00
9.483620503294294402e-01
9.840760954302530950e-01
9.944304276509476903e-01
9.897759859045016650e-01
1.029699458801950129e+00
9.910511013003089342e-01
9.601108881368252135e-01
9.737266252095239105e-01
9.878109275688496949e-01
9.992340134328772105e-01
1.011837819510714720e+00
9.961935586501875495e-01
9.776855014887122497e-01
9.963513186877669403e-01
1.005644055434524953e+00
1.030032309423110304e+00
1.035390231213550560e+00
1.002368446638573607e+00
1.009696428914683253e+00
9.966155731322654532e-01
9.954033437596014888e-01
9.556914859880950575e-01
1.009206724813779932e+00
9.765480904952595909e-01
1.002146591275755450e+00
1.044451495622784609e+00
9.926843152046090912e-01
9.733339584299443015e-01
1.025027629742642832e+00
1.003988152976723391e+00
1.021728573931948825e+00
1.033262369650004509e+00
1.015127202463519618e+00
1.013612891119646919e+00
1.006886118922322826e+00
1.004010447129436212e+00
1.023337321928433852e+00
1.010153464473501073e+00
1.004189411534428533e+00
9.926575607059262563e-01
1.001458205581899019e+00
9.989692885039143100e-01
1.018285241223708226e+00
9.934670089551427274e-01
1.004437935838046858e+00
1.002919379322467108e+00
9.665038686033584625e-01
1.016172604103682486e+00
1.024719955695611695e+00
9.685344572823763043e-01
1.010102494481009749e+00
9.793720426115339883e-01
1.008812915989664383e+00
1.036486291980100116e+00
9.833191670614788160e-01
1.040094963129233996e+00
9.845518370927690555e-01
1.008960503654086072e+00
9.858190507929047719e-01
9.957220310223715565e-01
1.014682622715090465e+00
9.716613270550309434e-01
9.875015333660772665e-01
9.936622780002676292e-01
9.935246088758292737e-01
1.007572698293043301e+00
1.035649966681446266e+00
1.013752050103081448e+00
1.003070382907353952e+00
9.953486516449476795e-01
9.722396792962405554e-01
1.034624982657303294e+00
9.777399798319738045e-01
1.011826003082771264e+00
1.011826292050240328e+00
1.001738968087049431e+00
9.967534529712100966e-01
9.774414941447154836e-01
9.876236936090074803e-01
9.981141258576801123e-01
1.006926589823019746e+00
1.015144593590894928e+00
1.023991214164504449e+00
1.024141718122169920e+00
1.004157922170229034e+00
1.009559572897243518e+00
1.029318198744143764e+00
9.993699151068371478e-01
9.821589779796622288e-01
9.930807205548989325e-01
1.043629643700236587e+00
9.940342854898353009e-01
1.004562165063324519e+00
1.030608643151124992e+00
1.002210835495232377e+00
1.032744748662624446e+00
9.928440930935531483e-01
1.016712662601830575e+00
1.015816174050684140e+00
1.017074723724710861e+00
9.836642843848136808e-01
9.910889110992776585e-01
1.033891106506859670e+00
1.015086530850045188e+00
9.999992809370515934e-01
1.081636139531213070e+00
1.014664796819405579e+00
9.995137012677690613e-01
1.034052113679741591e+00
9.530524693169186712e-01
9.811322128974543366e-01
1.003113251556342789e+00
9.799219946538838544e-01
1.003671623220032227e+00
1.022670382401521305e+00
9.831663496896785315e-01
9.907140954810589317e-01
9.935296640168420623e-01
1.003988289309926785e+00
1.004638905373747892e+00
9.958040111733930111e-01
9.888625363381272626e-01
9.758886926964781550e-01
9.993171607570534576e-01
1.017138600956779104e+00
1.032715685260757743e+00
9.935738401636226014e-01
1.013279217248492570e+00
1.010659319264813893e+00
9.975083422939954314e-01
1.030993101022727121e+00
9.878392071680578423e-01
1.012130664467704833e+00
9.790707064830229678e-01
9.859983577183453196e-01
1.014027133504467937e+00
1.041675432133855050e+00
1.034672579216120880e+00
9.703323391053301217e-01
9.975848802811579930e-01
1.014765257405469079e+00
9.921412286347147669e-01
1.001444247905840301e+00
9.942406174119512441e-01
1.002255198643919432e+00
1.013553414423247867e+00
1.012494760451956299e+00
9.975271111865126050e-01
9.887824144079204736e-01
1.016243634785067629e+00
1.026921954666994763e+00
9.892881765071123157e-01
1.026003263923368936e+00
9.911756375535087926e-01
9.815931474854674432e-01
1.006278657297770440e+00
1.019129730241607801e+00
9.865227649047332292e-01
1.021078503038445939e+00
1.050903089075000407e+00
1.008519244132619619e+00
9.778325719311048436e-01
9.909046814731150565e-01
9.928672475243849327e-01
9.616342824566236347e-01
1.005560822929553400e+00
9.692350882490522457e-01
9.882071092727031658e-01
9.854223756486865105e-01
1.028690925689994984e+00
9.857400509222641327e-01
9.812415347186085324e-01
1.002286384069980940e+00
1.002439858591147370e+00
9.896458805751078280e-01
9.693037556455615933e-01
1.000192705202392451e+00
1.003125003830609430e+00
1.022245424649802059e+00
1.018011722417220044e+00
1.008459609110826882e+00
9.468557054128408090e-01
1.012761163049683111e+00
1.012405635647189550e+00
1.001363003349212022e+00
9.704568555906651905e-01
1.011185241135305724e+00
1.004234700694275340e+00
9.907409091040013660e-01
9.880883569754926876e-01
1.011092484456486584e+00
1.002033078253891540e+00
9.994315291034978621e-01
9.882736342235274307e-01
9.901010680285894372e-01
1.015205136835853006e+00
9.868272888724963776e-01
1.022040066139056957e+00
1.018091116707588117e+00
1.028107264555772726e+00
9.798240269965216021e-01
1.028968541040613083e+00
1.040363425463177061e+00
1.001517495490407805e+00
1.037669712571010594e+00
9.951313609339379473e-01
1.000278395792640662e+00
9.970923023756746995e-01
9.613927459471852677e-01
1.029454087420315744e+00
1.031355480856895657e+00
1.008565706710335075e+00
